Runnumber 352417
BeginTimeOfFit 2022.05.27 08:50:42 GMT 1653641442
EndTimeOfFit 2022.05.27 08:51:05 GMT 1653641465
LumiRange 139 - 139
Type 2
X0 0.168655
Y0 -0.181839
Z0 -0.207853
sigmaZ0 6.73298
dxdz 0.00021564
dydz 0.000222273
BeamWidthX 0.0140496
BeamWidthY 0.0148706
dxdy 0.0290741
Cov(0,j) 7.68675e-08 3.56001e-10 0 0 0 0 0 0 0 
Cov(1,j) 3.56001e-10 7.22999e-08 0 0 0 0 0 0 0 
Cov(2,j) 0 0 0.285084 0 0 0 0 0 0 
Cov(3,j) 0 0 0 0.142514 0 0 0 0 0 
Cov(4,j) 0 0 0 0 1.64767e-09 3.68641e-12 0 0 0 
Cov(5,j) 0 0 0 0 3.68641e-12 1.55612e-09 0 0 0 
Cov(6,j) 0 0 0 0 0 0 6.66132e-07 0 0 
Cov(7,j) 0 0 0 0 0 0 0 7.35908e-07 0 
Cov(8,j) 0 0 0 0 0 0 0 0 0.006679 
EmittanceX 0
EmittanceY 0
BetaStar 0
