Runnumber 353087
BeginTimeOfFit 2022.06.05 16:06:12 GMT 1654445172
EndTimeOfFit 2022.06.05 16:06:36 GMT 1654445196
LumiRange 199 - 199
Type 2
X0 0.17176
Y0 -0.179542
Z0 0.144544
sigmaZ0 6.96493
dxdz 0.00011781
dydz 0.000213358
BeamWidthX 0.0133075
BeamWidthY 0.0138123
dxdy 0.0830369
Cov(0,j) 3.80707e-08 1.18203e-10 0 0 0 0 0 0 0 
Cov(1,j) 1.18203e-10 3.72633e-08 0 0 0 0 0 0 0 
Cov(2,j) 0 0 0.173861 0 0 0 0 0 0 
Cov(3,j) 0 0 0 0.0869205 0 0 0 0 0 
Cov(4,j) 0 0 0 0 7.10459e-10 5.98825e-12 0 0 0 
Cov(5,j) 0 0 0 0 5.98825e-12 7.00881e-10 0 0 0 
Cov(6,j) 0 0 0 0 0 0 3.43107e-07 0 0 
Cov(7,j) 0 0 0 0 0 0 0 3.69054e-07 0 
Cov(8,j) 0 0 0 0 0 0 0 0 0.0038086 
EmittanceX 0
EmittanceY 0
BetaStar 0
