Runnumber 352505
BeginTimeOfFit 2022.05.28 09:31:03 GMT 1653730263
EndTimeOfFit 2022.05.28 09:31:26 GMT 1653730286
LumiRange 28 - 28
Type 2
X0 0.170486
Y0 -0.181964
Z0 0.501258
sigmaZ0 6.56192
dxdz 0.000118564
dydz 0.000254551
BeamWidthX 0.0167191
BeamWidthY 0.0154142
dxdy 0.0157852
Cov(0,j) 6.16552e-08 3.30891e-10 0 0 0 0 0 0 0 
Cov(1,j) 3.30891e-10 6.05201e-08 0 0 0 0 0 0 0 
Cov(2,j) 0 0 0.196602 0 0 0 0 0 0 
Cov(3,j) 0 0 0 0.0982864 0 0 0 0 0 
Cov(4,j) 0 0 0 0 1.0924e-09 -2.72924e-12 0 0 0 
Cov(5,j) 0 0 0 0 -2.72924e-12 1.11063e-09 0 0 0 
Cov(6,j) 0 0 0 0 0 0 6.71383e-07 0 0 
Cov(7,j) 0 0 0 0 0 0 0 5.78409e-07 0 
Cov(8,j) 0 0 0 0 0 0 0 0 0.00483259 
EmittanceX 0
EmittanceY 0
BetaStar 0
