Runnumber 353060
BeginTimeOfFit 2022.06.05 12:41:25 GMT 1654432885
EndTimeOfFit 2022.06.05 12:41:49 GMT 1654432909
LumiRange 1240 - 1240
Type 2
X0 0.164462
Y0 -0.180446
Z0 -0.940544
sigmaZ0 6.04383
dxdz 0.000153681
dydz 0.000240099
BeamWidthX 0.0192596
BeamWidthY 0.0171913
dxdy 0.0956946
Cov(0,j) 2.1206e-07 2.33609e-09 0 0 0 0 0 0 0 
Cov(1,j) 2.33609e-09 2.05971e-07 0 0 0 0 0 0 0 
Cov(2,j) 0 0 0.561851 0 0 0 0 0 0 
Cov(3,j) 0 0 0 0.280802 0 0 0 0 0 
Cov(4,j) 0 0 0 0 3.72465e-09 -2.40221e-11 0 0 0 
Cov(5,j) 0 0 0 0 -2.40221e-11 3.89646e-09 0 0 0 
Cov(6,j) 0 0 0 0 0 0 2.96714e-06 0 0 
Cov(7,j) 0 0 0 0 0 0 0 2.39552e-06 0 
Cov(8,j) 0 0 0 0 0 0 0 0 0.015726 
EmittanceX 0
EmittanceY 0
BetaStar 0
