Runnumber 353689
BeginTimeOfFit 2022.06.13 09:05:01 GMT 1655111101
EndTimeOfFit 2022.06.13 09:05:24 GMT 1655111124
LumiRange 176 - 176
Type 2
X0 0.171601
Y0 -0.180991
Z0 0.859882
sigmaZ0 6.4748
dxdz 0.000152561
dydz 0.000138406
BeamWidthX 0.0150937
BeamWidthY 0.0151726
dxdy -0.0200919
Cov(0,j) 6.37081e-08 -6.42421e-10 0 0 0 0 0 0 0 
Cov(1,j) -6.42421e-10 6.42014e-08 0 0 0 0 0 0 0 
Cov(2,j) 0 0 0.217201 0 0 0 0 0 0 
Cov(3,j) 0 0 0 0.108577 0 0 0 0 0 
Cov(4,j) 0 0 0 0 1.4577e-09 3.31369e-12 0 0 0 
Cov(5,j) 0 0 0 0 3.31369e-12 1.44014e-09 0 0 0 
Cov(6,j) 0 0 0 0 0 0 6.27854e-07 0 0 
Cov(7,j) 0 0 0 0 0 0 0 6.34693e-07 0 
Cov(8,j) 0 0 0 0 0 0 0 0 0.00548739 
EmittanceX 0
EmittanceY 0
BetaStar 0
