Runnumber 352568
BeginTimeOfFit 2022.05.29 11:19:58 GMT 1653823198
EndTimeOfFit 2022.05.29 11:20:21 GMT 1653823221
LumiRange 594 - 594
Type 2
X0 0.176566
Y0 -0.181023
Z0 0.947553
sigmaZ0 6.47906
dxdz 0.000280685
dydz 0.000227452
BeamWidthX 0.0151914
BeamWidthY 0.0147538
dxdy -0.0232795
Cov(0,j) 7.86016e-08 -2.26441e-10 0 0 0 0 0 0 0 
Cov(1,j) -2.26441e-10 7.80588e-08 0 0 0 0 0 0 0 
Cov(2,j) 0 0 0.265659 0 0 0 0 0 0 
Cov(3,j) 0 0 0 0.132806 0 0 0 0 0 
Cov(4,j) 0 0 0 0 1.74631e-09 -1.33664e-11 0 0 0 
Cov(5,j) 0 0 0 0 -1.33664e-11 1.72701e-09 0 0 0 
Cov(6,j) 0 0 0 0 0 0 7.71704e-07 0 0 
Cov(7,j) 0 0 0 0 0 0 0 7.29727e-07 0 
Cov(8,j) 0 0 0 0 0 0 0 0 0.00667386 
EmittanceX 0
EmittanceY 0
BetaStar 0
