Runnumber 352568
BeginTimeOfFit 2022.05.29 10:58:13 GMT 1653821893
EndTimeOfFit 2022.05.29 10:58:36 GMT 1653821916
LumiRange 538 - 538
Type 2
X0 0.175943
Y0 -0.181657
Z0 -0.0273758
sigmaZ0 5.9243
dxdz 0.00015926
dydz 0.000141579
BeamWidthX 0.0133476
BeamWidthY 0.0151225
dxdy -0.0898038
Cov(0,j) 7.3001e-08 4.98269e-10 0 0 0 0 0 0 0 
Cov(1,j) 4.98269e-10 7.07288e-08 0 0 0 0 0 0 0 
Cov(2,j) 0 0 0.207661 0 0 0 0 0 0 
Cov(3,j) 0 0 0 0.103813 0 0 0 0 0 
Cov(4,j) 0 0 0 0 1.66973e-09 4.91933e-12 0 0 0 
Cov(5,j) 0 0 0 0 4.91933e-12 1.64441e-09 0 0 0 
Cov(6,j) 0 0 0 0 0 0 5.69958e-07 0 0 
Cov(7,j) 0 0 0 0 0 0 0 7.20181e-07 0 
Cov(8,j) 0 0 0 0 0 0 0 0 0.00623542 
EmittanceX 0
EmittanceY 0
BetaStar 0
