Runnumber 352509
BeginTimeOfFit 2022.05.28 12:13:21 GMT 1653740001
EndTimeOfFit 2022.05.28 12:13:44 GMT 1653740024
LumiRange 249 - 249
Type 2
X0 0.170335
Y0 -0.181603
Z0 -0.198837
sigmaZ0 7.6504
dxdz 0.000111696
dydz 0.000207638
BeamWidthX 0.017435
BeamWidthY 0.0161457
dxdy 0.0250536
Cov(0,j) 9.53336e-08 -1.02642e-09 0 0 0 0 0 0 0 
Cov(1,j) -1.02642e-09 9.07774e-08 0 0 0 0 0 0 0 
Cov(2,j) 0 0 0.382486 0 0 0 0 0 0 
Cov(3,j) 0 0 0 0.191199 0 0 0 0 0 
Cov(4,j) 0 0 0 0 1.59336e-09 -1.31414e-11 0 0 0 
Cov(5,j) 0 0 0 0 -1.31414e-11 1.56591e-09 0 0 0 
Cov(6,j) 0 0 0 0 0 0 1.04851e-06 0 0 
Cov(7,j) 0 0 0 0 0 0 0 9.01608e-07 0 
Cov(8,j) 0 0 0 0 0 0 0 0 0.00686025 
EmittanceX 0
EmittanceY 0
BetaStar 0
