Runnumber 352931
BeginTimeOfFit 2022.06.03 12:43:23 GMT 1654260203
EndTimeOfFit 2022.06.03 12:43:46 GMT 1654260226
LumiRange 194 - 194
Type 2
X0 0.16909
Y0 -0.180713
Z0 -0.645193
sigmaZ0 7.86109
dxdz 0.000190206
dydz 0.000188389
BeamWidthX 0.0176034
BeamWidthY 0.0160228
dxdy 0.0823756
Cov(0,j) 1.33521e-07 -1.52119e-09 0 0 0 0 0 0 0 
Cov(1,j) -1.52119e-09 1.36861e-07 0 0 0 0 0 0 0 
Cov(2,j) 0 0 0.486502 0 0 0 0 0 0 
Cov(3,j) 0 0 0 0.243181 0 0 0 0 0 
Cov(4,j) 0 0 0 0 2.22364e-09 -6.43156e-11 0 0 0 
Cov(5,j) 0 0 0 0 -6.43156e-11 2.3081e-09 0 0 0 
Cov(6,j) 0 0 0 0 0 0 1.27967e-06 0 0 
Cov(7,j) 0 0 0 0 0 0 0 1.06661e-06 0 
Cov(8,j) 0 0 0 0 0 0 0 0 0.00813114 
EmittanceX 0
EmittanceY 0
BetaStar 0
