Runnumber 352509
BeginTimeOfFit 2022.05.28 12:17:37 GMT 1653740257
EndTimeOfFit 2022.05.28 12:18:00 GMT 1653740280
LumiRange 260 - 260
Type 2
X0 0.171133
Y0 -0.181445
Z0 1.10369
sigmaZ0 7.19514
dxdz 0.000170884
dydz 0.000232956
BeamWidthX 0.0160282
BeamWidthY 0.0164609
dxdy 0.0295039
Cov(0,j) 8.66684e-08 1.16072e-09 0 0 0 0 0 0 0 
Cov(1,j) 1.16072e-09 8.7783e-08 0 0 0 0 0 0 0 
Cov(2,j) 0 0 0.295797 0 0 0 0 0 0 
Cov(3,j) 0 0 0 0.14787 0 0 0 0 0 
Cov(4,j) 0 0 0 0 1.54536e-09 1.84867e-11 0 0 0 
Cov(5,j) 0 0 0 0 1.84867e-11 1.54476e-09 0 0 0 
Cov(6,j) 0 0 0 0 0 0 7.89862e-07 0 0 
Cov(7,j) 0 0 0 0 0 0 0 8.15582e-07 0 
Cov(8,j) 0 0 0 0 0 0 0 0 0.00604714 
EmittanceX 0
EmittanceY 0
BetaStar 0
