Runnumber 352417
BeginTimeOfFit 2022.05.27 08:02:55 GMT 1653638575
EndTimeOfFit 2022.05.27 08:03:18 GMT 1653638598
LumiRange 16 - 16
Type 2
X0 0.169599
Y0 -0.182409
Z0 0.476333
sigmaZ0 6.49997
dxdz 0.000114289
dydz 0.000201694
BeamWidthX 0.0138817
BeamWidthY 0.0135278
dxdy 0.0633916
Cov(0,j) 6.38766e-08 -5.08035e-11 0 0 0 0 0 0 0 
Cov(1,j) -5.08035e-11 6.10471e-08 0 0 0 0 0 0 0 
Cov(2,j) 0 0 0.245616 0 0 0 0 0 0 
Cov(3,j) 0 0 0 0.122786 0 0 0 0 0 
Cov(4,j) 0 0 0 0 1.47116e-09 -1.49332e-11 0 0 0 
Cov(5,j) 0 0 0 0 -1.49332e-11 1.45763e-09 0 0 0 
Cov(6,j) 0 0 0 0 0 0 6.11706e-07 0 0 
Cov(7,j) 0 0 0 0 0 0 0 5.72259e-07 0 
Cov(8,j) 0 0 0 0 0 0 0 0 0.00621071 
EmittanceX 0
EmittanceY 0
BetaStar 0
