Runnumber 352568
BeginTimeOfFit 2022.05.29 08:30:58 GMT 1653813058
EndTimeOfFit 2022.05.29 08:31:21 GMT 1653813081
LumiRange 159 - 159
Type 2
X0 0.176778
Y0 -0.181101
Z0 -0.259564
sigmaZ0 6.798
dxdz 0.000108745
dydz 0.000192614
BeamWidthX 0.0145399
BeamWidthY 0.0161087
dxdy 0.128783
Cov(0,j) 6.44407e-08 -1.55987e-10 0 0 0 0 0 0 0 
Cov(1,j) -1.55987e-10 6.34843e-08 0 0 0 0 0 0 0 
Cov(2,j) 0 0 0.233378 0 0 0 0 0 0 
Cov(3,j) 0 0 0 0.11667 0 0 0 0 0 
Cov(4,j) 0 0 0 0 1.25229e-09 1.76872e-12 0 0 0 
Cov(5,j) 0 0 0 0 1.76872e-12 1.21138e-09 0 0 0 
Cov(6,j) 0 0 0 0 0 0 5.6718e-07 0 0 
Cov(7,j) 0 0 0 0 0 0 0 6.91464e-07 0 
Cov(8,j) 0 0 0 0 0 0 0 0 0.00518644 
EmittanceX 0
EmittanceY 0
BetaStar 0
