Runnumber 353689
BeginTimeOfFit 2022.06.13 08:11:00 GMT 1655107860
EndTimeOfFit 2022.06.13 08:11:24 GMT 1655107884
LumiRange 37 - 37
Type 2
X0 0.172265
Y0 -0.18118
Z0 1.00626
sigmaZ0 5.48379
dxdz 0.000260729
dydz 0.000274056
BeamWidthX 0.0147739
BeamWidthY 0.014731
dxdy -0.0114518
Cov(0,j) 3.52717e-08 4.79949e-10 0 0 0 0 0 0 0 
Cov(1,j) 4.79949e-10 3.58006e-08 0 0 0 0 0 0 0 
Cov(2,j) 0 0 0.0881847 0 0 0 0 0 0 
Cov(3,j) 0 0 0 0.0440889 0 0 0 0 0 
Cov(4,j) 0 0 0 0 9.9322e-10 1.29384e-11 0 0 0 
Cov(5,j) 0 0 0 0 1.29384e-11 1.02241e-09 0 0 0 
Cov(6,j) 0 0 0 0 0 0 3.41885e-07 0 0 
Cov(7,j) 0 0 0 0 0 0 0 3.38358e-07 0 
Cov(8,j) 0 0 0 0 0 0 0 0 0.00312812 
EmittanceX 0
EmittanceY 0
BetaStar 0
