Runnumber 352567
BeginTimeOfFit 2022.05.29 06:49:09 GMT 1653806949
EndTimeOfFit 2022.05.29 06:49:33 GMT 1653806973
LumiRange 25 - 25
Type 2
X0 0.177016
Y0 -0.182019
Z0 -0.573532
sigmaZ0 6.59621
dxdz 0.000281105
dydz 0.000184575
BeamWidthX 0.0138028
BeamWidthY 0.0134114
dxdy 0.00688504
Cov(0,j) 3.58812e-08 3.72085e-10 0 0 0 0 0 0 0 
Cov(1,j) 3.72085e-10 3.56701e-08 0 0 0 0 0 0 0 
Cov(2,j) 0 0 0.139448 0 0 0 0 0 0 
Cov(3,j) 0 0 0 0.0697174 0 0 0 0 0 
Cov(4,j) 0 0 0 0 8.04722e-10 3.03969e-12 0 0 0 
Cov(5,j) 0 0 0 0 3.03969e-12 7.82458e-10 0 0 0 
Cov(6,j) 0 0 0 0 0 0 3.28467e-07 0 0 
Cov(7,j) 0 0 0 0 0 0 0 3.10166e-07 0 
Cov(8,j) 0 0 0 0 0 0 0 0 0.00343666 
EmittanceX 0
EmittanceY 0
BetaStar 0
