Runnumber 352931
BeginTimeOfFit 2022.06.03 12:34:27 GMT 1654259667
EndTimeOfFit 2022.06.03 12:34:50 GMT 1654259690
LumiRange 171 - 171
Type 2
X0 0.169563
Y0 -0.181464
Z0 -0.897349
sigmaZ0 6.81136
dxdz 0.000192204
dydz 0.000187712
BeamWidthX 0.0145665
BeamWidthY 0.0164441
dxdy -0.032742
Cov(0,j) 9.44144e-08 -1.7508e-09 0 0 0 0 0 0 0 
Cov(1,j) -1.7508e-09 9.44841e-08 0 0 0 0 0 0 0 
Cov(2,j) 0 0 0.322147 0 0 0 0 0 0 
Cov(3,j) 0 0 0 0.161039 0 0 0 0 0 
Cov(4,j) 0 0 0 0 1.66156e-09 -5.15678e-11 0 0 0 
Cov(5,j) 0 0 0 0 -5.15678e-11 1.64795e-09 0 0 0 
Cov(6,j) 0 0 0 0 0 0 7.83621e-07 0 0 
Cov(7,j) 0 0 0 0 0 0 0 9.88057e-07 0 
Cov(8,j) 0 0 0 0 0 0 0 0 0.00734711 
EmittanceX 0
EmittanceY 0
BetaStar 0
