Runnumber 353709
BeginTimeOfFit 2022.06.13 12:20:27 GMT 1655122827
EndTimeOfFit 2022.06.13 12:20:51 GMT 1655122851
LumiRange 114 - 114
Type 2
X0 0.173789
Y0 -0.180348
Z0 1.03087
sigmaZ0 7.81423
dxdz 0.000141762
dydz 0.000217825
BeamWidthX 0.017221
BeamWidthY 0.0166292
dxdy 0.00723031
Cov(0,j) 9.20723e-08 -1.76038e-09 0 0 0 0 0 0 0 
Cov(1,j) -1.76038e-09 9.16301e-08 0 0 0 0 0 0 0 
Cov(2,j) 0 0 0.330026 0 0 0 0 0 0 
Cov(3,j) 0 0 0 0.164982 0 0 0 0 0 
Cov(4,j) 0 0 0 0 1.62429e-09 -4.62268e-11 0 0 0 
Cov(5,j) 0 0 0 0 -4.62268e-11 1.57792e-09 0 0 0 
Cov(6,j) 0 0 0 0 0 0 8.38821e-07 0 0 
Cov(7,j) 0 0 0 0 0 0 0 7.88527e-07 0 
Cov(8,j) 0 0 0 0 0 0 0 0 0.00567389 
EmittanceX 0
EmittanceY 0
BetaStar 0
