Runnumber 353060
BeginTimeOfFit 2022.06.05 11:22:10 GMT 1654428130
EndTimeOfFit 2022.06.05 11:22:33 GMT 1654428153
LumiRange 1036 - 1036
Type 2
X0 0.167643
Y0 -0.180165
Z0 0.731714
sigmaZ0 7.90244
dxdz 0.000111231
dydz 0.000315772
BeamWidthX 0.0187111
BeamWidthY 0.0171169
dxdy 0.109067
Cov(0,j) 1.63026e-07 -7.4932e-10 0 0 0 0 0 0 0 
Cov(1,j) -7.4932e-10 1.5561e-07 0 0 0 0 0 0 0 
Cov(2,j) 0 0 0.600334 0 0 0 0 0 0 
Cov(3,j) 0 0 0 0.300064 0 0 0 0 0 
Cov(4,j) 0 0 0 0 2.91974e-09 -6.57006e-11 0 0 0 
Cov(5,j) 0 0 0 0 -6.57006e-11 2.85467e-09 0 0 0 
Cov(6,j) 0 0 0 0 0 0 1.75474e-06 0 0 
Cov(7,j) 0 0 0 0 0 0 0 1.47851e-06 0 
Cov(8,j) 0 0 0 0 0 0 0 0 0.00980614 
EmittanceX 0
EmittanceY 0
BetaStar 0
