Runnumber 353018
BeginTimeOfFit 2022.06.04 06:46:42 GMT 1654325202
EndTimeOfFit 2022.06.04 06:47:06 GMT 1654325226
LumiRange 59 - 59
Type 2
X0 0.175832
Y0 -0.180613
Z0 0.385772
sigmaZ0 6.22759
dxdz 0.000189198
dydz 0.000209452
BeamWidthX 0.0144768
BeamWidthY 0.0158536
dxdy 0.0358854
Cov(0,j) 3.5592e-08 1.49816e-10 0 0 0 0 0 0 0 
Cov(1,j) 1.49816e-10 3.52331e-08 0 0 0 0 0 0 0 
Cov(2,j) 0 0 0.108936 0 0 0 0 0 0 
Cov(3,j) 0 0 0 0.0544644 0 0 0 0 0 
Cov(4,j) 0 0 0 0 8.7553e-10 -4.17167e-12 0 0 0 
Cov(5,j) 0 0 0 0 -4.17167e-12 8.6669e-10 0 0 0 
Cov(6,j) 0 0 0 0 0 0 3.1531e-07 0 0 
Cov(7,j) 0 0 0 0 0 0 0 3.73355e-07 0 
Cov(8,j) 0 0 0 0 0 0 0 0 0.00297882 
EmittanceX 0
EmittanceY 0
BetaStar 0
