Runnumber 352567
BeginTimeOfFit 2022.05.29 07:28:00 GMT 1653809280
EndTimeOfFit 2022.05.29 07:28:22 GMT 1653809302
LumiRange 125 - 125
Type 2
X0 0.176622
Y0 -0.181857
Z0 -0.464958
sigmaZ0 6.62811
dxdz 0.000196075
dydz 0.000265123
BeamWidthX 0.0130658
BeamWidthY 0.0135264
dxdy 0.0772191
Cov(0,j) 4.33721e-08 6.23045e-10 0 0 0 0 0 0 0 
Cov(1,j) 6.23045e-10 4.33415e-08 0 0 0 0 0 0 0 
Cov(2,j) 0 0 0.167669 0 0 0 0 0 0 
Cov(3,j) 0 0 0 0.0838252 0 0 0 0 0 
Cov(4,j) 0 0 0 0 8.90818e-10 1.51506e-11 0 0 0 
Cov(5,j) 0 0 0 0 1.51506e-11 8.80021e-10 0 0 0 
Cov(6,j) 0 0 0 0 0 0 3.53832e-07 0 0 
Cov(7,j) 0 0 0 0 0 0 0 3.75922e-07 0 
Cov(8,j) 0 0 0 0 0 0 0 0 0.00407339 
EmittanceX 0
EmittanceY 0
BetaStar 0
