Runnumber 353689
BeginTimeOfFit 2022.06.13 08:04:24 GMT 1655107464
EndTimeOfFit 2022.06.13 08:04:47 GMT 1655107487
LumiRange 20 - 20
Type 2
X0 0.172685
Y0 -0.181829
Z0 0.866503
sigmaZ0 5.70552
dxdz 0.000159101
dydz 0.000228192
BeamWidthX 0.0143497
BeamWidthY 0.0141428
dxdy 0.0161052
Cov(0,j) 3.29409e-08 -1.83837e-10 0 0 0 0 0 0 0 
Cov(1,j) -1.83837e-10 3.23511e-08 0 0 0 0 0 0 0 
Cov(2,j) 0 0 0.0909271 0 0 0 0 0 0 
Cov(3,j) 0 0 0 0.0454606 0 0 0 0 0 
Cov(4,j) 0 0 0 0 9.72958e-10 -7.71272e-12 0 0 0 
Cov(5,j) 0 0 0 0 -7.71272e-12 9.41303e-10 0 0 0 
Cov(6,j) 0 0 0 0 0 0 3.07711e-07 0 0 
Cov(7,j) 0 0 0 0 0 0 0 2.999e-07 0 
Cov(8,j) 0 0 0 0 0 0 0 0 0.00300151 
EmittanceX 0
EmittanceY 0
BetaStar 0
