Runnumber 353060
BeginTimeOfFit 2022.06.05 07:28:17 GMT 1654414097
EndTimeOfFit 2022.06.05 07:28:40 GMT 1654414120
LumiRange 434 - 434
Type 2
X0 0.163354
Y0 -0.179558
Z0 0.400252
sigmaZ0 7.37278
dxdz 0.000101201
dydz 0.000209427
BeamWidthX 0.0143315
BeamWidthY 0.0142598
dxdy 0.0675513
Cov(0,j) 5.23199e-08 6.29382e-11 0 0 0 0 0 0 0 
Cov(1,j) 6.29382e-11 5.23239e-08 0 0 0 0 0 0 0 
Cov(2,j) 0 0 0.256381 0 0 0 0 0 0 
Cov(3,j) 0 0 0 0.12817 0 0 0 0 0 
Cov(4,j) 0 0 0 0 9.14249e-10 -8.19623e-12 0 0 0 
Cov(5,j) 0 0 0 0 -8.19623e-12 9.03378e-10 0 0 0 
Cov(6,j) 0 0 0 0 0 0 5.17635e-07 0 0 
Cov(7,j) 0 0 0 0 0 0 0 5.13353e-07 0 
Cov(8,j) 0 0 0 0 0 0 0 0 0.00497148 
EmittanceX 0
EmittanceY 0
BetaStar 0
