Runnumber 353060
BeginTimeOfFit 2022.06.05 05:37:56 GMT 1654407476
EndTimeOfFit 2022.06.05 05:38:20 GMT 1654407500
LumiRange 150 - 150
Type 2
X0 0.168816
Y0 -0.179905
Z0 -0.339319
sigmaZ0 7.61688
dxdz 0.000223477
dydz 0.000203462
BeamWidthX 0.0143925
BeamWidthY 0.0139188
dxdy 0.0132329
Cov(0,j) 3.70551e-08 -6.7655e-11 0 0 0 0 0 0 0 
Cov(1,j) -6.7655e-11 3.60438e-08 0 0 0 0 0 0 0 
Cov(2,j) 0 0 0.179053 0 0 0 0 0 0 
Cov(3,j) 0 0 0 0.0895164 0 0 0 0 0 
Cov(4,j) 0 0 0 0 6.92648e-10 -2.03932e-12 0 0 0 
Cov(5,j) 0 0 0 0 -2.03932e-12 6.62796e-10 0 0 0 
Cov(6,j) 0 0 0 0 0 0 3.43102e-07 0 0 
Cov(7,j) 0 0 0 0 0 0 0 3.22102e-07 0 
Cov(8,j) 0 0 0 0 0 0 0 0 0.00332384 
EmittanceX 0
EmittanceY 0
BetaStar 0
