Runnumber 352509
BeginTimeOfFit 2022.05.28 12:25:47 GMT 1653740747
EndTimeOfFit 2022.05.28 12:26:10 GMT 1653740770
LumiRange 281 - 281
Type 2
X0 0.16917
Y0 -0.182645
Z0 0.249104
sigmaZ0 7.6539
dxdz 0.000153268
dydz 0.000163469
BeamWidthX 0.0156932
BeamWidthY 0.0175585
dxdy 0.0227202
Cov(0,j) 1.2609e-07 5.40881e-10 0 0 0 0 0 0 0 
Cov(1,j) 5.40881e-10 1.25125e-07 0 0 0 0 0 0 0 
Cov(2,j) 0 0 0.522955 0 0 0 0 0 0 
Cov(3,j) 0 0 0 0.261392 0 0 0 0 0 
Cov(4,j) 0 0 0 0 2.12081e-09 6.50845e-11 0 0 0 
Cov(5,j) 0 0 0 0 6.50845e-11 2.16227e-09 0 0 0 
Cov(6,j) 0 0 0 0 0 0 1.168e-06 0 0 
Cov(7,j) 0 0 0 0 0 0 0 1.44131e-06 0 
Cov(8,j) 0 0 0 0 0 0 0 0 0.00936681 
EmittanceX 0
EmittanceY 0
BetaStar 0
