Runnumber 352417
BeginTimeOfFit 2022.05.27 08:45:39 GMT 1653641139
EndTimeOfFit 2022.05.27 08:46:02 GMT 1653641162
LumiRange 126 - 126
Type 2
X0 0.169207
Y0 -0.181513
Z0 0.64717
sigmaZ0 6.19511
dxdz 0.000139395
dydz 0.000187633
BeamWidthX 0.0148439
BeamWidthY 0.0166443
dxdy -0.00782258
Cov(0,j) 8.42049e-08 -3.85418e-10 0 0 0 0 0 0 0 
Cov(1,j) -3.85418e-10 8.65049e-08 0 0 0 0 0 0 0 
Cov(2,j) 0 0 0.290722 0 0 0 0 0 0 
Cov(3,j) 0 0 0 0.145326 0 0 0 0 0 
Cov(4,j) 0 0 0 0 1.8857e-09 -5.31976e-11 0 0 0 
Cov(5,j) 0 0 0 0 -5.31976e-11 1.95796e-09 0 0 0 
Cov(6,j) 0 0 0 0 0 0 8.8555e-07 0 0 
Cov(7,j) 0 0 0 0 0 0 0 1.10788e-06 0 
Cov(8,j) 0 0 0 0 0 0 0 0 0.00799209 
EmittanceX 0
EmittanceY 0
BetaStar 0
