Runnumber 352909
BeginTimeOfFit 2022.06.03 08:48:39 GMT 1654246119
EndTimeOfFit 2022.06.03 08:49:03 GMT 1654246143
LumiRange 50 - 50
Type 2
X0 0.169552
Y0 -0.180743
Z0 0.375963
sigmaZ0 6.8457
dxdz 0.000182613
dydz 0.000167647
BeamWidthX 0.0140443
BeamWidthY 0.0149778
dxdy -0.176724
Cov(0,j) 1.06937e-07 5.32679e-10 0 0 0 0 0 0 0 
Cov(1,j) 5.32679e-10 1.05801e-07 0 0 0 0 0 0 0 
Cov(2,j) 0 0 0.390475 0 0 0 0 0 0 
Cov(3,j) 0 0 0 0.195176 0 0 0 0 0 
Cov(4,j) 0 0 0 0 2.01293e-09 -6.46954e-11 0 0 0 
Cov(5,j) 0 0 0 0 -6.46954e-11 2.0364e-09 0 0 0 
Cov(6,j) 0 0 0 0 0 0 8.85588e-07 0 0 
Cov(7,j) 0 0 0 0 0 0 0 9.96234e-07 0 
Cov(8,j) 0 0 0 0 0 0 0 0 0.00836862 
EmittanceX 0
EmittanceY 0
BetaStar 0
