Runnumber 352499
BeginTimeOfFit 2022.05.28 08:36:40 GMT 1653727000
EndTimeOfFit 2022.05.28 08:37:03 GMT 1653727023
LumiRange 39 - 39
Type 2
X0 0.17021
Y0 -0.181508
Z0 0.144735
sigmaZ0 6.14116
dxdz 0.0001551
dydz 0.000253392
BeamWidthX 0.0160507
BeamWidthY 0.0151479
dxdy 0.0730881
Cov(0,j) 5.19128e-08 8.29607e-10 0 0 0 0 0 0 0 
Cov(1,j) 8.29607e-10 5.09355e-08 0 0 0 0 0 0 0 
Cov(2,j) 0 0 0.15779 0 0 0 0 0 0 
Cov(3,j) 0 0 0 0.0788854 0 0 0 0 0 
Cov(4,j) 0 0 0 0 1.05466e-09 7.07455e-12 0 0 0 
Cov(5,j) 0 0 0 0 7.07455e-12 1.02907e-09 0 0 0 
Cov(6,j) 0 0 0 0 0 0 5.70611e-07 0 0 
Cov(7,j) 0 0 0 0 0 0 0 5.10097e-07 0 
Cov(8,j) 0 0 0 0 0 0 0 0 0.00437507 
EmittanceX 0
EmittanceY 0
BetaStar 0
