Runnumber 352425
BeginTimeOfFit 2022.05.27 10:55:40 GMT 1653648940
EndTimeOfFit 2022.05.27 10:56:03 GMT 1653648963
LumiRange 250 - 250
Type 2
X0 0.169618
Y0 -0.182039
Z0 0.393033
sigmaZ0 7.49483
dxdz 0.000168955
dydz 0.000235479
BeamWidthX 0.0160859
BeamWidthY 0.0160908
dxdy 0.0329287
Cov(0,j) 1.17011e-07 -1.62619e-09 0 0 0 0 0 0 0 
Cov(1,j) -1.62619e-09 1.15179e-07 0 0 0 0 0 0 0 
Cov(2,j) 0 0 0.460352 0 0 0 0 0 0 
Cov(3,j) 0 0 0 0.230105 0 0 0 0 0 
Cov(4,j) 0 0 0 0 2.17623e-09 -2.18109e-12 0 0 0 
Cov(5,j) 0 0 0 0 -2.18109e-12 2.24989e-09 0 0 0 
Cov(6,j) 0 0 0 0 0 0 1.11903e-06 0 0 
Cov(7,j) 0 0 0 0 0 0 0 1.12395e-06 0 
Cov(8,j) 0 0 0 0 0 0 0 0 0.00858991 
EmittanceX 0
EmittanceY 0
BetaStar 0
