Runnumber 352509
BeginTimeOfFit 2022.05.28 11:26:43 GMT 1653737203
EndTimeOfFit 2022.05.28 11:27:07 GMT 1653737227
LumiRange 129 - 129
Type 2
X0 0.169283
Y0 -0.18168
Z0 0.520809
sigmaZ0 6.9468
dxdz 4.09738e-05
dydz 0.000212242
BeamWidthX 0.0153148
BeamWidthY 0.0170864
dxdy 0.0262772
Cov(0,j) 7.93461e-08 8.22743e-10 0 0 0 0 0 0 0 
Cov(1,j) 8.22743e-10 8.04795e-08 0 0 0 0 0 0 0 
Cov(2,j) 0 0 0.260829 0 0 0 0 0 0 
Cov(3,j) 0 0 0 0.130391 0 0 0 0 0 
Cov(4,j) 0 0 0 0 1.37897e-09 1.56644e-11 0 0 0 
Cov(5,j) 0 0 0 0 1.56644e-11 1.41657e-09 0 0 0 
Cov(6,j) 0 0 0 0 0 0 6.77457e-07 0 0 
Cov(7,j) 0 0 0 0 0 0 0 8.30531e-07 0 
Cov(8,j) 0 0 0 0 0 0 0 0 0.00568285 
EmittanceX 0
EmittanceY 0
BetaStar 0
