Runnumber 352568
BeginTimeOfFit 2022.05.29 09:25:21 GMT 1653816321
EndTimeOfFit 2022.05.29 09:25:44 GMT 1653816344
LumiRange 299 - 299
Type 2
X0 0.175952
Y0 -0.181604
Z0 -0.658351
sigmaZ0 5.52014
dxdz 0.000181335
dydz 0.000220868
BeamWidthX 0.0149574
BeamWidthY 0.0157831
dxdy -0.0107739
Cov(0,j) 7.13058e-08 1.15587e-09 0 0 0 0 0 0 0 
Cov(1,j) 1.15587e-09 7.03129e-08 0 0 0 0 0 0 0 
Cov(2,j) 0 0 0.181369 0 0 0 0 0 0 
Cov(3,j) 0 0 0 0.0906705 0 0 0 0 0 
Cov(4,j) 0 0 0 0 1.80376e-09 2.0964e-11 0 0 0 
Cov(5,j) 0 0 0 0 2.0964e-11 1.87562e-09 0 0 0 
Cov(6,j) 0 0 0 0 0 0 7.04353e-07 0 0 
Cov(7,j) 0 0 0 0 0 0 0 7.86474e-07 0 
Cov(8,j) 0 0 0 0 0 0 0 0 0.00629003 
EmittanceX 0
EmittanceY 0
BetaStar 0
