Runnumber 352909
BeginTimeOfFit 2022.06.03 08:51:46 GMT 1654246306
EndTimeOfFit 2022.06.03 08:52:09 GMT 1654246329
LumiRange 58 - 58
Type 2
X0 0.169827
Y0 -0.181457
Z0 -0.0821375
sigmaZ0 6.69092
dxdz 0.000124404
dydz 0.000185007
BeamWidthX 0.0143212
BeamWidthY 0.015794
dxdy 0.252169
Cov(0,j) 4.91939e-08 3.0065e-10 0 0 0 0 0 0 0 
Cov(1,j) 3.0065e-10 4.85484e-08 0 0 0 0 0 0 0 
Cov(2,j) 0 0 0.174185 0 0 0 0 0 0 
Cov(3,j) 0 0 0 0.0870774 0 0 0 0 0 
Cov(4,j) 0 0 0 0 9.29172e-10 1.27861e-11 0 0 0 
Cov(5,j) 0 0 0 0 1.27861e-11 9.36691e-10 0 0 0 
Cov(6,j) 0 0 0 0 0 0 4.2844e-07 0 0 
Cov(7,j) 0 0 0 0 0 0 0 5.12071e-07 0 
Cov(8,j) 0 0 0 0 0 0 0 0 0.00363021 
EmittanceX 0
EmittanceY 0
BetaStar 0
