Runnumber 352931
BeginTimeOfFit 2022.06.03 12:58:55 GMT 1654261135
EndTimeOfFit 2022.06.03 12:59:19 GMT 1654261159
LumiRange 234 - 234
Type 2
X0 0.169402
Y0 -0.180117
Z0 0.0734477
sigmaZ0 7.43747
dxdz 0.00015826
dydz 0.000158094
BeamWidthX 0.0166705
BeamWidthY 0.0176274
dxdy -0.107303
Cov(0,j) 9.85197e-08 -1.00754e-09 0 0 0 0 0 0 0 
Cov(1,j) -1.00754e-09 1.00523e-07 0 0 0 0 0 0 0 
Cov(2,j) 0 0 0.337251 0 0 0 0 0 0 
Cov(3,j) 0 0 0 0.168587 0 0 0 0 0 
Cov(4,j) 0 0 0 0 1.76616e-09 -3.14775e-12 0 0 0 
Cov(5,j) 0 0 0 0 -3.14775e-12 1.75464e-09 0 0 0 
Cov(6,j) 0 0 0 0 0 0 8.89741e-07 0 0 
Cov(7,j) 0 0 0 0 0 0 0 9.91828e-07 0 
Cov(8,j) 0 0 0 0 0 0 0 0 0.0062382 
EmittanceX 0
EmittanceY 0
BetaStar 0
