Runnumber 352931
BeginTimeOfFit 2022.06.03 13:01:39 GMT 1654261299
EndTimeOfFit 2022.06.03 13:02:02 GMT 1654261322
LumiRange 241 - 241
Type 2
X0 0.169961
Y0 -0.179009
Z0 -0.401173
sigmaZ0 7.48696
dxdz 8.39322e-05
dydz 0.00012863
BeamWidthX 0.0158055
BeamWidthY 0.0171255
dxdy 0.0185294
Cov(0,j) 9.23218e-08 1.76377e-10 0 0 0 0 0 0 0 
Cov(1,j) 1.76377e-10 9.39578e-08 0 0 0 0 0 0 0 
Cov(2,j) 0 0 0.316656 0 0 0 0 0 0 
Cov(3,j) 0 0 0 0.158297 0 0 0 0 0 
Cov(4,j) 0 0 0 0 1.59096e-09 -2.45723e-11 0 0 0 
Cov(5,j) 0 0 0 0 -2.45723e-11 1.60612e-09 0 0 0 
Cov(6,j) 0 0 0 0 0 0 7.46628e-07 0 0 
Cov(7,j) 0 0 0 0 0 0 0 8.70879e-07 0 
Cov(8,j) 0 0 0 0 0 0 0 0 0.00593785 
EmittanceX 0
EmittanceY 0
BetaStar 0
