Runnumber 352509
BeginTimeOfFit 2022.05.28 10:45:56 GMT 1653734756
EndTimeOfFit 2022.05.28 10:46:19 GMT 1653734779
LumiRange 24 - 24
Type 2
X0 0.171283
Y0 -0.182003
Z0 -0.716952
sigmaZ0 7.80809
dxdz 0.000233987
dydz 0.000185202
BeamWidthX 0.015747
BeamWidthY 0.0167645
dxdy 0.00441825
Cov(0,j) 7.60345e-08 1.05962e-09 0 0 0 0 0 0 0 
Cov(1,j) 1.05962e-09 7.72327e-08 0 0 0 0 0 0 0 
Cov(2,j) 0 0 0.327736 0 0 0 0 0 0 
Cov(3,j) 0 0 0 0.163838 0 0 0 0 0 
Cov(4,j) 0 0 0 0 1.2974e-09 1.75742e-11 0 0 0 
Cov(5,j) 0 0 0 0 1.75742e-11 1.28799e-09 0 0 0 
Cov(6,j) 0 0 0 0 0 0 7.04163e-07 0 0 
Cov(7,j) 0 0 0 0 0 0 0 7.97234e-07 0 
Cov(8,j) 0 0 0 0 0 0 0 0 0.00567836 
EmittanceX 0
EmittanceY 0
BetaStar 0
