Runnumber 352425
BeginTimeOfFit 2022.05.27 10:53:20 GMT 1653648800
EndTimeOfFit 2022.05.27 10:53:43 GMT 1653648823
LumiRange 244 - 244
Type 2
X0 0.169831
Y0 -0.18202
Z0 -0.89482
sigmaZ0 6.95274
dxdz 0.000166529
dydz 0.000109565
BeamWidthX 0.0166009
BeamWidthY 0.0167294
dxdy 0.0452366
Cov(0,j) 1.23509e-07 -1.30948e-09 0 0 0 0 0 0 0 
Cov(1,j) -1.30948e-09 1.1803e-07 0 0 0 0 0 0 0 
Cov(2,j) 0 0 0.366168 0 0 0 0 0 0 
Cov(3,j) 0 0 0 0.183041 0 0 0 0 0 
Cov(4,j) 0 0 0 0 2.38635e-09 -9.73896e-11 0 0 0 
Cov(5,j) 0 0 0 0 -9.73896e-11 2.32312e-09 0 0 0 
Cov(6,j) 0 0 0 0 0 0 1.11092e-06 0 0 
Cov(7,j) 0 0 0 0 0 0 0 1.11519e-06 0 
Cov(8,j) 0 0 0 0 0 0 0 0 0.00799877 
EmittanceX 0
EmittanceY 0
BetaStar 0
