Runnumber 352425
BeginTimeOfFit 2022.05.27 09:26:18 GMT 1653643578
EndTimeOfFit 2022.05.27 09:26:41 GMT 1653643601
LumiRange 20 - 20
Type 2
X0 0.168657
Y0 -0.181313
Z0 0.76367
sigmaZ0 7.11038
dxdz 0.000121725
dydz 0.000213312
BeamWidthX 0.0153348
BeamWidthY 0.0161658
dxdy 0.0319021
Cov(0,j) 8.99536e-08 -1.60519e-10 0 0 0 0 0 0 0 
Cov(1,j) -1.60519e-10 9.12298e-08 0 0 0 0 0 0 0 
Cov(2,j) 0 0 0.341562 0 0 0 0 0 0 
Cov(3,j) 0 0 0 0.170743 0 0 0 0 0 
Cov(4,j) 0 0 0 0 1.86857e-09 -2.54854e-11 0 0 0 
Cov(5,j) 0 0 0 0 -2.54854e-11 1.85496e-09 0 0 0 
Cov(6,j) 0 0 0 0 0 0 8.40625e-07 0 0 
Cov(7,j) 0 0 0 0 0 0 0 9.31104e-07 0 
Cov(8,j) 0 0 0 0 0 0 0 0 0.00712531 
EmittanceX 0
EmittanceY 0
BetaStar 0
