Runnumber 352903
BeginTimeOfFit 2022.06.03 07:20:19 GMT 1654240819
EndTimeOfFit 2022.06.03 07:20:43 GMT 1654240843
LumiRange 20 - 20
Type 2
X0 0.170386
Y0 -0.181038
Z0 -0.223945
sigmaZ0 6.26119
dxdz 0.000182628
dydz 0.000198858
BeamWidthX 0.012151
BeamWidthY 0.012795
dxdy 0.0211653
Cov(0,j) 2.40777e-08 -2.29751e-10 0 0 0 0 0 0 0 
Cov(1,j) -2.29751e-10 2.43039e-08 0 0 0 0 0 0 0 
Cov(2,j) 0 0 0.100258 0 0 0 0 0 0 
Cov(3,j) 0 0 0 0.0501256 0 0 0 0 0 
Cov(4,j) 0 0 0 0 6.03364e-10 -1.63104e-11 0 0 0 
Cov(5,j) 0 0 0 0 -1.63104e-11 6.13468e-10 0 0 0 
Cov(6,j) 0 0 0 0 0 0 2.07515e-07 0 0 
Cov(7,j) 0 0 0 0 0 0 0 2.27717e-07 0 
Cov(8,j) 0 0 0 0 0 0 0 0 0.00278134 
EmittanceX 0
EmittanceY 0
BetaStar 0
