Runnumber 353060
BeginTimeOfFit 2022.06.05 05:45:42 GMT 1654407942
EndTimeOfFit 2022.06.05 05:46:06 GMT 1654407966
LumiRange 170 - 170
Type 2
X0 0.168464
Y0 -0.180219
Z0 -0.0814759
sigmaZ0 6.82484
dxdz 0.000152401
dydz 0.000167488
BeamWidthX 0.0139848
BeamWidthY 0.0148812
dxdy 0.0356984
Cov(0,j) 3.8157e-08 -2.93079e-10 0 0 0 0 0 0 0 
Cov(1,j) -2.93079e-10 3.69191e-08 0 0 0 0 0 0 0 
Cov(2,j) 0 0 0.143753 0 0 0 0 0 0 
Cov(3,j) 0 0 0 0.0718688 0 0 0 0 0 
Cov(4,j) 0 0 0 0 7.17904e-10 -5.99348e-12 0 0 0 
Cov(5,j) 0 0 0 0 -5.99348e-12 6.91024e-10 0 0 0 
Cov(6,j) 0 0 0 0 0 0 3.23759e-07 0 0 
Cov(7,j) 0 0 0 0 0 0 0 3.63405e-07 0 
Cov(8,j) 0 0 0 0 0 0 0 0 0.00328181 
EmittanceX 0
EmittanceY 0
BetaStar 0
