Runnumber 353018
BeginTimeOfFit 2022.06.04 08:57:38 GMT 1654333058
EndTimeOfFit 2022.06.04 08:58:02 GMT 1654333082
LumiRange 396 - 396
Type 2
X0 0.175681
Y0 -0.156057
Z0 0.488633
sigmaZ0 7.06035
dxdz 0.000211365
dydz 0.000202452
BeamWidthX 0.0153487
BeamWidthY 0.0168699
dxdy 0.0415013
Cov(0,j) 4.93889e-08 3.65586e-11 0 0 0 0 0 0 0 
Cov(1,j) 3.65586e-11 4.95827e-08 0 0 0 0 0 0 0 
Cov(2,j) 0 0 0.176757 0 0 0 0 0 0 
Cov(3,j) 0 0 0 0.0883675 0 0 0 0 0 
Cov(4,j) 0 0 0 0 9.58598e-10 3.16711e-12 0 0 0 
Cov(5,j) 0 0 0 0 3.16711e-12 9.65229e-10 0 0 0 
Cov(6,j) 0 0 0 0 0 0 4.46494e-07 0 0 
Cov(7,j) 0 0 0 0 0 0 0 5.31283e-07 0 
Cov(8,j) 0 0 0 0 0 0 0 0 0.00373392 
EmittanceX 0
EmittanceY 0
BetaStar 0
