Runnumber 352567
BeginTimeOfFit 2022.05.29 07:20:38 GMT 1653808838
EndTimeOfFit 2022.05.29 07:21:01 GMT 1653808861
LumiRange 106 - 106
Type 2
X0 0.177898
Y0 -0.18163
Z0 0.934797
sigmaZ0 6.25939
dxdz 0.000202346
dydz 0.000133618
BeamWidthX 0.0129627
BeamWidthY 0.0148671
dxdy -0.00412205
Cov(0,j) 4.33225e-08 1.1596e-09 0 0 0 0 0 0 0 
Cov(1,j) 1.1596e-09 4.44647e-08 0 0 0 0 0 0 0 
Cov(2,j) 0 0 0.158614 0 0 0 0 0 0 
Cov(3,j) 0 0 0 0.0792974 0 0 0 0 0 
Cov(4,j) 0 0 0 0 9.2652e-10 1.7317e-11 0 0 0 
Cov(5,j) 0 0 0 0 1.7317e-11 9.6605e-10 0 0 0 
Cov(6,j) 0 0 0 0 0 0 3.66769e-07 0 0 
Cov(7,j) 0 0 0 0 0 0 0 4.76599e-07 0 
Cov(8,j) 0 0 0 0 0 0 0 0 0.00431962 
EmittanceX 0
EmittanceY 0
BetaStar 0
