Runnumber 352930
BeginTimeOfFit 2022.06.03 11:24:13 GMT 1654255453
EndTimeOfFit 2022.06.03 11:24:36 GMT 1654255476
LumiRange 8 - 8
Type 2
X0 0.168502
Y0 -0.181286
Z0 0.976627
sigmaZ0 7.66106
dxdz 0.000120726
dydz 0.000215147
BeamWidthX 0.017194
BeamWidthY 0.0165207
dxdy 0.0530016
Cov(0,j) 8.34151e-08 7.83617e-11 0 0 0 0 0 0 0 
Cov(1,j) 7.83617e-11 8.18251e-08 0 0 0 0 0 0 0 
Cov(2,j) 0 0 0.315511 0 0 0 0 0 0 
Cov(3,j) 0 0 0 0.157726 0 0 0 0 0 
Cov(4,j) 0 0 0 0 1.45647e-09 -3.85622e-12 0 0 0 
Cov(5,j) 0 0 0 0 -3.85622e-12 1.40103e-09 0 0 0 
Cov(6,j) 0 0 0 0 0 0 8.3647e-07 0 0 
Cov(7,j) 0 0 0 0 0 0 0 7.74944e-07 0 
Cov(8,j) 0 0 0 0 0 0 0 0 0.00561622 
EmittanceX 0
EmittanceY 0
BetaStar 0
