Runnumber 352900
BeginTimeOfFit 2022.06.03 07:07:15 GMT 1654240035
EndTimeOfFit 2022.06.03 07:07:38 GMT 1654240058
LumiRange 17 - 17
Type 2
X0 0.16917
Y0 -0.181737
Z0 0.183983
sigmaZ0 5.86759
dxdz 0.000117605
dydz 0.000190796
BeamWidthX 0.0128838
BeamWidthY 0.0130618
dxdy -0.0113996
Cov(0,j) 2.78228e-08 -2.34029e-10 0 0 0 0 0 0 0 
Cov(1,j) -2.34029e-10 2.76141e-08 0 0 0 0 0 0 0 
Cov(2,j) 0 0 0.0986459 0 0 0 0 0 0 
Cov(3,j) 0 0 0 0.0493191 0 0 0 0 0 
Cov(4,j) 0 0 0 0 7.69767e-10 -1.14876e-11 0 0 0 
Cov(5,j) 0 0 0 0 -1.14876e-11 7.64966e-10 0 0 0 
Cov(6,j) 0 0 0 0 0 0 2.57067e-07 0 0 
Cov(7,j) 0 0 0 0 0 0 0 2.62662e-07 0 
Cov(8,j) 0 0 0 0 0 0 0 0 0.00310206 
EmittanceX 0
EmittanceY 0
BetaStar 0
