Runnumber 353015
BeginTimeOfFit 2022.06.04 05:41:49 GMT 1654321309
EndTimeOfFit 2022.06.04 05:42:12 GMT 1654321332
LumiRange 302 - 302
Type 2
X0 0.174629
Y0 -0.17871
Z0 -0.175957
sigmaZ0 7.00072
dxdz 0.000153582
dydz 0.000153357
BeamWidthX 0.0163169
BeamWidthY 0.0153807
dxdy 0.0539097
Cov(0,j) 3.86554e-08 -1.83851e-10 0 0 0 0 0 0 0 
Cov(1,j) -1.83851e-10 3.74144e-08 0 0 0 0 0 0 0 
Cov(2,j) 0 0 0.12965 0 0 0 0 0 0 
Cov(3,j) 0 0 0 0.0648196 0 0 0 0 0 
Cov(4,j) 0 0 0 0 7.56294e-10 -1.74996e-11 0 0 0 
Cov(5,j) 0 0 0 0 -1.74996e-11 7.46768e-10 0 0 0 
Cov(6,j) 0 0 0 0 0 0 3.71039e-07 0 0 
Cov(7,j) 0 0 0 0 0 0 0 3.32746e-07 0 
Cov(8,j) 0 0 0 0 0 0 0 0 0.00278079 
EmittanceX 0
EmittanceY 0
BetaStar 0
