Runnumber 352931
BeginTimeOfFit 2022.06.03 12:10:22 GMT 1654258222
EndTimeOfFit 2022.06.03 12:10:45 GMT 1654258245
LumiRange 109 - 109
Type 2
X0 0.170419
Y0 -0.180949
Z0 0.146947
sigmaZ0 7.80166
dxdz 0.000129761
dydz 0.00021831
BeamWidthX 0.0158418
BeamWidthY 0.016887
dxdy 0.0130662
Cov(0,j) 8.64686e-08 -1.59494e-09 0 0 0 0 0 0 0 
Cov(1,j) -1.59494e-09 8.616e-08 0 0 0 0 0 0 0 
Cov(2,j) 0 0 0.353826 0 0 0 0 0 0 
Cov(3,j) 0 0 0 0.176877 0 0 0 0 0 
Cov(4,j) 0 0 0 0 1.46738e-09 -2.01898e-11 0 0 0 
Cov(5,j) 0 0 0 0 -2.01898e-11 1.41849e-09 0 0 0 
Cov(6,j) 0 0 0 0 0 0 7.81491e-07 0 0 
Cov(7,j) 0 0 0 0 0 0 0 8.78972e-07 0 
Cov(8,j) 0 0 0 0 0 0 0 0 0.00616933 
EmittanceX 0
EmittanceY 0
BetaStar 0
