Runnumber 352568
BeginTimeOfFit 2022.05.29 11:20:21 GMT 1653823221
EndTimeOfFit 2022.05.29 11:20:45 GMT 1653823245
LumiRange 595 - 595
Type 2
X0 0.177298
Y0 -0.181884
Z0 -0.258431
sigmaZ0 7.03751
dxdz 0.00014517
dydz 0.000123998
BeamWidthX 0.0162223
BeamWidthY 0.0153878
dxdy -0.0428667
Cov(0,j) 8.66261e-08 8.56994e-10 0 0 0 0 0 0 0 
Cov(1,j) 8.56994e-10 8.5239e-08 0 0 0 0 0 0 0 
Cov(2,j) 0 0 0.325794 0 0 0 0 0 0 
Cov(3,j) 0 0 0 0.162863 0 0 0 0 0 
Cov(4,j) 0 0 0 0 1.87351e-09 6.39875e-12 0 0 0 
Cov(5,j) 0 0 0 0 6.39875e-12 1.83828e-09 0 0 0 
Cov(6,j) 0 0 0 0 0 0 9.12734e-07 0 0 
Cov(7,j) 0 0 0 0 0 0 0 8.26388e-07 0 
Cov(8,j) 0 0 0 0 0 0 0 0 0.00692609 
EmittanceX 0
EmittanceY 0
BetaStar 0
