Runnumber 352568
BeginTimeOfFit 2022.05.29 11:04:25 GMT 1653822265
EndTimeOfFit 2022.05.29 11:04:49 GMT 1653822289
LumiRange 554 - 554
Type 2
X0 0.177126
Y0 -0.181537
Z0 1.12669
sigmaZ0 6.29353
dxdz 0.000174358
dydz 0.000170943
BeamWidthX 0.0155302
BeamWidthY 0.0158119
dxdy -0.00243467
Cov(0,j) 8.3154e-08 1.45869e-09 0 0 0 0 0 0 0 
Cov(1,j) 1.45869e-09 8.3081e-08 0 0 0 0 0 0 0 
Cov(2,j) 0 0 0.247531 0 0 0 0 0 0 
Cov(3,j) 0 0 0 0.123742 0 0 0 0 0 
Cov(4,j) 0 0 0 0 1.80497e-09 1.34777e-11 0 0 0 
Cov(5,j) 0 0 0 0 1.34777e-11 1.79509e-09 0 0 0 
Cov(6,j) 0 0 0 0 0 0 8.03574e-07 0 0 
Cov(7,j) 0 0 0 0 0 0 0 8.20949e-07 0 
Cov(8,j) 0 0 0 0 0 0 0 0 0.00664059 
EmittanceX 0
EmittanceY 0
BetaStar 0
