Runnumber 353060
BeginTimeOfFit 2022.06.05 10:49:32 GMT 1654426172
EndTimeOfFit 2022.06.05 10:49:55 GMT 1654426195
LumiRange 952 - 952
Type 2
X0 0.166128
Y0 -0.176877
Z0 2.30639
sigmaZ0 6.57399
dxdz 0.000366893
dydz 0.000182025
BeamWidthX 0.0224326
BeamWidthY 0.00950728
dxdy 0.604613
Cov(0,j) 1.45923e-06 6.25852e-09 0 0 0 0 0 0 0 
Cov(1,j) 6.25852e-09 1.43677e-06 0 0 0 0 0 0 0 
Cov(2,j) 0 0 3.59662 0 0 0 0 0 0 
Cov(3,j) 0 0 0 1.79739 0 0 0 0 0 
Cov(4,j) 0 0 0 0 2.52544e-08 2.82312e-10 0 0 0 
Cov(5,j) 0 0 0 0 2.82312e-10 2.1759e-08 0 0 0 
Cov(6,j) 0 0 0 0 0 0 2.1816e-05 0 0 
Cov(7,j) 0 0 0 0 0 0 0 4.4233e-06 0 
Cov(8,j) 0 0 0 0 0 0 0 0 0.0398124 
EmittanceX 0
EmittanceY 0
BetaStar 0
