Runnumber 352931
BeginTimeOfFit 2022.06.03 11:38:07 GMT 1654256287
EndTimeOfFit 2022.06.03 11:38:30 GMT 1654256310
LumiRange 26 - 26
Type 2
X0 0.170021
Y0 -0.180959
Z0 0.0728018
sigmaZ0 7.29833
dxdz 0.000196247
dydz 0.000237632
BeamWidthX 0.0155058
BeamWidthY 0.01768
dxdy 0.148836
Cov(0,j) 8.52523e-08 -1.18833e-09 0 0 0 0 0 0 0 
Cov(1,j) -1.18833e-09 8.16379e-08 0 0 0 0 0 0 0 
Cov(2,j) 0 0 0.337083 0 0 0 0 0 0 
Cov(3,j) 0 0 0 0.168508 0 0 0 0 0 
Cov(4,j) 0 0 0 0 1.46641e-09 -1.55023e-11 0 0 0 
Cov(5,j) 0 0 0 0 -1.55023e-11 1.40463e-09 0 0 0 
Cov(6,j) 0 0 0 0 0 0 8.15757e-07 0 0 
Cov(7,j) 0 0 0 0 0 0 0 1.03476e-06 0 
Cov(8,j) 0 0 0 0 0 0 0 0 0.00639212 
EmittanceX 0
EmittanceY 0
BetaStar 0
