Runnumber 353060
BeginTimeOfFit 2022.06.05 11:52:28 GMT 1654429948
EndTimeOfFit 2022.06.05 11:52:51 GMT 1654429971
LumiRange 1114 - 1114
Type 2
X0 0.165501
Y0 -0.180716
Z0 0.0782142
sigmaZ0 7.89675
dxdz 4.0096e-05
dydz 0.000150624
BeamWidthX 0.0166784
BeamWidthY 0.0166767
dxdy -0.182097
Cov(0,j) 1.50125e-07 3.32852e-09 0 0 0 0 0 0 0 
Cov(1,j) 3.32852e-09 1.4628e-07 0 0 0 0 0 0 0 
Cov(2,j) 0 0 0.617273 0 0 0 0 0 0 
Cov(3,j) 0 0 0 0.308535 0 0 0 0 0 
Cov(4,j) 0 0 0 0 2.68645e-09 4.65243e-11 0 0 0 
Cov(5,j) 0 0 0 0 4.65243e-11 2.57841e-09 0 0 0 
Cov(6,j) 0 0 0 0 0 0 1.46393e-06 0 0 
Cov(7,j) 0 0 0 0 0 0 0 1.45056e-06 0 
Cov(8,j) 0 0 0 0 0 0 0 0 0.00975072 
EmittanceX 0
EmittanceY 0
BetaStar 0
