Runnumber 352568
BeginTimeOfFit 2022.05.29 10:45:00 GMT 1653821100
EndTimeOfFit 2022.05.29 10:45:23 GMT 1653821123
LumiRange 504 - 504
Type 2
X0 0.176476
Y0 -0.181151
Z0 -0.512666
sigmaZ0 6.37398
dxdz 0.000327585
dydz 0.000263264
BeamWidthX 0.0147653
BeamWidthY 0.0155872
dxdy 0.0254347
Cov(0,j) 7.76469e-08 1.72221e-09 0 0 0 0 0 0 0 
Cov(1,j) 1.72221e-09 7.44687e-08 0 0 0 0 0 0 0 
Cov(2,j) 0 0 0.237568 0 0 0 0 0 0 
Cov(3,j) 0 0 0 0.11876 0 0 0 0 0 
Cov(4,j) 0 0 0 0 1.84401e-09 4.39562e-11 0 0 0 
Cov(5,j) 0 0 0 0 4.39562e-11 1.79631e-09 0 0 0 
Cov(6,j) 0 0 0 0 0 0 6.81705e-07 0 0 
Cov(7,j) 0 0 0 0 0 0 0 7.57419e-07 0 
Cov(8,j) 0 0 0 0 0 0 0 0 0.00622066 
EmittanceX 0
EmittanceY 0
BetaStar 0
