Runnumber 353689
BeginTimeOfFit 2022.06.13 08:47:55 GMT 1655110075
EndTimeOfFit 2022.06.13 08:48:18 GMT 1655110098
LumiRange 132 - 132
Type 2
X0 0.171379
Y0 -0.181479
Z0 1.43102
sigmaZ0 6.07038
dxdz 0.000111159
dydz 0.000237156
BeamWidthX 0.0148549
BeamWidthY 0.0150447
dxdy -0.0223577
Cov(0,j) 4.07524e-08 -2.11159e-10 0 0 0 0 0 0 0 
Cov(1,j) -2.11159e-10 4.06699e-08 0 0 0 0 0 0 0 
Cov(2,j) 0 0 0.112341 0 0 0 0 0 0 
Cov(3,j) 0 0 0 0.0561655 0 0 0 0 0 
Cov(4,j) 0 0 0 0 1.00354e-09 -5.86289e-12 0 0 0 
Cov(5,j) 0 0 0 0 -5.86289e-12 1.00389e-09 0 0 0 
Cov(6,j) 0 0 0 0 0 0 3.58433e-07 0 0 
Cov(7,j) 0 0 0 0 0 0 0 3.66066e-07 0 
Cov(8,j) 0 0 0 0 0 0 0 0 0.00322568 
EmittanceX 0
EmittanceY 0
BetaStar 0
