Runnumber 353018
BeginTimeOfFit 2022.06.04 07:23:37 GMT 1654327417
EndTimeOfFit 2022.06.04 07:24:00 GMT 1654327440
LumiRange 154 - 154
Type 2
X0 0.182982
Y0 -0.180216
Z0 0.0602726
sigmaZ0 7.3375
dxdz 0.000206535
dydz 0.00013576
BeamWidthX 0.0152444
BeamWidthY 0.0137649
dxdy -0.0510288
Cov(0,j) 6.82938e-08 -4.86303e-10 0 0 0 0 0 0 0 
Cov(1,j) -4.86303e-10 6.62744e-08 0 0 0 0 0 0 0 
Cov(2,j) 0 0 0.460084 0 0 0 0 0 0 
Cov(3,j) 0 0 0 0.229976 0 0 0 0 0 
Cov(4,j) 0 0 0 0 1.43046e-09 -3.79368e-12 0 0 0 
Cov(5,j) 0 0 0 0 -3.79368e-12 1.41977e-09 0 0 0 
Cov(6,j) 0 0 0 0 0 0 1.07275e-06 0 0 
Cov(7,j) 0 0 0 0 0 0 0 8.71765e-07 0 
Cov(8,j) 0 0 0 0 0 0 0 0 0.00914878 
EmittanceX 0
EmittanceY 0
BetaStar 0
