Runnumber 352567
BeginTimeOfFit 2022.05.29 06:44:06 GMT 1653806646
EndTimeOfFit 2022.05.29 06:44:30 GMT 1653806670
LumiRange 12 - 12
Type 2
X0 0.176983
Y0 -0.182276
Z0 0.144229
sigmaZ0 6.6401
dxdz 7.83856e-05
dydz 0.000201341
BeamWidthX 0.0140751
BeamWidthY 0.0134434
dxdy 0.0370896
Cov(0,j) 3.47563e-08 6.66811e-10 0 0 0 0 0 0 0 
Cov(1,j) 6.66811e-10 3.51681e-08 0 0 0 0 0 0 0 
Cov(2,j) 0 0 0.135242 0 0 0 0 0 0 
Cov(3,j) 0 0 0 0.0676144 0 0 0 0 0 
Cov(4,j) 0 0 0 0 8.24138e-10 1.75888e-11 0 0 0 
Cov(5,j) 0 0 0 0 1.75888e-11 8.21814e-10 0 0 0 
Cov(6,j) 0 0 0 0 0 0 3.25797e-07 0 0 
Cov(7,j) 0 0 0 0 0 0 0 3.00421e-07 0 
Cov(8,j) 0 0 0 0 0 0 0 0 0.00328009 
EmittanceX 0
EmittanceY 0
BetaStar 0
