Runnumber 353689
BeginTimeOfFit 2022.06.13 08:52:58 GMT 1655110378
EndTimeOfFit 2022.06.13 08:53:21 GMT 1655110401
LumiRange 145 - 145
Type 2
X0 0.171618
Y0 -0.181749
Z0 0.492186
sigmaZ0 6.70489
dxdz 0.000180944
dydz 0.00025373
BeamWidthX 0.0153507
BeamWidthY 0.015416
dxdy -0.0112302
Cov(0,j) 4.47869e-08 -9.09738e-11 0 0 0 0 0 0 0 
Cov(1,j) -9.09738e-11 4.41456e-08 0 0 0 0 0 0 0 
Cov(2,j) 0 0 0.151869 0 0 0 0 0 0 
Cov(3,j) 0 0 0 0.0759261 0 0 0 0 0 
Cov(4,j) 0 0 0 0 1.0216e-09 5.41218e-13 0 0 0 
Cov(5,j) 0 0 0 0 5.41218e-13 1.00968e-09 0 0 0 
Cov(6,j) 0 0 0 0 0 0 4.22316e-07 0 0 
Cov(7,j) 0 0 0 0 0 0 0 4.25295e-07 0 
Cov(8,j) 0 0 0 0 0 0 0 0 0.00359589 
EmittanceX 0
EmittanceY 0
BetaStar 0
