Runnumber 352568
BeginTimeOfFit 2022.05.29 08:57:46 GMT 1653814666
EndTimeOfFit 2022.05.29 08:58:09 GMT 1653814689
LumiRange 228 - 228
Type 2
X0 0.176717
Y0 -0.181827
Z0 0.611765
sigmaZ0 6.08304
dxdz 0.000177328
dydz 0.00023362
BeamWidthX 0.0138354
BeamWidthY 0.0149091
dxdy -0.070864
Cov(0,j) 6.28507e-08 5.42345e-10 0 0 0 0 0 0 0 
Cov(1,j) 5.42345e-10 6.24091e-08 0 0 0 0 0 0 0 
Cov(2,j) 0 0 0.215119 0 0 0 0 0 0 
Cov(3,j) 0 0 0 0.10754 0 0 0 0 0 
Cov(4,j) 0 0 0 0 1.40234e-09 2.82778e-11 0 0 0 
Cov(5,j) 0 0 0 0 2.82778e-11 1.41446e-09 0 0 0 
Cov(6,j) 0 0 0 0 0 0 6.00066e-07 0 0 
Cov(7,j) 0 0 0 0 0 0 0 6.86897e-07 0 
Cov(8,j) 0 0 0 0 0 0 0 0 0.00616385 
EmittanceX 0
EmittanceY 0
BetaStar 0
