Runnumber 353689
BeginTimeOfFit 2022.06.13 09:11:37 GMT 1655111497
EndTimeOfFit 2022.06.13 09:12:00 GMT 1655111520
LumiRange 193 - 193
Type 2
X0 0.171722
Y0 -0.181173
Z0 2.02741
sigmaZ0 6.41841
dxdz 0.000189023
dydz 0.000247642
BeamWidthX 0.0156926
BeamWidthY 0.0152792
dxdy 0.0695804
Cov(0,j) 6.66267e-08 -1.03782e-09 0 0 0 0 0 0 0 
Cov(1,j) -1.03782e-09 6.80282e-08 0 0 0 0 0 0 0 
Cov(2,j) 0 0 0.191596 0 0 0 0 0 0 
Cov(3,j) 0 0 0 0.0957845 0 0 0 0 0 
Cov(4,j) 0 0 0 0 1.40275e-09 -3.81167e-12 0 0 0 
Cov(5,j) 0 0 0 0 -3.81167e-12 1.44212e-09 0 0 0 
Cov(6,j) 0 0 0 0 0 0 6.07517e-07 0 0 
Cov(7,j) 0 0 0 0 0 0 0 5.76085e-07 0 
Cov(8,j) 0 0 0 0 0 0 0 0 0.00488475 
EmittanceX 0
EmittanceY 0
BetaStar 0
