Runnumber 352931
BeginTimeOfFit 2022.06.03 12:44:33 GMT 1654260273
EndTimeOfFit 2022.06.03 12:44:56 GMT 1654260296
LumiRange 197 - 197
Type 2
X0 0.169557
Y0 -0.180318
Z0 -0.548983
sigmaZ0 7.14903
dxdz 0.000179708
dydz 0.000263544
BeamWidthX 0.0170773
BeamWidthY 0.0153337
dxdy 0.083067
Cov(0,j) 1.24853e-07 -3.97891e-09 0 0 0 0 0 0 0 
Cov(1,j) -3.97891e-09 1.26951e-07 0 0 0 0 0 0 0 
Cov(2,j) 0 0 0.429418 0 0 0 0 0 0 
Cov(3,j) 0 0 0 0.214645 0 0 0 0 0 
Cov(4,j) 0 0 0 0 2.14509e-09 -1.57362e-11 0 0 0 
Cov(5,j) 0 0 0 0 -1.57362e-11 2.18455e-09 0 0 0 
Cov(6,j) 0 0 0 0 0 0 1.28795e-06 0 0 
Cov(7,j) 0 0 0 0 0 0 0 1.04956e-06 0 
Cov(8,j) 0 0 0 0 0 0 0 0 0.00869477 
EmittanceX 0
EmittanceY 0
BetaStar 0
