Runnumber 352568
BeginTimeOfFit 2022.05.29 08:33:41 GMT 1653813221
EndTimeOfFit 2022.05.29 08:34:04 GMT 1653813244
LumiRange 166 - 166
Type 2
X0 0.177069
Y0 -0.181794
Z0 -0.358183
sigmaZ0 6.79401
dxdz 0.000162175
dydz 0.000182964
BeamWidthX 0.0142315
BeamWidthY 0.0152616
dxdy -0.0335355
Cov(0,j) 6.03694e-08 7.41541e-10 0 0 0 0 0 0 0 
Cov(1,j) 7.41541e-10 5.90411e-08 0 0 0 0 0 0 0 
Cov(2,j) 0 0 0.217712 0 0 0 0 0 0 
Cov(3,j) 0 0 0 0.108839 0 0 0 0 0 
Cov(4,j) 0 0 0 0 1.12886e-09 3.08896e-11 0 0 0 
Cov(5,j) 0 0 0 0 3.08896e-11 1.08525e-09 0 0 0 
Cov(6,j) 0 0 0 0 0 0 5.10425e-07 0 0 
Cov(7,j) 0 0 0 0 0 0 0 5.879e-07 0 
Cov(8,j) 0 0 0 0 0 0 0 0 0.00500935 
EmittanceX 0
EmittanceY 0
BetaStar 0
