Runnumber 352417
BeginTimeOfFit 2022.05.27 08:23:07 GMT 1653639787
EndTimeOfFit 2022.05.27 08:23:30 GMT 1653639810
LumiRange 68 - 68
Type 2
X0 0.169551
Y0 -0.182174
Z0 0.475248
sigmaZ0 6.3435
dxdz 0.000185557
dydz 0.000129924
BeamWidthX 0.0122673
BeamWidthY 0.0155318
dxdy 0.235521
Cov(0,j) 6.58369e-08 -5.38073e-10 0 0 0 0 0 0 0 
Cov(1,j) -5.38073e-10 6.69069e-08 0 0 0 0 0 0 0 
Cov(2,j) 0 0 0.273714 0 0 0 0 0 0 
Cov(3,j) 0 0 0 0.136829 0 0 0 0 0 
Cov(4,j) 0 0 0 0 1.51013e-09 1.13846e-11 0 0 0 
Cov(5,j) 0 0 0 0 1.13846e-11 1.54134e-09 0 0 0 
Cov(6,j) 0 0 0 0 0 0 5.72977e-07 0 0 
Cov(7,j) 0 0 0 0 0 0 0 8.70713e-07 0 
Cov(8,j) 0 0 0 0 0 0 0 0 0.00659354 
EmittanceX 0
EmittanceY 0
BetaStar 0
