Runnumber 353015
BeginTimeOfFit 2022.06.04 05:34:03 GMT 1654320843
EndTimeOfFit 2022.06.04 05:34:26 GMT 1654320866
LumiRange 282 - 282
Type 2
X0 0.175174
Y0 -0.17816
Z0 0.34049
sigmaZ0 6.78276
dxdz 0.000102608
dydz 0.000242187
BeamWidthX 0.0145712
BeamWidthY 0.0163789
dxdy 0.000531756
Cov(0,j) 3.7775e-08 -4.18125e-10 0 0 0 0 0 0 0 
Cov(1,j) -4.18125e-10 3.71339e-08 0 0 0 0 0 0 0 
Cov(2,j) 0 0 0.129224 0 0 0 0 0 0 
Cov(3,j) 0 0 0 0.0646062 0 0 0 0 0 
Cov(4,j) 0 0 0 0 7.62699e-10 -3.68019e-12 0 0 0 
Cov(5,j) 0 0 0 0 -3.68019e-12 7.42793e-10 0 0 0 
Cov(6,j) 0 0 0 0 0 0 3.20053e-07 0 0 
Cov(7,j) 0 0 0 0 0 0 0 3.97158e-07 0 
Cov(8,j) 0 0 0 0 0 0 0 0 0.00297298 
EmittanceX 0
EmittanceY 0
BetaStar 0
