Runnumber 352929
BeginTimeOfFit 2022.06.03 11:14:42 GMT 1654254882
EndTimeOfFit 2022.06.03 11:15:05 GMT 1654254905
LumiRange 23 - 23
Type 2
X0 0.169212
Y0 -0.181862
Z0 -0.457843
sigmaZ0 7.47818
dxdz 0.000132027
dydz 0.000263756
BeamWidthX 0.0151119
BeamWidthY 0.016425
dxdy 0.0298515
Cov(0,j) 7.48271e-08 -4.94633e-10 0 0 0 0 0 0 0 
Cov(1,j) -4.94633e-10 7.67179e-08 0 0 0 0 0 0 0 
Cov(2,j) 0 0 0.307236 0 0 0 0 0 0 
Cov(3,j) 0 0 0 0.153589 0 0 0 0 0 
Cov(4,j) 0 0 0 0 1.30932e-09 5.19369e-12 0 0 0 
Cov(5,j) 0 0 0 0 5.19369e-12 1.35633e-09 0 0 0 
Cov(6,j) 0 0 0 0 0 0 6.68794e-07 0 0 
Cov(7,j) 0 0 0 0 0 0 0 7.82237e-07 0 
Cov(8,j) 0 0 0 0 0 0 0 0 0.00584168 
EmittanceX 0
EmittanceY 0
BetaStar 0
