Runnumber 352509
BeginTimeOfFit 2022.05.28 11:13:54 GMT 1653736434
EndTimeOfFit 2022.05.28 11:14:17 GMT 1653736457
LumiRange 96 - 96
Type 2
X0 0.169726
Y0 -0.182301
Z0 -0.863313
sigmaZ0 7.1956
dxdz 0.000133439
dydz 0.000137317
BeamWidthX 0.0167437
BeamWidthY 0.0180615
dxdy -0.00328599
Cov(0,j) 9.05415e-08 1.46164e-09 0 0 0 0 0 0 0 
Cov(1,j) 1.46164e-09 8.89171e-08 0 0 0 0 0 0 0 
Cov(2,j) 0 0 0.340594 0 0 0 0 0 0 
Cov(3,j) 0 0 0 0.170259 0 0 0 0 0 
Cov(4,j) 0 0 0 0 1.60409e-09 1.37511e-11 0 0 0 
Cov(5,j) 0 0 0 0 1.37511e-11 1.5651e-09 0 0 0 
Cov(6,j) 0 0 0 0 0 0 9.76008e-07 0 0 
Cov(7,j) 0 0 0 0 0 0 0 1.12527e-06 0 
Cov(8,j) 0 0 0 0 0 0 0 0 0.00689525 
EmittanceX 0
EmittanceY 0
BetaStar 0
