Runnumber 352425
BeginTimeOfFit 2022.05.27 10:22:15 GMT 1653646935
EndTimeOfFit 2022.05.27 10:22:38 GMT 1653646958
LumiRange 164 - 164
Type 2
X0 0.170223
Y0 -0.182104
Z0 0.551852
sigmaZ0 7.34375
dxdz 0.000108942
dydz 0.000169153
BeamWidthX 0.015991
BeamWidthY 0.0168952
dxdy 0.106332
Cov(0,j) 1.16951e-07 2.02242e-10 0 0 0 0 0 0 0 
Cov(1,j) 2.02242e-10 1.14348e-07 0 0 0 0 0 0 0 
Cov(2,j) 0 0 0.46484 0 0 0 0 0 0 
Cov(3,j) 0 0 0 0.232353 0 0 0 0 0 
Cov(4,j) 0 0 0 0 2.28176e-09 3.14903e-11 0 0 0 
Cov(5,j) 0 0 0 0 3.14903e-11 2.22026e-09 0 0 0 
Cov(6,j) 0 0 0 0 0 0 1.16465e-06 0 0 
Cov(7,j) 0 0 0 0 0 0 0 1.29612e-06 0 
Cov(8,j) 0 0 0 0 0 0 0 0 0.00886554 
EmittanceX 0
EmittanceY 0
BetaStar 0
