Runnumber 352509
BeginTimeOfFit 2022.05.28 11:17:24 GMT 1653736644
EndTimeOfFit 2022.05.28 11:17:47 GMT 1653736667
LumiRange 105 - 105
Type 2
X0 0.169875
Y0 -0.181586
Z0 0.0871833
sigmaZ0 7.15721
dxdz 4.98333e-05
dydz 0.000280228
BeamWidthX 0.0168308
BeamWidthY 0.0164304
dxdy 0.0122407
Cov(0,j) 7.91329e-08 7.05194e-10 0 0 0 0 0 0 0 
Cov(1,j) 7.05194e-10 7.95166e-08 0 0 0 0 0 0 0 
Cov(2,j) 0 0 0.269582 0 0 0 0 0 0 
Cov(3,j) 0 0 0 0.134767 0 0 0 0 0 
Cov(4,j) 0 0 0 0 1.4113e-09 8.78093e-12 0 0 0 
Cov(5,j) 0 0 0 0 8.78093e-12 1.44151e-09 0 0 0 
Cov(6,j) 0 0 0 0 0 0 7.84871e-07 0 0 
Cov(7,j) 0 0 0 0 0 0 0 7.51568e-07 0 
Cov(8,j) 0 0 0 0 0 0 0 0 0.00554506 
EmittanceX 0
EmittanceY 0
BetaStar 0
