Runnumber 353060
BeginTimeOfFit 2022.06.05 09:49:19 GMT 1654422559
EndTimeOfFit 2022.06.05 09:49:42 GMT 1654422582
LumiRange 797 - 797
Type 2
X0 0.164882
Y0 -0.179191
Z0 0.646549
sigmaZ0 6.87958
dxdz 5.97576e-05
dydz 0.000168009
BeamWidthX 0.0166394
BeamWidthY 0.016823
dxdy 0.0323246
Cov(0,j) 9.91756e-08 -1.32707e-09 0 0 0 0 0 0 0 
Cov(1,j) -1.32707e-09 9.72174e-08 0 0 0 0 0 0 0 
Cov(2,j) 0 0 0.303355 0 0 0 0 0 0 
Cov(3,j) 0 0 0 0.151645 0 0 0 0 0 
Cov(4,j) 0 0 0 0 1.67805e-09 -2.47886e-12 0 0 0 
Cov(5,j) 0 0 0 0 -2.47886e-12 1.60427e-09 0 0 0 
Cov(6,j) 0 0 0 0 0 0 9.37731e-07 0 0 
Cov(7,j) 0 0 0 0 0 0 0 9.64087e-07 0 
Cov(8,j) 0 0 0 0 0 0 0 0 0.00673191 
EmittanceX 0
EmittanceY 0
BetaStar 0
