Runnumber 353689
BeginTimeOfFit 2022.06.13 08:14:30 GMT 1655108070
EndTimeOfFit 2022.06.13 08:14:54 GMT 1655108094
LumiRange 46 - 46
Type 2
X0 0.172489
Y0 -0.181951
Z0 0.902398
sigmaZ0 5.60135
dxdz 0.000130266
dydz 0.000179244
BeamWidthX 0.0145383
BeamWidthY 0.0151759
dxdy -0.0103982
Cov(0,j) 3.68641e-08 -5.19112e-10 0 0 0 0 0 0 0 
Cov(1,j) -5.19112e-10 3.60591e-08 0 0 0 0 0 0 0 
Cov(2,j) 0 0 0.0886277 0 0 0 0 0 0 
Cov(3,j) 0 0 0 0.0443098 0 0 0 0 0 
Cov(4,j) 0 0 0 0 1.07494e-09 -2.11426e-11 0 0 0 
Cov(5,j) 0 0 0 0 -2.11426e-11 1.02503e-09 0 0 0 
Cov(6,j) 0 0 0 0 0 0 3.18829e-07 0 0 
Cov(7,j) 0 0 0 0 0 0 0 3.45912e-07 0 
Cov(8,j) 0 0 0 0 0 0 0 0 0.00300106 
EmittanceX 0
EmittanceY 0
BetaStar 0
