Runnumber 352903
BeginTimeOfFit 2022.06.03 07:25:22 GMT 1654241122
EndTimeOfFit 2022.06.03 07:25:46 GMT 1654241146
LumiRange 33 - 33
Type 2
X0 0.170805
Y0 -0.18117
Z0 0.566478
sigmaZ0 6.05114
dxdz 0.000146777
dydz 0.000212672
BeamWidthX 0.0120147
BeamWidthY 0.0140379
dxdy -0.0137471
Cov(0,j) 2.75635e-08 -2.19191e-10 0 0 0 0 0 0 0 
Cov(1,j) -2.19191e-10 2.69373e-08 0 0 0 0 0 0 0 
Cov(2,j) 0 0 0.104316 0 0 0 0 0 0 
Cov(3,j) 0 0 0 0.0521539 0 0 0 0 0 
Cov(4,j) 0 0 0 0 7.0554e-10 -6.39668e-12 0 0 0 
Cov(5,j) 0 0 0 0 -6.39668e-12 6.75203e-10 0 0 0 
Cov(6,j) 0 0 0 0 0 0 2.27869e-07 0 0 
Cov(7,j) 0 0 0 0 0 0 0 3.01529e-07 0 
Cov(8,j) 0 0 0 0 0 0 0 0 0.00310811 
EmittanceX 0
EmittanceY 0
BetaStar 0
