Runnumber 353018
BeginTimeOfFit 2022.06.04 08:33:10 GMT 1654331590
EndTimeOfFit 2022.06.04 08:33:33 GMT 1654331613
LumiRange 333 - 333
Type 2
X0 0.175722
Y0 -0.180257
Z0 0.617634
sigmaZ0 6.62165
dxdz 0.000271136
dydz 0.000252699
BeamWidthX 0.0148445
BeamWidthY 0.01656
dxdy 0.0402015
Cov(0,j) 7.56846e-08 -8.96748e-11 0 0 0 0 0 0 0 
Cov(1,j) -8.96748e-11 7.67783e-08 0 0 0 0 0 0 0 
Cov(2,j) 0 0 0.242223 0 0 0 0 0 0 
Cov(3,j) 0 0 0 0.121091 0 0 0 0 0 
Cov(4,j) 0 0 0 0 1.44252e-09 -1.2276e-11 0 0 0 
Cov(5,j) 0 0 0 0 -1.2276e-11 1.54093e-09 0 0 0 
Cov(6,j) 0 0 0 0 0 0 6.47781e-07 0 0 
Cov(7,j) 0 0 0 0 0 0 0 7.96005e-07 0 
Cov(8,j) 0 0 0 0 0 0 0 0 0.00580096 
EmittanceX 0
EmittanceY 0
BetaStar 0
