Runnumber 352509
BeginTimeOfFit 2022.05.28 11:44:59 GMT 1653738299
EndTimeOfFit 2022.05.28 11:45:22 GMT 1653738322
LumiRange 176 - 176
Type 2
X0 0.170416
Y0 -0.181295
Z0 -0.110711
sigmaZ0 7.01003
dxdz 0.00018106
dydz 0.000275897
BeamWidthX 0.0178145
BeamWidthY 0.0184627
dxdy -0.0689986
Cov(0,j) 9.99462e-08 1.60716e-09 0 0 0 0 0 0 0 
Cov(1,j) 1.60716e-09 1.00455e-07 0 0 0 0 0 0 0 
Cov(2,j) 0 0 0.327564 0 0 0 0 0 0 
Cov(3,j) 0 0 0 0.163744 0 0 0 0 0 
Cov(4,j) 0 0 0 0 1.78067e-09 1.80329e-11 0 0 0 
Cov(5,j) 0 0 0 0 1.80329e-11 1.78246e-09 0 0 0 
Cov(6,j) 0 0 0 0 0 0 1.10989e-06 0 0 
Cov(7,j) 0 0 0 0 0 0 0 1.1835e-06 0 
Cov(8,j) 0 0 0 0 0 0 0 0 0.00686676 
EmittanceX 0
EmittanceY 0
BetaStar 0
