Runnumber 353018
BeginTimeOfFit 2022.06.04 08:38:59 GMT 1654331939
EndTimeOfFit 2022.06.04 08:39:23 GMT 1654331963
LumiRange 348 - 348
Type 2
X0 0.174764
Y0 -0.180937
Z0 -0.0462063
sigmaZ0 7.19661
dxdz 0.000126855
dydz 0.000265639
BeamWidthX 0.0149232
BeamWidthY 0.0159429
dxdy -0.00358882
Cov(0,j) 4.29335e-08 -1.64154e-10 0 0 0 0 0 0 0 
Cov(1,j) -1.64154e-10 4.24677e-08 0 0 0 0 0 0 0 
Cov(2,j) 0 0 0.165457 0 0 0 0 0 0 
Cov(3,j) 0 0 0 0.0827171 0 0 0 0 0 
Cov(4,j) 0 0 0 0 8.43968e-10 -9.25075e-12 0 0 0 
Cov(5,j) 0 0 0 0 -9.25075e-12 8.17465e-10 0 0 0 
Cov(6,j) 0 0 0 0 0 0 3.78252e-07 0 0 
Cov(7,j) 0 0 0 0 0 0 0 4.32163e-07 0 
Cov(8,j) 0 0 0 0 0 0 0 0 0.00339358 
EmittanceX 0
EmittanceY 0
BetaStar 0
