Runnumber 353018
BeginTimeOfFit 2022.06.04 07:50:25 GMT 1654329025
EndTimeOfFit 2022.06.04 07:50:49 GMT 1654329049
LumiRange 223 - 223
Type 2
X0 0.215094
Y0 -0.178891
Z0 -0.483918
sigmaZ0 4.97645
dxdz -0.000392071
dydz 0.000319642
BeamWidthX 0.0177471
BeamWidthY 0.0181558
dxdy -0.239502
Cov(0,j) 9.30026e-07 3.09684e-08 0 0 0 0 0 0 0 
Cov(1,j) 3.09684e-08 8.31904e-07 0 0 0 0 0 0 0 
Cov(2,j) 0 0 2.2495 0 0 0 0 0 0 
Cov(3,j) 0 0 0 1.12227 0 0 0 0 0 
Cov(4,j) 0 0 0 0 2.39916e-08 9.85842e-10 0 0 0 
Cov(5,j) 0 0 0 0 9.85842e-10 2.31617e-08 0 0 0 
Cov(6,j) 0 0 0 0 0 0 1.51328e-05 0 0 
Cov(7,j) 0 0 0 0 0 0 0 1.57291e-05 0 
Cov(8,j) 0 0 0 0 0 0 0 0 0.0825352 
EmittanceX 0
EmittanceY 0
BetaStar 0
