Runnumber 352509
BeginTimeOfFit 2022.05.28 12:07:31 GMT 1653739651
EndTimeOfFit 2022.05.28 12:07:54 GMT 1653739674
LumiRange 234 - 234
Type 2
X0 0.170258
Y0 -0.181147
Z0 -0.13983
sigmaZ0 7.13977
dxdz 0.000101235
dydz 0.000305605
BeamWidthX 0.0155808
BeamWidthY 0.0166599
dxdy -0.0241478
Cov(0,j) 8.30158e-08 1.27831e-09 0 0 0 0 0 0 0 
Cov(1,j) 1.27831e-09 8.49676e-08 0 0 0 0 0 0 0 
Cov(2,j) 0 0 0.308913 0 0 0 0 0 0 
Cov(3,j) 0 0 0 0.154426 0 0 0 0 0 
Cov(4,j) 0 0 0 0 1.36694e-09 2.87509e-11 0 0 0 
Cov(5,j) 0 0 0 0 2.87509e-11 1.44331e-09 0 0 0 
Cov(6,j) 0 0 0 0 0 0 7.80576e-07 0 0 
Cov(7,j) 0 0 0 0 0 0 0 8.89874e-07 0 
Cov(8,j) 0 0 0 0 0 0 0 0 0.0063759 
EmittanceX 0
EmittanceY 0
BetaStar 0
