Runnumber 352509
BeginTimeOfFit 2022.05.28 10:55:15 GMT 1653735315
EndTimeOfFit 2022.05.28 10:55:38 GMT 1653735338
LumiRange 48 - 48
Type 2
X0 0.170152
Y0 -0.180851
Z0 -0.77876
sigmaZ0 7.2935
dxdz 0.000174767
dydz 0.000166126
BeamWidthX 0.0175952
BeamWidthY 0.0169383
dxdy 0.121733
Cov(0,j) 8.51897e-08 7.35104e-10 0 0 0 0 0 0 0 
Cov(1,j) 7.35104e-10 8.55735e-08 0 0 0 0 0 0 0 
Cov(2,j) 0 0 0.281427 0 0 0 0 0 0 
Cov(3,j) 0 0 0 0.140688 0 0 0 0 0 
Cov(4,j) 0 0 0 0 1.46622e-09 3.47005e-11 0 0 0 
Cov(5,j) 0 0 0 0 3.47005e-11 1.46529e-09 0 0 0 
Cov(6,j) 0 0 0 0 0 0 8.55531e-07 0 0 
Cov(7,j) 0 0 0 0 0 0 0 7.94637e-07 0 
Cov(8,j) 0 0 0 0 0 0 0 0 0.00535242 
EmittanceX 0
EmittanceY 0
BetaStar 0
