Runnumber 353018
BeginTimeOfFit 2022.06.04 08:20:44 GMT 1654330844
EndTimeOfFit 2022.06.04 08:21:07 GMT 1654330867
LumiRange 301 - 301
Type 2
X0 0.173945
Y0 -0.180216
Z0 0.301474
sigmaZ0 6.57096
dxdz 6.56882e-06
dydz 0.000153124
BeamWidthX 0.0142819
BeamWidthY 0.0156741
dxdy 0.0274235
Cov(0,j) 7.61238e-08 9.99259e-10 0 0 0 0 0 0 0 
Cov(1,j) 9.99259e-10 7.41749e-08 0 0 0 0 0 0 0 
Cov(2,j) 0 0 0.23853 0 0 0 0 0 0 
Cov(3,j) 0 0 0 0.119244 0 0 0 0 0 
Cov(4,j) 0 0 0 0 1.60686e-09 2.81074e-11 0 0 0 
Cov(5,j) 0 0 0 0 2.81074e-11 1.57481e-09 0 0 0 
Cov(6,j) 0 0 0 0 0 0 6.09115e-07 0 0 
Cov(7,j) 0 0 0 0 0 0 0 7.22817e-07 0 
Cov(8,j) 0 0 0 0 0 0 0 0 0.00590674 
EmittanceX 0
EmittanceY 0
BetaStar 0
