Runnumber 352568
BeginTimeOfFit 2022.05.29 10:57:26 GMT 1653821846
EndTimeOfFit 2022.05.29 10:57:49 GMT 1653821869
LumiRange 536 - 536
Type 2
X0 0.176383
Y0 -0.180796
Z0 -0.810051
sigmaZ0 6.45934
dxdz 0.000155996
dydz 9.24693e-05
BeamWidthX 0.0158069
BeamWidthY 0.0169508
dxdy 0.00467111
Cov(0,j) 8.53241e-08 3.49848e-10 0 0 0 0 0 0 0 
Cov(1,j) 3.49848e-10 8.67556e-08 0 0 0 0 0 0 0 
Cov(2,j) 0 0 0.257526 0 0 0 0 0 0 
Cov(3,j) 0 0 0 0.128738 0 0 0 0 0 
Cov(4,j) 0 0 0 0 1.9161e-09 -8.73095e-13 0 0 0 
Cov(5,j) 0 0 0 0 -8.73095e-13 1.9589e-09 0 0 0 
Cov(6,j) 0 0 0 0 0 0 8.20972e-07 0 0 
Cov(7,j) 0 0 0 0 0 0 0 9.36474e-07 0 
Cov(8,j) 0 0 0 0 0 0 0 0 0.00651256 
EmittanceX 0
EmittanceY 0
BetaStar 0
