Runnumber 353706
BeginTimeOfFit 2022.06.13 11:04:52 GMT 1655118292
EndTimeOfFit 2022.06.13 11:05:16 GMT 1655118316
LumiRange 119 - 119
Type 2
X0 0.171716
Y0 -0.180905
Z0 0.269931
sigmaZ0 6.52664
dxdz 0.000176455
dydz 0.000256761
BeamWidthX 0.0163891
BeamWidthY 0.0179856
dxdy -0.00731402
Cov(0,j) 8.11442e-08 -6.30925e-10 0 0 0 0 0 0 0 
Cov(1,j) -6.30925e-10 7.8576e-08 0 0 0 0 0 0 0 
Cov(2,j) 0 0 0.227773 0 0 0 0 0 0 
Cov(3,j) 0 0 0 0.113867 0 0 0 0 0 
Cov(4,j) 0 0 0 0 1.49146e-09 -1.94662e-11 0 0 0 
Cov(5,j) 0 0 0 0 -1.94662e-11 1.49353e-09 0 0 0 
Cov(6,j) 0 0 0 0 0 0 7.56668e-07 0 0 
Cov(7,j) 0 0 0 0 0 0 0 9.05579e-07 0 
Cov(8,j) 0 0 0 0 0 0 0 0 0.00560462 
EmittanceX 0
EmittanceY 0
BetaStar 0
