Runnumber 352509
BeginTimeOfFit 2022.05.28 11:57:02 GMT 1653739022
EndTimeOfFit 2022.05.28 11:57:25 GMT 1653739045
LumiRange 207 - 207
Type 2
X0 0.170304
Y0 -0.181368
Z0 -0.739765
sigmaZ0 8.39246
dxdz 0.00010849
dydz 0.000156676
BeamWidthX 0.0149965
BeamWidthY 0.0164446
dxdy -0.0273056
Cov(0,j) 8.15006e-08 3.64793e-10 0 0 0 0 0 0 0 
Cov(1,j) 3.64793e-10 8.12509e-08 0 0 0 0 0 0 0 
Cov(2,j) 0 0 0.499436 0 0 0 0 0 0 
Cov(3,j) 0 0 0 0.24965 0 0 0 0 0 
Cov(4,j) 0 0 0 0 1.37142e-09 -1.55264e-12 0 0 0 
Cov(5,j) 0 0 0 0 -1.55264e-12 1.35014e-09 0 0 0 
Cov(6,j) 0 0 0 0 0 0 8.46042e-07 0 0 
Cov(7,j) 0 0 0 0 0 0 0 1.00955e-06 0 
Cov(8,j) 0 0 0 0 0 0 0 0 0.00748634 
EmittanceX 0
EmittanceY 0
BetaStar 0
