Runnumber 353060
BeginTimeOfFit 2022.06.05 06:30:47 GMT 1654410647
EndTimeOfFit 2022.06.05 06:31:10 GMT 1654410670
LumiRange 286 - 286
Type 2
X0 0.166926
Y0 -0.178931
Z0 0.319675
sigmaZ0 7.08542
dxdz 0.00014396
dydz 0.000210601
BeamWidthX 0.0145784
BeamWidthY 0.0144729
dxdy 0.0360686
Cov(0,j) 4.75659e-08 2.36798e-11 0 0 0 0 0 0 0 
Cov(1,j) 2.36798e-11 4.65613e-08 0 0 0 0 0 0 0 
Cov(2,j) 0 0 0.200798 0 0 0 0 0 0 
Cov(3,j) 0 0 0 0.100386 0 0 0 0 0 
Cov(4,j) 0 0 0 0 8.93672e-10 -1.36263e-11 0 0 0 
Cov(5,j) 0 0 0 0 -1.36263e-11 8.65287e-10 0 0 0 
Cov(6,j) 0 0 0 0 0 0 4.52524e-07 0 0 
Cov(7,j) 0 0 0 0 0 0 0 4.44728e-07 0 
Cov(8,j) 0 0 0 0 0 0 0 0 0.00424236 
EmittanceX 0
EmittanceY 0
BetaStar 0
