Runnumber 353015
BeginTimeOfFit 2022.06.04 04:59:28 GMT 1654318768
EndTimeOfFit 2022.06.04 04:59:51 GMT 1654318791
LumiRange 193 - 193
Type 2
X0 0.175998
Y0 -0.179621
Z0 0.0937585
sigmaZ0 6.66469
dxdz 0.000149264
dydz 0.000193805
BeamWidthX 0.0144822
BeamWidthY 0.0146949
dxdy -0.0583357
Cov(0,j) 2.9634e-08 1.78159e-10 0 0 0 0 0 0 0 
Cov(1,j) 1.78159e-10 2.93161e-08 0 0 0 0 0 0 0 
Cov(2,j) 0 0 0.108864 0 0 0 0 0 0 
Cov(3,j) 0 0 0 0.0544276 0 0 0 0 0 
Cov(4,j) 0 0 0 0 6.35067e-10 2.13751e-12 0 0 0 
Cov(5,j) 0 0 0 0 2.13751e-12 6.39275e-10 0 0 0 
Cov(6,j) 0 0 0 0 0 0 2.7469e-07 0 0 
Cov(7,j) 0 0 0 0 0 0 0 2.82517e-07 0 
Cov(8,j) 0 0 0 0 0 0 0 0 0.00258726 
EmittanceX 0
EmittanceY 0
BetaStar 0
