Runnumber 353709
BeginTimeOfFit 2022.06.13 12:37:10 GMT 1655123830
EndTimeOfFit 2022.06.13 12:37:33 GMT 1655123853
LumiRange 157 - 157
Type 2
X0 0.173439
Y0 -0.180003
Z0 0.501734
sigmaZ0 6.67317
dxdz 0.00011084
dydz 0.000167193
BeamWidthX 0.0145912
BeamWidthY 0.0187337
dxdy -0.0174554
Cov(0,j) 9.9453e-08 -5.42293e-10 0 0 0 0 0 0 0 
Cov(1,j) -5.42293e-10 9.7701e-08 0 0 0 0 0 0 0 
Cov(2,j) 0 0 0.345159 0 0 0 0 0 0 
Cov(3,j) 0 0 0 0.172538 0 0 0 0 0 
Cov(4,j) 0 0 0 0 1.78635e-09 -3.32784e-11 0 0 0 
Cov(5,j) 0 0 0 0 -3.32784e-11 1.66231e-09 0 0 0 
Cov(6,j) 0 0 0 0 0 0 8.93148e-07 0 0 
Cov(7,j) 0 0 0 0 0 0 0 1.41524e-06 0 
Cov(8,j) 0 0 0 0 0 0 0 0 0.00814113 
EmittanceX 0
EmittanceY 0
BetaStar 0
