Runnumber 353689
BeginTimeOfFit 2022.06.13 08:40:09 GMT 1655109609
EndTimeOfFit 2022.06.13 08:40:32 GMT 1655109632
LumiRange 112 - 112
Type 2
X0 0.171868
Y0 -0.18167
Z0 1.18422
sigmaZ0 6.26487
dxdz 0.000178709
dydz 0.000217745
BeamWidthX 0.014883
BeamWidthY 0.0142818
dxdy -0.000744003
Cov(0,j) 3.88134e-08 -5.11185e-10 0 0 0 0 0 0 0 
Cov(1,j) -5.11185e-10 3.85595e-08 0 0 0 0 0 0 0 
Cov(2,j) 0 0 0.129956 0 0 0 0 0 0 
Cov(3,j) 0 0 0 0.064972 0 0 0 0 0 
Cov(4,j) 0 0 0 0 9.43531e-10 -1.54887e-11 0 0 0 
Cov(5,j) 0 0 0 0 -1.54887e-11 9.55505e-10 0 0 0 
Cov(6,j) 0 0 0 0 0 0 3.89042e-07 0 0 
Cov(7,j) 0 0 0 0 0 0 0 3.60785e-07 0 
Cov(8,j) 0 0 0 0 0 0 0 0 0.00352462 
EmittanceX 0
EmittanceY 0
BetaStar 0
