Runnumber 352509
BeginTimeOfFit 2022.05.28 12:24:13 GMT 1653740653
EndTimeOfFit 2022.05.28 12:24:37 GMT 1653740677
LumiRange 277 - 277
Type 2
X0 0.170641
Y0 -0.181686
Z0 -0.352347
sigmaZ0 8.01331
dxdz 0.00010286
dydz 7.08515e-05
BeamWidthX 0.0156196
BeamWidthY 0.018922
dxdy -0.000711701
Cov(0,j) 9.56441e-08 2.82876e-14 0 0 0 0 0 0 0 
Cov(1,j) 2.82876e-14 9.85878e-08 0 0 0 0 0 0 0 
Cov(2,j) 0 0 0.408939 0 0 0 0 0 0 
Cov(3,j) 0 0 0 0.204422 0 0 0 0 0 
Cov(4,j) 0 0 0 0 1.66126e-09 2.47252e-12 0 0 0 
Cov(5,j) 0 0 0 0 2.47252e-12 1.73225e-09 0 0 0 
Cov(6,j) 0 0 0 0 0 0 8.24253e-07 0 0 
Cov(7,j) 0 0 0 0 0 0 0 1.18792e-06 0 
Cov(8,j) 0 0 0 0 0 0 0 0 0.00668606 
EmittanceX 0
EmittanceY 0
BetaStar 0
