Runnumber 353060
BeginTimeOfFit 2022.06.05 05:58:08 GMT 1654408688
EndTimeOfFit 2022.06.05 05:58:32 GMT 1654408712
LumiRange 202 - 202
Type 2
X0 0.166911
Y0 -0.179545
Z0 0.331751
sigmaZ0 6.89932
dxdz 8.33898e-05
dydz 0.000139464
BeamWidthX 0.014003
BeamWidthY 0.0148003
dxdy 0.118722
Cov(0,j) 4.15581e-08 -1.85911e-10 0 0 0 0 0 0 0 
Cov(1,j) -1.85911e-10 4.04993e-08 0 0 0 0 0 0 0 
Cov(2,j) 0 0 0.171215 0 0 0 0 0 0 
Cov(3,j) 0 0 0 0.0855983 0 0 0 0 0 
Cov(4,j) 0 0 0 0 7.96865e-10 7.04347e-12 0 0 0 
Cov(5,j) 0 0 0 0 7.04347e-12 7.58553e-10 0 0 0 
Cov(6,j) 0 0 0 0 0 0 3.78144e-07 0 0 
Cov(7,j) 0 0 0 0 0 0 0 4.25502e-07 0 
Cov(8,j) 0 0 0 0 0 0 0 0 0.00374536 
EmittanceX 0
EmittanceY 0
BetaStar 0
