Runnumber 353015
BeginTimeOfFit 2022.06.04 05:07:38 GMT 1654319258
EndTimeOfFit 2022.06.04 05:08:01 GMT 1654319281
LumiRange 214 - 214
Type 2
X0 0.175912
Y0 -0.178236
Z0 -0.15417
sigmaZ0 6.60871
dxdz 0.000201283
dydz 0.000174127
BeamWidthX 0.0139693
BeamWidthY 0.0142733
dxdy -0.0531258
Cov(0,j) 2.97684e-08 -1.46667e-10 0 0 0 0 0 0 0 
Cov(1,j) -1.46667e-10 2.93014e-08 0 0 0 0 0 0 0 
Cov(2,j) 0 0 0.126223 0 0 0 0 0 0 
Cov(3,j) 0 0 0 0.0631057 0 0 0 0 0 
Cov(4,j) 0 0 0 0 6.43143e-10 -1.0617e-12 0 0 0 
Cov(5,j) 0 0 0 0 -1.0617e-12 6.16263e-10 0 0 0 
Cov(6,j) 0 0 0 0 0 0 3.02597e-07 0 0 
Cov(7,j) 0 0 0 0 0 0 0 3.14945e-07 0 
Cov(8,j) 0 0 0 0 0 0 0 0 0.00309151 
EmittanceX 0
EmittanceY 0
BetaStar 0
