Runnumber 353709
BeginTimeOfFit 2022.06.13 12:35:36 GMT 1655123736
EndTimeOfFit 2022.06.13 12:36:00 GMT 1655123760
LumiRange 153 - 153
Type 2
X0 0.173544
Y0 -0.179367
Z0 0.265542
sigmaZ0 7.45098
dxdz 0.000100762
dydz 8.1932e-05
BeamWidthX 0.0176655
BeamWidthY 0.0167691
dxdy 0.118153
Cov(0,j) 1.06417e-07 7.21568e-10 0 0 0 0 0 0 0 
Cov(1,j) 7.21568e-10 1.06984e-07 0 0 0 0 0 0 0 
Cov(2,j) 0 0 0.399345 0 0 0 0 0 0 
Cov(3,j) 0 0 0 0.199623 0 0 0 0 0 
Cov(4,j) 0 0 0 0 1.87273e-09 -8.14773e-12 0 0 0 
Cov(5,j) 0 0 0 0 -8.14773e-12 1.85839e-09 0 0 0 
Cov(6,j) 0 0 0 0 0 0 1.17433e-06 0 0 
Cov(7,j) 0 0 0 0 0 0 0 1.06367e-06 0 
Cov(8,j) 0 0 0 0 0 0 0 0 0.00733558 
EmittanceX 0
EmittanceY 0
BetaStar 0
