Runnumber 353015
BeginTimeOfFit 2022.06.04 04:51:19 GMT 1654318279
EndTimeOfFit 2022.06.04 04:51:42 GMT 1654318302
LumiRange 172 - 172
Type 2
X0 0.176011
Y0 -0.178059
Z0 0.431661
sigmaZ0 6.25704
dxdz 9.47558e-05
dydz 0.000177596
BeamWidthX 0.0130491
BeamWidthY 0.0149548
dxdy 0.0134777
Cov(0,j) 2.71262e-08 -4.05154e-12 0 0 0 0 0 0 0 
Cov(1,j) -4.05154e-12 2.66255e-08 0 0 0 0 0 0 0 
Cov(2,j) 0 0 0.0943356 0 0 0 0 0 0 
Cov(3,j) 0 0 0 0.0471642 0 0 0 0 0 
Cov(4,j) 0 0 0 0 6.05453e-10 5.13655e-13 0 0 0 
Cov(5,j) 0 0 0 0 5.13655e-13 5.96676e-10 0 0 0 
Cov(6,j) 0 0 0 0 0 0 2.22316e-07 0 0 
Cov(7,j) 0 0 0 0 0 0 0 2.87552e-07 0 
Cov(8,j) 0 0 0 0 0 0 0 0 0.00258219 
EmittanceX 0
EmittanceY 0
BetaStar 0
