Runnumber 352568
BeginTimeOfFit 2022.05.29 08:48:50 GMT 1653814130
EndTimeOfFit 2022.05.29 08:49:13 GMT 1653814153
LumiRange 205 - 205
Type 2
X0 0.177087
Y0 -0.181764
Z0 -0.0290449
sigmaZ0 6.99447
dxdz 0.000205708
dydz 0.000197131
BeamWidthX 0.0150194
BeamWidthY 0.0147902
dxdy -0.0347635
Cov(0,j) 6.2686e-08 4.24626e-10 0 0 0 0 0 0 0 
Cov(1,j) 4.24626e-10 6.29537e-08 0 0 0 0 0 0 0 
Cov(2,j) 0 0 0.236321 0 0 0 0 0 0 
Cov(3,j) 0 0 0 0.118141 0 0 0 0 0 
Cov(4,j) 0 0 0 0 1.1272e-09 -1.92178e-11 0 0 0 
Cov(5,j) 0 0 0 0 -1.92178e-11 1.11716e-09 0 0 0 
Cov(6,j) 0 0 0 0 0 0 5.81399e-07 0 0 
Cov(7,j) 0 0 0 0 0 0 0 5.67266e-07 0 
Cov(8,j) 0 0 0 0 0 0 0 0 0.00511305 
EmittanceX 0
EmittanceY 0
BetaStar 0
