Runnumber 353015
BeginTimeOfFit 2022.06.04 04:33:50 GMT 1654317230
EndTimeOfFit 2022.06.04 04:34:13 GMT 1654317253
LumiRange 127 - 127
Type 2
X0 0.176242
Y0 -0.178439
Z0 0.0322508
sigmaZ0 6.54212
dxdz 0.000198745
dydz 0.000177469
BeamWidthX 0.0142349
BeamWidthY 0.0142015
dxdy 0.0142567
Cov(0,j) 2.5913e-08 -1.3962e-10 0 0 0 0 0 0 0 
Cov(1,j) -1.3962e-10 2.57449e-08 0 0 0 0 0 0 0 
Cov(2,j) 0 0 0.0920386 0 0 0 0 0 0 
Cov(3,j) 0 0 0 0.0460162 0 0 0 0 0 
Cov(4,j) 0 0 0 0 6.0228e-10 -4.08246e-12 0 0 0 
Cov(5,j) 0 0 0 0 -4.08246e-12 6.01762e-10 0 0 0 
Cov(6,j) 0 0 0 0 0 0 2.33669e-07 0 0 
Cov(7,j) 0 0 0 0 0 0 0 2.31929e-07 0 
Cov(8,j) 0 0 0 0 0 0 0 0 0.002306 
EmittanceX 0
EmittanceY 0
BetaStar 0
