Runnumber 353018
BeginTimeOfFit 2022.06.04 08:49:29 GMT 1654332569
EndTimeOfFit 2022.06.04 08:49:52 GMT 1654332592
LumiRange 375 - 375
Type 2
X0 0.237107
Y0 -0.180191
Z0 0.99129
sigmaZ0 6.69358
dxdz 0.000174205
dydz 0.000208702
BeamWidthX 0.0128632
BeamWidthY 0.0143221
dxdy -0.0488155
Cov(0,j) 3.55652e-08 -3.68526e-10 0 0 0 0 0 0 0 
Cov(1,j) -3.68526e-10 3.53087e-08 0 0 0 0 0 0 0 
Cov(2,j) 0 0 0.194787 0 0 0 0 0 0 
Cov(3,j) 0 0 0 0.0973797 0 0 0 0 0 
Cov(4,j) 0 0 0 0 6.98176e-10 -6.05393e-12 0 0 0 
Cov(5,j) 0 0 0 0 -6.05393e-12 6.88632e-10 0 0 0 
Cov(6,j) 0 0 0 0 0 0 3.89728e-07 0 0 
Cov(7,j) 0 0 0 0 0 0 0 4.78679e-07 0 
Cov(8,j) 0 0 0 0 0 0 0 0 0.00465172 
EmittanceX 0
EmittanceY 0
BetaStar 0
