Runnumber 352568
BeginTimeOfFit 2022.05.29 07:47:27 GMT 1653810447
EndTimeOfFit 2022.05.29 07:47:50 GMT 1653810470
LumiRange 47 - 47
Type 2
X0 0.176601
Y0 -0.181812
Z0 -0.303598
sigmaZ0 7.2661
dxdz 0.000187128
dydz 0.000251232
BeamWidthX 0.0143881
BeamWidthY 0.0155372
dxdy 0.0221026
Cov(0,j) 5.11514e-08 8.1881e-10 0 0 0 0 0 0 0 
Cov(1,j) 8.1881e-10 4.99895e-08 0 0 0 0 0 0 0 
Cov(2,j) 0 0 0.217251 0 0 0 0 0 0 
Cov(3,j) 0 0 0 0.10861 0 0 0 0 0 
Cov(4,j) 0 0 0 0 9.9182e-10 8.88158e-12 0 0 0 
Cov(5,j) 0 0 0 0 8.88158e-12 9.77893e-10 0 0 0 
Cov(6,j) 0 0 0 0 0 0 4.59406e-07 0 0 
Cov(7,j) 0 0 0 0 0 0 0 5.25785e-07 0 
Cov(8,j) 0 0 0 0 0 0 0 0 0.00439354 
EmittanceX 0
EmittanceY 0
BetaStar 0
