Runnumber 353702
BeginTimeOfFit 2022.06.13 09:33:10 GMT 1655112790
EndTimeOfFit 2022.06.13 09:33:33 GMT 1655112813
LumiRange 6 - 6
Type 2
X0 0.171948
Y0 -0.181035
Z0 0.788912
sigmaZ0 6.73142
dxdz 0.000172148
dydz 0.000115103
BeamWidthX 0.014591
BeamWidthY 0.0152185
dxdy -0.0347836
Cov(0,j) 4.7908e-08 4.58223e-11 0 0 0 0 0 0 0 
Cov(1,j) 4.58223e-11 4.77166e-08 0 0 0 0 0 0 0 
Cov(2,j) 0 0 0.167812 0 0 0 0 0 0 
Cov(3,j) 0 0 0 0.0838947 0 0 0 0 0 
Cov(4,j) 0 0 0 0 9.89968e-10 -3.84315e-12 0 0 0 
Cov(5,j) 0 0 0 0 -3.84315e-12 1.00592e-09 0 0 0 
Cov(6,j) 0 0 0 0 0 0 4.20911e-07 0 0 
Cov(7,j) 0 0 0 0 0 0 0 4.56194e-07 0 
Cov(8,j) 0 0 0 0 0 0 0 0 0.00394345 
EmittanceX 0
EmittanceY 0
BetaStar 0
