Runnumber 352425
BeginTimeOfFit 2022.05.27 11:42:17 GMT 1653651737
EndTimeOfFit 2022.05.27 11:42:40 GMT 1653651760
LumiRange 370 - 370
Type 2
X0 0.168982
Y0 -0.182433
Z0 0.576471
sigmaZ0 7.2371
dxdz 0.000162383
dydz 0.000225284
BeamWidthX 0.0139621
BeamWidthY 0.0164621
dxdy -0.125083
Cov(0,j) 1.22001e-07 -1.13328e-09 0 0 0 0 0 0 0 
Cov(1,j) -1.13328e-09 1.22512e-07 0 0 0 0 0 0 0 
Cov(2,j) 0 0 0.498724 0 0 0 0 0 0 
Cov(3,j) 0 0 0 0.249281 0 0 0 0 0 
Cov(4,j) 0 0 0 0 2.25965e-09 -4.19261e-11 0 0 0 
Cov(5,j) 0 0 0 0 -4.19261e-11 2.20278e-09 0 0 0 
Cov(6,j) 0 0 0 0 0 0 9.96194e-07 0 0 
Cov(7,j) 0 0 0 0 0 0 0 1.35458e-06 0 
Cov(8,j) 0 0 0 0 0 0 0 0 0.00973674 
EmittanceX 0
EmittanceY 0
BetaStar 0
