Runnumber 352509
BeginTimeOfFit 2022.05.28 12:04:25 GMT 1653739465
EndTimeOfFit 2022.05.28 12:04:48 GMT 1653739488
LumiRange 226 - 226
Type 2
X0 0.169705
Y0 -0.181503
Z0 -0.33664
sigmaZ0 7.27916
dxdz 0.000212964
dydz 0.000264007
BeamWidthX 0.0177034
BeamWidthY 0.0171861
dxdy -0.0710484
Cov(0,j) 9.33684e-08 1.25483e-09 0 0 0 0 0 0 0 
Cov(1,j) 1.25483e-09 9.24762e-08 0 0 0 0 0 0 0 
Cov(2,j) 0 0 0.286382 0 0 0 0 0 0 
Cov(3,j) 0 0 0 0.143165 0 0 0 0 0 
Cov(4,j) 0 0 0 0 1.61199e-09 2.78659e-11 0 0 0 
Cov(5,j) 0 0 0 0 2.78659e-11 1.63547e-09 0 0 0 
Cov(6,j) 0 0 0 0 0 0 8.87607e-07 0 0 
Cov(7,j) 0 0 0 0 0 0 0 8.42083e-07 0 
Cov(8,j) 0 0 0 0 0 0 0 0 0.00560662 
EmittanceX 0
EmittanceY 0
BetaStar 0
