Runnumber 353709
BeginTimeOfFit 2022.06.13 11:50:09 GMT 1655121009
EndTimeOfFit 2022.06.13 11:50:32 GMT 1655121032
LumiRange 36 - 36
Type 2
X0 0.172312
Y0 -0.18079
Z0 0.873451
sigmaZ0 7.25393
dxdz 9.37869e-05
dydz 0.000240726
BeamWidthX 0.0165059
BeamWidthY 0.0177388
dxdy 0.000528373
Cov(0,j) 8.84742e-08 2.69968e-11 0 0 0 0 0 0 0 
Cov(1,j) 2.69968e-11 8.95941e-08 0 0 0 0 0 0 0 
Cov(2,j) 0 0 0.297253 0 0 0 0 0 0 
Cov(3,j) 0 0 0 0.148598 0 0 0 0 0 
Cov(4,j) 0 0 0 0 1.58426e-09 3.73615e-11 0 0 0 
Cov(5,j) 0 0 0 0 3.73615e-11 1.62512e-09 0 0 0 
Cov(6,j) 0 0 0 0 0 0 8.10964e-07 0 0 
Cov(7,j) 0 0 0 0 0 0 0 9.2784e-07 0 
Cov(8,j) 0 0 0 0 0 0 0 0 0.00593236 
EmittanceX 0
EmittanceY 0
BetaStar 0
