Runnumber 353709
BeginTimeOfFit 2022.06.13 12:15:24 GMT 1655122524
EndTimeOfFit 2022.06.13 12:15:48 GMT 1655122548
LumiRange 101 - 101
Type 2
X0 0.173174
Y0 -0.179695
Z0 0.372753
sigmaZ0 7.76481
dxdz 0.000148989
dydz 0.000234511
BeamWidthX 0.0176171
BeamWidthY 0.0161802
dxdy 0.113837
Cov(0,j) 9.44717e-08 1.17182e-09 0 0 0 0 0 0 0 
Cov(1,j) 1.17182e-09 9.42316e-08 0 0 0 0 0 0 0 
Cov(2,j) 0 0 0.404586 0 0 0 0 0 0 
Cov(3,j) 0 0 0 0.202237 0 0 0 0 0 
Cov(4,j) 0 0 0 0 1.70819e-09 1.32799e-11 0 0 0 
Cov(5,j) 0 0 0 0 1.32799e-11 1.68228e-09 0 0 0 
Cov(6,j) 0 0 0 0 0 0 1.09348e-06 0 0 
Cov(7,j) 0 0 0 0 0 0 0 9.30501e-07 0 
Cov(8,j) 0 0 0 0 0 0 0 0 0.00685169 
EmittanceX 0
EmittanceY 0
BetaStar 0
