Runnumber 353060
BeginTimeOfFit 2022.06.05 06:29:13 GMT 1654410553
EndTimeOfFit 2022.06.05 06:29:37 GMT 1654410577
LumiRange 282 - 282
Type 2
X0 0.16675
Y0 -0.179114
Z0 0.129468
sigmaZ0 7.58009
dxdz 9.60049e-05
dydz 0.000174067
BeamWidthX 0.0158575
BeamWidthY 0.0141927
dxdy 0.0325783
Cov(0,j) 5.01768e-08 -2.09399e-10 0 0 0 0 0 0 0 
Cov(1,j) -2.09399e-10 4.95329e-08 0 0 0 0 0 0 0 
Cov(2,j) 0 0 0.250885 0 0 0 0 0 0 
Cov(3,j) 0 0 0 0.125423 0 0 0 0 0 
Cov(4,j) 0 0 0 0 8.95351e-10 5.95619e-12 0 0 0 
Cov(5,j) 0 0 0 0 5.95619e-12 9.11191e-10 0 0 0 
Cov(6,j) 0 0 0 0 0 0 5.82039e-07 0 0 
Cov(7,j) 0 0 0 0 0 0 0 4.70932e-07 0 
Cov(8,j) 0 0 0 0 0 0 0 0 0.00462796 
EmittanceX 0
EmittanceY 0
BetaStar 0
