Runnumber 353018
BeginTimeOfFit 2022.06.04 08:18:24 GMT 1654330704
EndTimeOfFit 2022.06.04 08:18:47 GMT 1654330727
LumiRange 295 - 295
Type 2
X0 0.175155
Y0 -0.180189
Z0 -0.986513
sigmaZ0 7.43953
dxdz 0.000146035
dydz 0.000241535
BeamWidthX 0.0133558
BeamWidthY 0.0153915
dxdy -0.0189961
Cov(0,j) 7.65175e-08 -2.88447e-11 0 0 0 0 0 0 0 
Cov(1,j) -2.88447e-11 7.51766e-08 0 0 0 0 0 0 0 
Cov(2,j) 0 0 0.335393 0 0 0 0 0 0 
Cov(3,j) 0 0 0 0.167664 0 0 0 0 0 
Cov(4,j) 0 0 0 0 1.50534e-09 4.14936e-11 0 0 0 
Cov(5,j) 0 0 0 0 4.14936e-11 1.47778e-09 0 0 0 
Cov(6,j) 0 0 0 0 0 0 5.89746e-07 0 0 
Cov(7,j) 0 0 0 0 0 0 0 7.57646e-07 0 
Cov(8,j) 0 0 0 0 0 0 0 0 0.00648543 
EmittanceX 0
EmittanceY 0
BetaStar 0
