Runnumber 352568
BeginTimeOfFit 2022.05.29 11:49:06 GMT 1653824946
EndTimeOfFit 2022.05.29 11:49:30 GMT 1653824970
LumiRange 669 - 669
Type 2
X0 0.177848
Y0 -0.181394
Z0 -0.379897
sigmaZ0 6.6665
dxdz 0.000268119
dydz 0.000121382
BeamWidthX 0.0145646
BeamWidthY 0.0156145
dxdy 0.0530688
Cov(0,j) 8.50002e-08 -7.7894e-10 0 0 0 0 0 0 0 
Cov(1,j) -7.7894e-10 8.33578e-08 0 0 0 0 0 0 0 
Cov(2,j) 0 0 0.302295 0 0 0 0 0 0 
Cov(3,j) 0 0 0 0.151117 0 0 0 0 0 
Cov(4,j) 0 0 0 0 1.80845e-09 -9.99995e-12 0 0 0 
Cov(5,j) 0 0 0 0 -9.99995e-12 1.72065e-09 0 0 0 
Cov(6,j) 0 0 0 0 0 0 7.83953e-07 0 0 
Cov(7,j) 0 0 0 0 0 0 0 8.76873e-07 0 
Cov(8,j) 0 0 0 0 0 0 0 0 0.00720392 
EmittanceX 0
EmittanceY 0
BetaStar 0
