Runnumber 353689
BeginTimeOfFit 2022.06.13 08:53:45 GMT 1655110425
EndTimeOfFit 2022.06.13 08:54:08 GMT 1655110448
LumiRange 147 - 147
Type 2
X0 0.171591
Y0 -0.181731
Z0 0.893278
sigmaZ0 6.74649
dxdz 0.000119618
dydz 0.000176484
BeamWidthX 0.0147819
BeamWidthY 0.0153415
dxdy -0.0280605
Cov(0,j) 4.32951e-08 -4.74371e-10 0 0 0 0 0 0 0 
Cov(1,j) -4.74371e-10 4.24479e-08 0 0 0 0 0 0 0 
Cov(2,j) 0 0 0.135053 0 0 0 0 0 0 
Cov(3,j) 0 0 0 0.0675203 0 0 0 0 0 
Cov(4,j) 0 0 0 0 1.0087e-09 -3.58144e-11 0 0 0 
Cov(5,j) 0 0 0 0 -3.58144e-11 9.75608e-10 0 0 0 
Cov(6,j) 0 0 0 0 0 0 3.46781e-07 0 0 
Cov(7,j) 0 0 0 0 0 0 0 3.71051e-07 0 
Cov(8,j) 0 0 0 0 0 0 0 0 0.00314688 
EmittanceX 0
EmittanceY 0
BetaStar 0
