Runnumber 352568
BeginTimeOfFit 2022.05.29 11:09:05 GMT 1653822545
EndTimeOfFit 2022.05.29 11:09:29 GMT 1653822569
LumiRange 566 - 566
Type 2
X0 0.177481
Y0 -0.181047
Z0 0.282515
sigmaZ0 6.61129
dxdz 0.000164918
dydz 0.000190154
BeamWidthX 0.0117755
BeamWidthY 0.0145434
dxdy -0.0865527
Cov(0,j) 6.38136e-08 1.23502e-09 0 0 0 0 0 0 0 
Cov(1,j) 1.23502e-09 6.43719e-08 0 0 0 0 0 0 0 
Cov(2,j) 0 0 0.291364 0 0 0 0 0 0 
Cov(3,j) 0 0 0 0.145651 0 0 0 0 0 
Cov(4,j) 0 0 0 0 1.36432e-09 4.17703e-11 0 0 0 
Cov(5,j) 0 0 0 0 4.17703e-11 1.45329e-09 0 0 0 
Cov(6,j) 0 0 0 0 0 0 5.0902e-07 0 0 
Cov(7,j) 0 0 0 0 0 0 0 7.57014e-07 0 
Cov(8,j) 0 0 0 0 0 0 0 0 0.00712185 
EmittanceX 0
EmittanceY 0
BetaStar 0
