Runnumber 353060
BeginTimeOfFit 2022.06.05 10:27:46 GMT 1654424866
EndTimeOfFit 2022.06.05 10:28:10 GMT 1654424890
LumiRange 896 - 896
Type 2
X0 0.169115
Y0 -0.180287
Z0 0.169337
sigmaZ0 7.8676
dxdz 0.000121469
dydz 0.000220615
BeamWidthX 0.0157768
BeamWidthY 0.0163584
dxdy 0.0900817
Cov(0,j) 1.11806e-07 1.0894e-09 0 0 0 0 0 0 0 
Cov(1,j) 1.0894e-09 1.05842e-07 0 0 0 0 0 0 0 
Cov(2,j) 0 0 0.491174 0 0 0 0 0 0 
Cov(3,j) 0 0 0 0.245507 0 0 0 0 0 
Cov(4,j) 0 0 0 0 1.86948e-09 1.97819e-11 0 0 0 
Cov(5,j) 0 0 0 0 1.97819e-11 1.7181e-09 0 0 0 
Cov(6,j) 0 0 0 0 0 0 1.06246e-06 0 0 
Cov(7,j) 0 0 0 0 0 0 0 1.11969e-06 0 
Cov(8,j) 0 0 0 0 0 0 0 0 0.00824448 
EmittanceX 0
EmittanceY 0
BetaStar 0
