Runnumber 353060
BeginTimeOfFit 2022.06.05 10:15:44 GMT 1654424144
EndTimeOfFit 2022.06.05 10:16:07 GMT 1654424167
LumiRange 865 - 865
Type 2
X0 0.167862
Y0 -0.180393
Z0 1.22242
sigmaZ0 7.5672
dxdz 0.00012224
dydz 0.000464002
BeamWidthX 0.0142245
BeamWidthY 0.0168304
dxdy 0.230723
Cov(0,j) 5.19039e-07 1.04646e-08 0 0 0 0 0 0 0 
Cov(1,j) 1.04646e-08 5.34185e-07 0 0 0 0 0 0 0 
Cov(2,j) 0 0 2.20062 0 0 0 0 0 0 
Cov(3,j) 0 0 0 1.09917 0 0 0 0 0 
Cov(4,j) 0 0 0 0 8.11168e-09 1.34255e-10 0 0 0 
Cov(5,j) 0 0 0 0 1.34255e-10 8.82375e-09 0 0 0 
Cov(6,j) 0 0 0 0 0 0 4.15453e-06 0 0 
Cov(7,j) 0 0 0 0 0 0 0 5.7183e-06 0 
Cov(8,j) 0 0 0 0 0 0 0 0 0.0363318 
EmittanceX 0
EmittanceY 0
BetaStar 0
