Runnumber 353703
BeginTimeOfFit 2022.06.13 09:57:05 GMT 1655114225
EndTimeOfFit 2022.06.13 09:57:28 GMT 1655114248
LumiRange 29 - 29
Type 2
X0 0.171229
Y0 -0.182363
Z0 1.53908
sigmaZ0 6.30203
dxdz 0.000115075
dydz 0.000172044
BeamWidthX 0.0148956
BeamWidthY 0.0153935
dxdy 0.0367683
Cov(0,j) 5.50476e-08 -6.3675e-10 0 0 0 0 0 0 0 
Cov(1,j) -6.3675e-10 5.41228e-08 0 0 0 0 0 0 0 
Cov(2,j) 0 0 0.203654 0 0 0 0 0 0 
Cov(3,j) 0 0 0 0.101811 0 0 0 0 0 
Cov(4,j) 0 0 0 0 1.14416e-09 3.14214e-12 0 0 0 
Cov(5,j) 0 0 0 0 3.14214e-12 1.07275e-09 0 0 0 
Cov(6,j) 0 0 0 0 0 0 6.04712e-07 0 0 
Cov(7,j) 0 0 0 0 0 0 0 6.43605e-07 0 
Cov(8,j) 0 0 0 0 0 0 0 0 0.00543588 
EmittanceX 0
EmittanceY 0
BetaStar 0
