Runnumber 353060
BeginTimeOfFit 2022.06.05 10:37:52 GMT 1654425472
EndTimeOfFit 2022.06.05 10:38:16 GMT 1654425496
LumiRange 922 - 922
Type 2
X0 0.167601
Y0 -0.180938
Z0 -0.32534
sigmaZ0 7.43028
dxdz 0.00024123
dydz 0.000257047
BeamWidthX 0.0166565
BeamWidthY 0.0157457
dxdy 0.0855223
Cov(0,j) 1.07749e-07 7.77426e-10 0 0 0 0 0 0 0 
Cov(1,j) 7.77426e-10 1.02473e-07 0 0 0 0 0 0 0 
Cov(2,j) 0 0 0.360796 0 0 0 0 0 0 
Cov(3,j) 0 0 0 0.180349 0 0 0 0 0 
Cov(4,j) 0 0 0 0 1.83717e-09 -4.29196e-11 0 0 0 
Cov(5,j) 0 0 0 0 -4.29196e-11 1.81023e-09 0 0 0 
Cov(6,j) 0 0 0 0 0 0 9.55687e-07 0 0 
Cov(7,j) 0 0 0 0 0 0 0 8.57033e-07 0 
Cov(8,j) 0 0 0 0 0 0 0 0 0.00681608 
EmittanceX 0
EmittanceY 0
BetaStar 0
