Runnumber 353689
BeginTimeOfFit 2022.06.13 08:25:46 GMT 1655108746
EndTimeOfFit 2022.06.13 08:26:10 GMT 1655108770
LumiRange 75 - 75
Type 2
X0 0.172078
Y0 -0.181671
Z0 0.312427
sigmaZ0 6.02378
dxdz 0.000146442
dydz 0.000234217
BeamWidthX 0.0149985
BeamWidthY 0.0146266
dxdy 0.100288
Cov(0,j) 3.84387e-08 -5.50785e-10 0 0 0 0 0 0 0 
Cov(1,j) -5.50785e-10 3.74228e-08 0 0 0 0 0 0 0 
Cov(2,j) 0 0 0.105786 0 0 0 0 0 0 
Cov(3,j) 0 0 0 0.0528884 0 0 0 0 0 
Cov(4,j) 0 0 0 0 1.00203e-09 2.19772e-12 0 0 0 
Cov(5,j) 0 0 0 0 2.19772e-12 9.84693e-10 0 0 0 
Cov(6,j) 0 0 0 0 0 0 3.52538e-07 0 0 
Cov(7,j) 0 0 0 0 0 0 0 3.34888e-07 0 
Cov(8,j) 0 0 0 0 0 0 0 0 0.00305583 
EmittanceX 0
EmittanceY 0
BetaStar 0
