Runnumber 353060
BeginTimeOfFit 2022.06.05 12:53:51 GMT 1654433631
EndTimeOfFit 2022.06.05 12:54:15 GMT 1654433655
LumiRange 1272 - 1272
Type 2
X0 0.165448
Y0 -0.181691
Z0 0.160837
sigmaZ0 6.49597
dxdz 0.000327464
dydz 0.000290949
BeamWidthX 0.0180512
BeamWidthY 0.0193688
dxdy -0.0284071
Cov(0,j) 2.30166e-07 4.41704e-09 0 0 0 0 0 0 0 
Cov(1,j) 4.41704e-09 2.24034e-07 0 0 0 0 0 0 0 
Cov(2,j) 0 0 0.570119 0 0 0 0 0 0 
Cov(3,j) 0 0 0 0.284945 0 0 0 0 0 
Cov(4,j) 0 0 0 0 4.08441e-09 1.48246e-10 0 0 0 
Cov(5,j) 0 0 0 0 1.48246e-10 4.02314e-09 0 0 0 
Cov(6,j) 0 0 0 0 0 0 2.30855e-06 0 0 
Cov(7,j) 0 0 0 0 0 0 0 2.647e-06 0 
Cov(8,j) 0 0 0 0 0 0 0 0 0.0140489 
EmittanceX 0
EmittanceY 0
BetaStar 0
