Runnumber 353709
BeginTimeOfFit 2022.06.13 11:59:52 GMT 1655121592
EndTimeOfFit 2022.06.13 12:00:15 GMT 1655121615
LumiRange 61 - 61
Type 2
X0 0.173641
Y0 -0.180934
Z0 1.67752
sigmaZ0 7.27293
dxdz 0.000141696
dydz 0.000104554
BeamWidthX 0.0175333
BeamWidthY 0.0187533
dxdy 0.0640967
Cov(0,j) 9.50903e-08 -7.4831e-10 0 0 0 0 0 0 0 
Cov(1,j) -7.4831e-10 9.42126e-08 0 0 0 0 0 0 0 
Cov(2,j) 0 0 0.302227 0 0 0 0 0 0 
Cov(3,j) 0 0 0 0.151083 0 0 0 0 0 
Cov(4,j) 0 0 0 0 1.73818e-09 6.81613e-12 0 0 0 
Cov(5,j) 0 0 0 0 6.81613e-12 1.7492e-09 0 0 0 
Cov(6,j) 0 0 0 0 0 0 9.21984e-07 0 0 
Cov(7,j) 0 0 0 0 0 0 0 1.05008e-06 0 
Cov(8,j) 0 0 0 0 0 0 0 0 0.00589612 
EmittanceX 0
EmittanceY 0
BetaStar 0
