Runnumber 352425
BeginTimeOfFit 2022.05.27 09:41:51 GMT 1653644511
EndTimeOfFit 2022.05.27 09:42:14 GMT 1653644534
LumiRange 60 - 60
Type 2
X0 0.169593
Y0 -0.180772
Z0 -0.386781
sigmaZ0 6.29668
dxdz 0.000117369
dydz 0.000265865
BeamWidthX 0.0169447
BeamWidthY 0.0171131
dxdy 0.0154775
Cov(0,j) 1.15491e-07 -4.28686e-10 0 0 0 0 0 0 0 
Cov(1,j) -4.28686e-10 1.12035e-07 0 0 0 0 0 0 0 
Cov(2,j) 0 0 0.289372 0 0 0 0 0 0 
Cov(3,j) 0 0 0 0.144655 0 0 0 0 0 
Cov(4,j) 0 0 0 0 2.43351e-09 -2.87918e-11 0 0 0 
Cov(5,j) 0 0 0 0 -2.87918e-11 2.25065e-09 0 0 0 
Cov(6,j) 0 0 0 0 0 0 1.10088e-06 0 0 
Cov(7,j) 0 0 0 0 0 0 0 1.11699e-06 0 
Cov(8,j) 0 0 0 0 0 0 0 0 0.00763893 
EmittanceX 0
EmittanceY 0
BetaStar 0
