Runnumber 353015
BeginTimeOfFit 2022.06.04 04:14:47 GMT 1654316087
EndTimeOfFit 2022.06.04 04:15:11 GMT 1654316111
LumiRange 78 - 78
Type 2
X0 0.176951
Y0 -0.17816
Z0 -0.0229915
sigmaZ0 6.13326
dxdz 0.000115965
dydz 0.000214349
BeamWidthX 0.0137105
BeamWidthY 0.0146757
dxdy -0.0393191
Cov(0,j) 2.49089e-08 -3.45804e-10 0 0 0 0 0 0 0 
Cov(1,j) -3.45804e-10 2.45214e-08 0 0 0 0 0 0 0 
Cov(2,j) 0 0 0.0755339 0 0 0 0 0 0 
Cov(3,j) 0 0 0 0.037765 0 0 0 0 0 
Cov(4,j) 0 0 0 0 6.1268e-10 -9.54405e-12 0 0 0 
Cov(5,j) 0 0 0 0 -9.54405e-12 5.94928e-10 0 0 0 
Cov(6,j) 0 0 0 0 0 0 2.03317e-07 0 0 
Cov(7,j) 0 0 0 0 0 0 0 2.32589e-07 0 
Cov(8,j) 0 0 0 0 0 0 0 0 0.00214037 
EmittanceX 0
EmittanceY 0
BetaStar 0
