Runnumber 353018
BeginTimeOfFit 2022.06.04 09:02:41 GMT 1654333361
EndTimeOfFit 2022.06.04 09:03:05 GMT 1654333385
LumiRange 409 - 409
Type 2
X0 0.175185
Y0 -0.244129
Z0 0.0793206
sigmaZ0 7.12723
dxdz 0.000214275
dydz 0.000262933
BeamWidthX 0.0149818
BeamWidthY 0.0136262
dxdy -0.0229178
Cov(0,j) 4.05673e-08 -3.06603e-10 0 0 0 0 0 0 0 
Cov(1,j) -3.06603e-10 4.01292e-08 0 0 0 0 0 0 0 
Cov(2,j) 0 0 0.209027 0 0 0 0 0 0 
Cov(3,j) 0 0 0 0.104498 0 0 0 0 0 
Cov(4,j) 0 0 0 0 7.74902e-10 -1.2593e-11 0 0 0 
Cov(5,j) 0 0 0 0 -1.2593e-11 7.60556e-10 0 0 0 
Cov(6,j) 0 0 0 0 0 0 4.96672e-07 0 0 
Cov(7,j) 0 0 0 0 0 0 0 4.10367e-07 0 
Cov(8,j) 0 0 0 0 0 0 0 0 0.00439236 
EmittanceX 0
EmittanceY 0
BetaStar 0
