Runnumber 352509
BeginTimeOfFit 2022.05.28 11:25:33 GMT 1653737133
EndTimeOfFit 2022.05.28 11:25:57 GMT 1653737157
LumiRange 126 - 126
Type 2
X0 0.171516
Y0 -0.181734
Z0 0.163598
sigmaZ0 7.2913
dxdz 8.84973e-05
dydz 0.000170024
BeamWidthX 0.0158612
BeamWidthY 0.0178753
dxdy 0.0119366
Cov(0,j) 8.83395e-08 1.7155e-09 0 0 0 0 0 0 0 
Cov(1,j) 1.7155e-09 9.01792e-08 0 0 0 0 0 0 0 
Cov(2,j) 0 0 0.31641 0 0 0 0 0 0 
Cov(3,j) 0 0 0 0.158173 0 0 0 0 0 
Cov(4,j) 0 0 0 0 1.55526e-09 3.83461e-11 0 0 0 
Cov(5,j) 0 0 0 0 3.83461e-11 1.60386e-09 0 0 0 
Cov(6,j) 0 0 0 0 0 0 7.91209e-07 0 0 
Cov(7,j) 0 0 0 0 0 0 0 9.97998e-07 0 
Cov(8,j) 0 0 0 0 0 0 0 0 0.00628159 
EmittanceX 0
EmittanceY 0
BetaStar 0
