Runnumber 352568
BeginTimeOfFit 2022.05.29 07:59:29 GMT 1653811169
EndTimeOfFit 2022.05.29 07:59:53 GMT 1653811193
LumiRange 78 - 78
Type 2
X0 0.176672
Y0 -0.181501
Z0 0.082706
sigmaZ0 6.89084
dxdz 0.000112878
dydz 0.000292269
BeamWidthX 0.0139189
BeamWidthY 0.0145882
dxdy -0.0708949
Cov(0,j) 5.01973e-08 9.42723e-10 0 0 0 0 0 0 0 
Cov(1,j) 9.42723e-10 4.97626e-08 0 0 0 0 0 0 0 
Cov(2,j) 0 0 0.217798 0 0 0 0 0 0 
Cov(3,j) 0 0 0 0.108883 0 0 0 0 0 
Cov(4,j) 0 0 0 0 9.63326e-10 1.46619e-11 0 0 0 
Cov(5,j) 0 0 0 0 1.46619e-11 9.96936e-10 0 0 0 
Cov(6,j) 0 0 0 0 0 0 4.78576e-07 0 0 
Cov(7,j) 0 0 0 0 0 0 0 5.24763e-07 0 
Cov(8,j) 0 0 0 0 0 0 0 0 0.00487271 
EmittanceX 0
EmittanceY 0
BetaStar 0
