Runnumber 353087
BeginTimeOfFit 2022.06.05 15:45:13 GMT 1654443913
EndTimeOfFit 2022.06.05 15:45:37 GMT 1654443937
LumiRange 145 - 145
Type 2
X0 0.172495
Y0 -0.180522
Z0 0.0336166
sigmaZ0 6.61647
dxdz 4.97375e-05
dydz 0.00020918
BeamWidthX 0.0138796
BeamWidthY 0.0142621
dxdy 0.0247728
Cov(0,j) 3.54395e-08 -3.99804e-10 0 0 0 0 0 0 0 
Cov(1,j) -3.99804e-10 3.49985e-08 0 0 0 0 0 0 0 
Cov(2,j) 0 0 0.133462 0 0 0 0 0 0 
Cov(3,j) 0 0 0 0.0667251 0 0 0 0 0 
Cov(4,j) 0 0 0 0 7.036e-10 -5.76181e-12 0 0 0 
Cov(5,j) 0 0 0 0 -5.76181e-12 6.82761e-10 0 0 0 
Cov(6,j) 0 0 0 0 0 0 3.15794e-07 0 0 
Cov(7,j) 0 0 0 0 0 0 0 3.30093e-07 0 
Cov(8,j) 0 0 0 0 0 0 0 0 0.00325162 
EmittanceX 0
EmittanceY 0
BetaStar 0
