Runnumber 353018
BeginTimeOfFit 2022.06.04 07:11:58 GMT 1654326718
EndTimeOfFit 2022.06.04 07:12:21 GMT 1654326741
LumiRange 124 - 124
Type 2
X0 0.175193
Y0 -0.259184
Z0 -0.445098
sigmaZ0 5.93437
dxdz 0.000161288
dydz 0.000155854
BeamWidthX 0.0111396
BeamWidthY 0.0124439
dxdy 0.0305068
Cov(0,j) 2.05472e-08 -3.38278e-10 0 0 0 0 0 0 0 
Cov(1,j) -3.38278e-10 2.06389e-08 0 0 0 0 0 0 0 
Cov(2,j) 0 0 0.664306 0 0 0 0 0 0 
Cov(3,j) 0 0 0 0.331981 0 0 0 0 0 
Cov(4,j) 0 0 0 0 4.76196e-10 -3.01908e-12 0 0 0 
Cov(5,j) 0 0 0 0 -3.01908e-12 4.92804e-10 0 0 0 
Cov(6,j) 0 0 0 0 0 0 1.33052e-06 0 0 
Cov(7,j) 0 0 0 0 0 0 0 1.68808e-06 0 
Cov(8,j) 0 0 0 0 0 0 0 0 0.0214871 
EmittanceX 0
EmittanceY 0
BetaStar 0
