Runnumber 352568
BeginTimeOfFit 2022.05.29 10:19:21 GMT 1653819561
EndTimeOfFit 2022.05.29 10:19:45 GMT 1653819585
LumiRange 438 - 438
Type 2
X0 0.17534
Y0 -0.181991
Z0 -0.303604
sigmaZ0 6.51776
dxdz 0.000168706
dydz 0.000160391
BeamWidthX 0.0167949
BeamWidthY 0.0160026
dxdy 0.0369677
Cov(0,j) 1.02007e-07 1.99388e-09 0 0 0 0 0 0 0 
Cov(1,j) 1.99388e-09 1.01567e-07 0 0 0 0 0 0 0 
Cov(2,j) 0 0 0.252841 0 0 0 0 0 0 
Cov(3,j) 0 0 0 0.126398 0 0 0 0 0 
Cov(4,j) 0 0 0 0 2.38762e-09 3.8291e-11 0 0 0 
Cov(5,j) 0 0 0 0 3.8291e-11 2.44052e-09 0 0 0 
Cov(6,j) 0 0 0 0 0 0 8.8897e-07 0 0 
Cov(7,j) 0 0 0 0 0 0 0 8.0451e-07 0 
Cov(8,j) 0 0 0 0 0 0 0 0 0.00624605 
EmittanceX 0
EmittanceY 0
BetaStar 0
