Runnumber 353706
BeginTimeOfFit 2022.06.13 10:51:40 GMT 1655117500
EndTimeOfFit 2022.06.13 10:52:03 GMT 1655117523
LumiRange 85 - 85
Type 2
X0 0.171491
Y0 -0.181591
Z0 0.458396
sigmaZ0 7.06912
dxdz 0.000106692
dydz 0.000302394
BeamWidthX 0.0166208
BeamWidthY 0.0179656
dxdy 0.0653989
Cov(0,j) 7.92671e-08 -1.10653e-11 0 0 0 0 0 0 0 
Cov(1,j) -1.10653e-11 7.66911e-08 0 0 0 0 0 0 0 
Cov(2,j) 0 0 0.253644 0 0 0 0 0 0 
Cov(3,j) 0 0 0 0.1268 0 0 0 0 0 
Cov(4,j) 0 0 0 0 1.48485e-09 2.1989e-12 0 0 0 
Cov(5,j) 0 0 0 0 2.1989e-12 1.42933e-09 0 0 0 
Cov(6,j) 0 0 0 0 0 0 7.35527e-07 0 0 
Cov(7,j) 0 0 0 0 0 0 0 8.58639e-07 0 
Cov(8,j) 0 0 0 0 0 0 0 0 0.00527987 
EmittanceX 0
EmittanceY 0
BetaStar 0
