Runnumber 353060
BeginTimeOfFit 2022.06.05 11:50:08 GMT 1654429808
EndTimeOfFit 2022.06.05 11:50:32 GMT 1654429832
LumiRange 1108 - 1108
Type 2
X0 0.165615
Y0 -0.181041
Z0 0.187358
sigmaZ0 7.4102
dxdz 0.000139934
dydz 0.000143993
BeamWidthX 0.0150387
BeamWidthY 0.0169228
dxdy 0.0880608
Cov(0,j) 1.43531e-07 -1.42793e-09 0 0 0 0 0 0 0 
Cov(1,j) -1.42793e-09 1.40725e-07 0 0 0 0 0 0 0 
Cov(2,j) 0 0 0.722322 0 0 0 0 0 0 
Cov(3,j) 0 0 0 0.360999 0 0 0 0 0 
Cov(4,j) 0 0 0 0 2.46847e-09 -8.54246e-11 0 0 0 
Cov(5,j) 0 0 0 0 -8.54246e-11 2.39096e-09 0 0 0 
Cov(6,j) 0 0 0 0 0 0 1.59879e-06 0 0 
Cov(7,j) 0 0 0 0 0 0 0 1.9772e-06 0 
Cov(8,j) 0 0 0 0 0 0 0 0 0.0136744 
EmittanceX 0
EmittanceY 0
BetaStar 0
