Runnumber 353060
BeginTimeOfFit 2022.06.05 10:25:26 GMT 1654424726
EndTimeOfFit 2022.06.05 10:25:50 GMT 1654424750
LumiRange 890 - 890
Type 2
X0 0.167915
Y0 -0.180341
Z0 0.483676
sigmaZ0 8.12697
dxdz 0.000125702
dydz 0.000343445
BeamWidthX 0.0156737
BeamWidthY 0.0186257
dxdy 0.12694
Cov(0,j) 1.1846e-07 -4.24044e-10 0 0 0 0 0 0 0 
Cov(1,j) -4.24044e-10 1.1834e-07 0 0 0 0 0 0 0 
Cov(2,j) 0 0 0.550286 0 0 0 0 0 0 
Cov(3,j) 0 0 0 0.275055 0 0 0 0 0 
Cov(4,j) 0 0 0 0 2.04736e-09 -2.78012e-11 0 0 0 
Cov(5,j) 0 0 0 0 -2.78012e-11 1.99517e-09 0 0 0 
Cov(6,j) 0 0 0 0 0 0 1.09034e-06 0 0 
Cov(7,j) 0 0 0 0 0 0 0 1.51385e-06 0 
Cov(8,j) 0 0 0 0 0 0 0 0 0.00848067 
EmittanceX 0
EmittanceY 0
BetaStar 0
