Runnumber 352493
BeginTimeOfFit 2022.05.28 07:07:09 GMT 1653721629
EndTimeOfFit 2022.05.28 07:07:32 GMT 1653721652
LumiRange 128 - 128
Type 2
X0 0.169832
Y0 -0.181995
Z0 -0.0278825
sigmaZ0 6.8586
dxdz 0.000155727
dydz 0.000314536
BeamWidthX 0.0130284
BeamWidthY 0.0140299
dxdy -0.0709177
Cov(0,j) 3.14625e-08 3.44825e-11 0 0 0 0 0 0 0 
Cov(1,j) 3.44825e-11 3.12035e-08 0 0 0 0 0 0 0 
Cov(2,j) 0 0 0.146536 0 0 0 0 0 0 
Cov(3,j) 0 0 0 0.0732608 0 0 0 0 0 
Cov(4,j) 0 0 0 0 7.29214e-10 9.28481e-12 0 0 0 
Cov(5,j) 0 0 0 0 9.28481e-12 7.23471e-10 0 0 0 
Cov(6,j) 0 0 0 0 0 0 2.90367e-07 0 0 
Cov(7,j) 0 0 0 0 0 0 0 3.30057e-07 0 
Cov(8,j) 0 0 0 0 0 0 0 0 0.00333865 
EmittanceX 0
EmittanceY 0
BetaStar 0
