Runnumber 352509
BeginTimeOfFit 2022.05.28 12:10:14 GMT 1653739814
EndTimeOfFit 2022.05.28 12:10:38 GMT 1653739838
LumiRange 241 - 241
Type 2
X0 0.171127
Y0 -0.181354
Z0 0.443407
sigmaZ0 7.86231
dxdz 0.000112833
dydz 0.000217402
BeamWidthX 0.0159939
BeamWidthY 0.0170673
dxdy 0.105785
Cov(0,j) 9.22953e-08 6.57295e-10 0 0 0 0 0 0 0 
Cov(1,j) 6.57295e-10 9.08641e-08 0 0 0 0 0 0 0 
Cov(2,j) 0 0 0.355218 0 0 0 0 0 0 
Cov(3,j) 0 0 0 0.177569 0 0 0 0 0 
Cov(4,j) 0 0 0 0 1.58844e-09 -7.32663e-12 0 0 0 
Cov(5,j) 0 0 0 0 -7.32663e-12 1.55378e-09 0 0 0 
Cov(6,j) 0 0 0 0 0 0 7.81098e-07 0 0 
Cov(7,j) 0 0 0 0 0 0 0 8.82327e-07 0 
Cov(8,j) 0 0 0 0 0 0 0 0 0.0059504 
EmittanceX 0
EmittanceY 0
BetaStar 0
