Runnumber 352425
BeginTimeOfFit 2022.05.27 11:39:10 GMT 1653651550
EndTimeOfFit 2022.05.27 11:39:34 GMT 1653651574
LumiRange 362 - 362
Type 2
X0 0.169878
Y0 -0.182544
Z0 0.234672
sigmaZ0 7.30087
dxdz 0.000162908
dydz 0.000335143
BeamWidthX 0.0139991
BeamWidthY 0.0172811
dxdy -0.171488
Cov(0,j) 1.18021e-07 2.63935e-10 0 0 0 0 0 0 0 
Cov(1,j) 2.63935e-10 1.18641e-07 0 0 0 0 0 0 0 
Cov(2,j) 0 0 0.566931 0 0 0 0 0 0 
Cov(3,j) 0 0 0 0.28338 0 0 0 0 0 
Cov(4,j) 0 0 0 0 2.26655e-09 -1.36014e-11 0 0 0 
Cov(5,j) 0 0 0 0 -1.36014e-11 2.31311e-09 0 0 0 
Cov(6,j) 0 0 0 0 0 0 1.11492e-06 0 0 
Cov(7,j) 0 0 0 0 0 0 0 1.66512e-06 0 
Cov(8,j) 0 0 0 0 0 0 0 0 0.0106058 
EmittanceX 0
EmittanceY 0
BetaStar 0
