Runnumber 352931
BeginTimeOfFit 2022.06.03 13:19:54 GMT 1654262394
EndTimeOfFit 2022.06.03 13:20:18 GMT 1654262418
LumiRange 288 - 288
Type 2
X0 0.168989
Y0 -0.180714
Z0 -0.703202
sigmaZ0 7.56214
dxdz 0.000116851
dydz 0.000221098
BeamWidthX 0.0171401
BeamWidthY 0.0171894
dxdy 0.114774
Cov(0,j) 1.06628e-07 -1.03983e-09 0 0 0 0 0 0 0 
Cov(1,j) -1.03983e-09 1.04497e-07 0 0 0 0 0 0 0 
Cov(2,j) 0 0 0.371287 0 0 0 0 0 0 
Cov(3,j) 0 0 0 0.185601 0 0 0 0 0 
Cov(4,j) 0 0 0 0 1.81258e-09 -7.69791e-12 0 0 0 
Cov(5,j) 0 0 0 0 -7.69791e-12 1.7362e-09 0 0 0 
Cov(6,j) 0 0 0 0 0 0 1.02004e-06 0 0 
Cov(7,j) 0 0 0 0 0 0 0 1.0104e-06 0 
Cov(8,j) 0 0 0 0 0 0 0 0 0.00666696 
EmittanceX 0
EmittanceY 0
BetaStar 0
