Runnumber 353087
BeginTimeOfFit 2022.06.05 16:20:58 GMT 1654446058
EndTimeOfFit 2022.06.05 16:21:21 GMT 1654446081
LumiRange 237 - 237
Type 2
X0 0.169934
Y0 -0.180634
Z0 -0.604739
sigmaZ0 6.60148
dxdz 0.000116527
dydz 0.000236201
BeamWidthX 0.0142037
BeamWidthY 0.0151811
dxdy 0.0248418
Cov(0,j) 4.42995e-08 2.66866e-11 0 0 0 0 0 0 0 
Cov(1,j) 2.66866e-11 4.37019e-08 0 0 0 0 0 0 0 
Cov(2,j) 0 0 0.163823 0 0 0 0 0 0 
Cov(3,j) 0 0 0 0.0819016 0 0 0 0 0 
Cov(4,j) 0 0 0 0 8.28689e-10 -9.30475e-12 0 0 0 
Cov(5,j) 0 0 0 0 -9.30475e-12 8.06051e-10 0 0 0 
Cov(6,j) 0 0 0 0 0 0 4.08129e-07 0 0 
Cov(7,j) 0 0 0 0 0 0 0 4.58684e-07 0 
Cov(8,j) 0 0 0 0 0 0 0 0 0.00399705 
EmittanceX 0
EmittanceY 0
BetaStar 0
