Runnumber 352931
BeginTimeOfFit 2022.06.03 11:54:49 GMT 1654257289
EndTimeOfFit 2022.06.03 11:55:12 GMT 1654257312
LumiRange 69 - 69
Type 2
X0 0.168852
Y0 -0.180908
Z0 -0.279591
sigmaZ0 7.54565
dxdz 0.000179285
dydz 0.000114001
BeamWidthX 0.0166134
BeamWidthY 0.0182314
dxdy 0.0524901
Cov(0,j) 9.26887e-08 -1.56457e-09 0 0 0 0 0 0 0 
Cov(1,j) -1.56457e-09 8.85923e-08 0 0 0 0 0 0 0 
Cov(2,j) 0 0 0.271101 0 0 0 0 0 0 
Cov(3,j) 0 0 0 0.135526 0 0 0 0 0 
Cov(4,j) 0 0 0 0 1.58923e-09 -8.47676e-12 0 0 0 
Cov(5,j) 0 0 0 0 -8.47676e-12 1.51133e-09 0 0 0 
Cov(6,j) 0 0 0 0 0 0 6.95918e-07 0 0 
Cov(7,j) 0 0 0 0 0 0 0 8.28792e-07 0 
Cov(8,j) 0 0 0 0 0 0 0 0 0.00497832 
EmittanceX 0
EmittanceY 0
BetaStar 0
