Runnumber 353087
BeginTimeOfFit 2022.06.05 15:37:04 GMT 1654443424
EndTimeOfFit 2022.06.05 15:37:27 GMT 1654443447
LumiRange 124 - 124
Type 2
X0 0.170397
Y0 -0.180574
Z0 0.00324193
sigmaZ0 6.98564
dxdz 8.78168e-05
dydz 0.000149305
BeamWidthX 0.0118194
BeamWidthY 0.0133315
dxdy 0.0769823
Cov(0,j) 1.64015e-07 -4.34681e-09 0 0 0 0 0 0 0 
Cov(1,j) -4.34681e-09 1.66563e-07 0 0 0 0 0 0 0 
Cov(2,j) 0 0 0.786854 0 0 0 0 0 0 
Cov(3,j) 0 0 0 0.393226 0 0 0 0 0 
Cov(4,j) 0 0 0 0 3.55336e-09 1.63651e-12 0 0 0 
Cov(5,j) 0 0 0 0 1.63651e-12 3.64574e-09 0 0 0 
Cov(6,j) 0 0 0 0 0 0 1.28838e-06 0 0 
Cov(7,j) 0 0 0 0 0 0 0 1.5548e-06 0 
Cov(8,j) 0 0 0 0 0 0 0 0 0.0175464 
EmittanceX 0
EmittanceY 0
BetaStar 0
