Runnumber 353018
BeginTimeOfFit 2022.06.04 08:59:35 GMT 1654333175
EndTimeOfFit 2022.06.04 08:59:58 GMT 1654333198
LumiRange 401 - 401
Type 2
X0 0.17537
Y0 -0.189215
Z0 -0.0159143
sigmaZ0 6.99324
dxdz 0.000222665
dydz 0.000183156
BeamWidthX 0.0157625
BeamWidthY 0.0159857
dxdy -0.0736022
Cov(0,j) 4.79758e-08 -7.70846e-10 0 0 0 0 0 0 0 
Cov(1,j) -7.70846e-10 4.77553e-08 0 0 0 0 0 0 0 
Cov(2,j) 0 0 0.157243 0 0 0 0 0 0 
Cov(3,j) 0 0 0 0.078613 0 0 0 0 0 
Cov(4,j) 0 0 0 0 9.12816e-10 -2.84753e-11 0 0 0 
Cov(5,j) 0 0 0 0 -2.84753e-11 9.07668e-10 0 0 0 
Cov(6,j) 0 0 0 0 0 0 4.22613e-07 0 0 
Cov(7,j) 0 0 0 0 0 0 0 4.3568e-07 0 
Cov(8,j) 0 0 0 0 0 0 0 0 0.00336688 
EmittanceX 0
EmittanceY 0
BetaStar 0
