Runnumber 352567
BeginTimeOfFit 2022.05.29 06:47:36 GMT 1653806856
EndTimeOfFit 2022.05.29 06:47:59 GMT 1653806879
LumiRange 21 - 21
Type 2
X0 0.176472
Y0 -0.181956
Z0 -0.169924
sigmaZ0 6.1862
dxdz 0.00013062
dydz 0.000214084
BeamWidthX 0.0144055
BeamWidthY 0.0141344
dxdy -0.0176997
Cov(0,j) 3.89922e-08 4.52403e-10 0 0 0 0 0 0 0 
Cov(1,j) 4.52403e-10 3.8308e-08 0 0 0 0 0 0 0 
Cov(2,j) 0 0 0.138149 0 0 0 0 0 0 
Cov(3,j) 0 0 0 0.0690672 0 0 0 0 0 
Cov(4,j) 0 0 0 0 9.29462e-10 7.38187e-12 0 0 0 
Cov(5,j) 0 0 0 0 7.38187e-12 9.13267e-10 0 0 0 
Cov(6,j) 0 0 0 0 0 0 4.02568e-07 0 0 
Cov(7,j) 0 0 0 0 0 0 0 3.86767e-07 0 
Cov(8,j) 0 0 0 0 0 0 0 0 0.00388957 
EmittanceX 0
EmittanceY 0
BetaStar 0
