Runnumber 352425
BeginTimeOfFit 2022.05.27 10:16:25 GMT 1653646585
EndTimeOfFit 2022.05.27 10:16:48 GMT 1653646608
LumiRange 149 - 149
Type 2
X0 0.170128
Y0 -0.181364
Z0 0.148807
sigmaZ0 7.14125
dxdz 6.75938e-05
dydz 0.000213931
BeamWidthX 0.013999
BeamWidthY 0.0172571
dxdy -0.127102
Cov(0,j) 1.02126e-07 1.69804e-09 0 0 0 0 0 0 0 
Cov(1,j) 1.69804e-09 1.0152e-07 0 0 0 0 0 0 0 
Cov(2,j) 0 0 0.380525 0 0 0 0 0 0 
Cov(3,j) 0 0 0 0.190224 0 0 0 0 0 
Cov(4,j) 0 0 0 0 2.05913e-09 4.45531e-12 0 0 0 
Cov(5,j) 0 0 0 0 4.45531e-12 1.93312e-09 0 0 0 
Cov(6,j) 0 0 0 0 0 0 7.81612e-07 0 0 
Cov(7,j) 0 0 0 0 0 0 0 1.16726e-06 0 
Cov(8,j) 0 0 0 0 0 0 0 0 0.00763774 
EmittanceX 0
EmittanceY 0
BetaStar 0
