Runnumber 352931
BeginTimeOfFit 2022.06.03 12:59:19 GMT 1654261159
EndTimeOfFit 2022.06.03 12:59:42 GMT 1654261182
LumiRange 235 - 235
Type 2
X0 0.169121
Y0 -0.180001
Z0 -0.620263
sigmaZ0 8.26975
dxdz 0.000102318
dydz 0.000269786
BeamWidthX 0.0156584
BeamWidthY 0.016694
dxdy -0.0374464
Cov(0,j) 9.4501e-08 7.82921e-10 0 0 0 0 0 0 0 
Cov(1,j) 7.82921e-10 9.31126e-08 0 0 0 0 0 0 0 
Cov(2,j) 0 0 0.446912 0 0 0 0 0 0 
Cov(3,j) 0 0 0 0.2234 0 0 0 0 0 
Cov(4,j) 0 0 0 0 1.63124e-09 2.11155e-11 0 0 0 
Cov(5,j) 0 0 0 0 2.11155e-11 1.61708e-09 0 0 0 
Cov(6,j) 0 0 0 0 0 0 8.48794e-07 0 0 
Cov(7,j) 0 0 0 0 0 0 0 9.66032e-07 0 
Cov(8,j) 0 0 0 0 0 0 0 0 0.00689094 
EmittanceX 0
EmittanceY 0
BetaStar 0
