Runnumber 352931
BeginTimeOfFit 2022.06.03 11:44:43 GMT 1654256683
EndTimeOfFit 2022.06.03 11:45:06 GMT 1654256706
LumiRange 43 - 43
Type 2
X0 0.170141
Y0 -0.180005
Z0 0.853433
sigmaZ0 6.95052
dxdz 0.000118069
dydz 0.000244704
BeamWidthX 0.0170668
BeamWidthY 0.0174016
dxdy 0.0745397
Cov(0,j) 9.22711e-08 -2.08402e-09 0 0 0 0 0 0 0 
Cov(1,j) -2.08402e-09 9.13259e-08 0 0 0 0 0 0 0 
Cov(2,j) 0 0 0.313664 0 0 0 0 0 0 
Cov(3,j) 0 0 0 0.156798 0 0 0 0 0 
Cov(4,j) 0 0 0 0 1.57881e-09 -4.36967e-11 0 0 0 
Cov(5,j) 0 0 0 0 -4.36967e-11 1.59953e-09 0 0 0 
Cov(6,j) 0 0 0 0 0 0 9.9218e-07 0 0 
Cov(7,j) 0 0 0 0 0 0 0 1.02985e-06 0 
Cov(8,j) 0 0 0 0 0 0 0 0 0.00672931 
EmittanceX 0
EmittanceY 0
BetaStar 0
