Runnumber 353015
BeginTimeOfFit 2022.06.04 05:04:54 GMT 1654319094
EndTimeOfFit 2022.06.04 05:05:18 GMT 1654319118
LumiRange 207 - 207
Type 2
X0 0.175574
Y0 -0.177746
Z0 -0.195472
sigmaZ0 6.49034
dxdz 0.000190482
dydz 0.00020075
BeamWidthX 0.0147416
BeamWidthY 0.0160343
dxdy 0.0577623
Cov(0,j) 3.38224e-08 8.5771e-11 0 0 0 0 0 0 0 
Cov(1,j) 8.5771e-11 3.30669e-08 0 0 0 0 0 0 0 
Cov(2,j) 0 0 0.108285 0 0 0 0 0 0 
Cov(3,j) 0 0 0 0.0541379 0 0 0 0 0 
Cov(4,j) 0 0 0 0 7.06949e-10 2.55298e-12 0 0 0 
Cov(5,j) 0 0 0 0 2.55298e-12 7.11164e-10 0 0 0 
Cov(6,j) 0 0 0 0 0 0 2.97575e-07 0 0 
Cov(7,j) 0 0 0 0 0 0 0 3.50477e-07 0 
Cov(8,j) 0 0 0 0 0 0 0 0 0.00270527 
EmittanceX 0
EmittanceY 0
BetaStar 0
