Runnumber 353087
BeginTimeOfFit 2022.06.05 15:35:54 GMT 1654443354
EndTimeOfFit 2022.06.05 15:36:17 GMT 1654443377
LumiRange 121 - 121
Type 2
X0 0.171712
Y0 -0.180289
Z0 -0.714826
sigmaZ0 6.68519
dxdz 0.000168569
dydz 0.00023703
BeamWidthX 0.0135559
BeamWidthY 0.0145108
dxdy 0.0328284
Cov(0,j) 3.55316e-08 -2.59536e-12 0 0 0 0 0 0 0 
Cov(1,j) -2.59536e-12 3.51371e-08 0 0 0 0 0 0 0 
Cov(2,j) 0 0 0.14749 0 0 0 0 0 0 
Cov(3,j) 0 0 0 0.0737375 0 0 0 0 0 
Cov(4,j) 0 0 0 0 6.95033e-10 -1.06907e-11 0 0 0 
Cov(5,j) 0 0 0 0 -1.06907e-11 6.93707e-10 0 0 0 
Cov(6,j) 0 0 0 0 0 0 3.28308e-07 0 0 
Cov(7,j) 0 0 0 0 0 0 0 3.73356e-07 0 
Cov(8,j) 0 0 0 0 0 0 0 0 0.0035442 
EmittanceX 0
EmittanceY 0
BetaStar 0
