Runnumber 353018
BeginTimeOfFit 2022.06.04 07:41:53 GMT 1654328513
EndTimeOfFit 2022.06.04 07:42:16 GMT 1654328536
LumiRange 201 - 201
Type 2
X0 0.174305
Y0 -0.172793
Z0 -0.0438576
sigmaZ0 6.71694
dxdz 0.000145635
dydz 0.000193218
BeamWidthX 0.0142503
BeamWidthY 0.0151659
dxdy -0.0520914
Cov(0,j) 3.6614e-08 -4.12043e-11 0 0 0 0 0 0 0 
Cov(1,j) -4.12043e-11 3.57392e-08 0 0 0 0 0 0 0 
Cov(2,j) 0 0 0.140545 0 0 0 0 0 0 
Cov(3,j) 0 0 0 0.0702658 0 0 0 0 0 
Cov(4,j) 0 0 0 0 7.79999e-10 -1.33417e-11 0 0 0 
Cov(5,j) 0 0 0 0 -1.33417e-11 7.53476e-10 0 0 0 
Cov(6,j) 0 0 0 0 0 0 3.37541e-07 0 0 
Cov(7,j) 0 0 0 0 0 0 0 3.81606e-07 0 
Cov(8,j) 0 0 0 0 0 0 0 0 0.00330137 
EmittanceX 0
EmittanceY 0
BetaStar 0
