Runnumber 353689
BeginTimeOfFit 2022.06.13 08:49:28 GMT 1655110168
EndTimeOfFit 2022.06.13 08:49:52 GMT 1655110192
LumiRange 136 - 136
Type 2
X0 0.171281
Y0 -0.182012
Z0 1.11316
sigmaZ0 6.36565
dxdz 0.000201519
dydz 0.000173422
BeamWidthX 0.0154661
BeamWidthY 0.0154191
dxdy -0.00728144
Cov(0,j) 4.54076e-08 -2.15946e-10 0 0 0 0 0 0 0 
Cov(1,j) -2.15946e-10 4.43144e-08 0 0 0 0 0 0 0 
Cov(2,j) 0 0 0.130288 0 0 0 0 0 0 
Cov(3,j) 0 0 0 0.0651379 0 0 0 0 0 
Cov(4,j) 0 0 0 0 1.07377e-09 -1.04974e-11 0 0 0 
Cov(5,j) 0 0 0 0 -1.04974e-11 1.03386e-09 0 0 0 
Cov(6,j) 0 0 0 0 0 0 4.0879e-07 0 0 
Cov(7,j) 0 0 0 0 0 0 0 4.05578e-07 0 
Cov(8,j) 0 0 0 0 0 0 0 0 0.00341382 
EmittanceX 0
EmittanceY 0
BetaStar 0
