Runnumber 352568
BeginTimeOfFit 2022.05.29 10:32:57 GMT 1653820377
EndTimeOfFit 2022.05.29 10:33:21 GMT 1653820401
LumiRange 473 - 473
Type 2
X0 0.177372
Y0 -0.181583
Z0 0.90409
sigmaZ0 6.23624
dxdz 0.000278223
dydz 0.000109345
BeamWidthX 0.0158183
BeamWidthY 0.0161319
dxdy 0.0688656
Cov(0,j) 8.8037e-08 -6.09868e-10 0 0 0 0 0 0 0 
Cov(1,j) -6.09868e-10 8.31935e-08 0 0 0 0 0 0 0 
Cov(2,j) 0 0 0.262749 0 0 0 0 0 0 
Cov(3,j) 0 0 0 0.131349 0 0 0 0 0 
Cov(4,j) 0 0 0 0 2.07289e-09 6.01861e-12 0 0 0 
Cov(5,j) 0 0 0 0 6.01861e-12 1.95276e-09 0 0 0 
Cov(6,j) 0 0 0 0 0 0 8.91718e-07 0 0 
Cov(7,j) 0 0 0 0 0 0 0 9.21817e-07 0 
Cov(8,j) 0 0 0 0 0 0 0 0 0.00703004 
EmittanceX 0
EmittanceY 0
BetaStar 0
