Runnumber 352425
BeginTimeOfFit 2022.05.27 11:17:48 GMT 1653650268
EndTimeOfFit 2022.05.27 11:18:12 GMT 1653650292
LumiRange 307 - 307
Type 2
X0 0.170904
Y0 -0.180546
Z0 0.136406
sigmaZ0 7.52115
dxdz 0.000209187
dydz 0.00024585
BeamWidthX 0.015682
BeamWidthY 0.0174467
dxdy -0.050779
Cov(0,j) 2.05141e-07 1.28677e-09 0 0 0 0 0 0 0 
Cov(1,j) 1.28677e-09 2.04951e-07 0 0 0 0 0 0 0 
Cov(2,j) 0 0 0.897605 0 0 0 0 0 0 
Cov(3,j) 0 0 0 0.448489 0 0 0 0 0 
Cov(4,j) 0 0 0 0 3.91009e-09 7.55779e-11 0 0 0 
Cov(5,j) 0 0 0 0 7.55779e-11 3.80552e-09 0 0 0 
Cov(6,j) 0 0 0 0 0 0 2.10793e-06 0 0 
Cov(7,j) 0 0 0 0 0 0 0 2.51719e-06 0 
Cov(8,j) 0 0 0 0 0 0 0 0 0.0165829 
EmittanceX 0
EmittanceY 0
BetaStar 0
