Runnumber 352425
BeginTimeOfFit 2022.05.27 10:00:29 GMT 1653645629
EndTimeOfFit 2022.05.27 10:00:53 GMT 1653645653
LumiRange 108 - 108
Type 2
X0 0.16969
Y0 -0.182781
Z0 -0.225235
sigmaZ0 7.47569
dxdz 0.000124463
dydz 0.000353228
BeamWidthX 0.0158883
BeamWidthY 0.0153127
dxdy 0.053194
Cov(0,j) 9.40777e-08 -3.17547e-09 0 0 0 0 0 0 0 
Cov(1,j) -3.17547e-09 9.24413e-08 0 0 0 0 0 0 0 
Cov(2,j) 0 0 0.416996 0 0 0 0 0 0 
Cov(3,j) 0 0 0 0.208445 0 0 0 0 0 
Cov(4,j) 0 0 0 0 1.87728e-09 -7.05201e-11 0 0 0 
Cov(5,j) 0 0 0 0 -7.05201e-11 1.81714e-09 0 0 0 
Cov(6,j) 0 0 0 0 0 0 9.94313e-07 0 0 
Cov(7,j) 0 0 0 0 0 0 0 9.25487e-07 0 
Cov(8,j) 0 0 0 0 0 0 0 0 0.00781914 
EmittanceX 0
EmittanceY 0
BetaStar 0
