Runnumber 352568
BeginTimeOfFit 2022.05.29 08:40:17 GMT 1653813617
EndTimeOfFit 2022.05.29 08:40:40 GMT 1653813640
LumiRange 183 - 183
Type 2
X0 0.176634
Y0 -0.182275
Z0 -0.295457
sigmaZ0 6.99295
dxdz 0.000159279
dydz 0.000222243
BeamWidthX 0.0139181
BeamWidthY 0.0152953
dxdy 0.0308115
Cov(0,j) 5.90618e-08 1.11547e-09 0 0 0 0 0 0 0 
Cov(1,j) 1.11547e-09 5.69752e-08 0 0 0 0 0 0 0 
Cov(2,j) 0 0 0.225334 0 0 0 0 0 0 
Cov(3,j) 0 0 0 0.112647 0 0 0 0 0 
Cov(4,j) 0 0 0 0 1.14867e-09 2.40633e-11 0 0 0 
Cov(5,j) 0 0 0 0 2.40633e-11 1.12758e-09 0 0 0 
Cov(6,j) 0 0 0 0 0 0 4.78844e-07 0 0 
Cov(7,j) 0 0 0 0 0 0 0 5.76501e-07 0 
Cov(8,j) 0 0 0 0 0 0 0 0 0.00489986 
EmittanceX 0
EmittanceY 0
BetaStar 0
