Runnumber 353015
BeginTimeOfFit 2022.06.04 03:56:55 GMT 1654315015
EndTimeOfFit 2022.06.04 03:57:18 GMT 1654315038
LumiRange 32 - 32
Type 2
X0 0.178254
Y0 -0.180286
Z0 0.0990371
sigmaZ0 5.91918
dxdz 0.000135068
dydz 0.000230847
BeamWidthX 0.0134175
BeamWidthY 0.0146972
dxdy 0.0512192
Cov(0,j) 2.27807e-08 -2.34711e-10 0 0 0 0 0 0 0 
Cov(1,j) -2.34711e-10 2.21835e-08 0 0 0 0 0 0 0 
Cov(2,j) 0 0 0.0650018 0 0 0 0 0 0 
Cov(3,j) 0 0 0 0.0324992 0 0 0 0 0 
Cov(4,j) 0 0 0 0 6.19124e-10 -1.05854e-11 0 0 0 
Cov(5,j) 0 0 0 0 -1.05854e-11 6.07714e-10 0 0 0 
Cov(6,j) 0 0 0 0 0 0 1.80357e-07 0 0 
Cov(7,j) 0 0 0 0 0 0 0 2.12717e-07 0 
Cov(8,j) 0 0 0 0 0 0 0 0 0.0019752 
EmittanceX 0
EmittanceY 0
BetaStar 0
