Runnumber 352908
BeginTimeOfFit 2022.06.03 08:20:38 GMT 1654244438
EndTimeOfFit 2022.06.03 08:21:01 GMT 1654244461
LumiRange 27 - 27
Type 2
X0 0.168397
Y0 -0.181269
Z0 0.761283
sigmaZ0 6.97602
dxdz 1.92266e-05
dydz 0.000257368
BeamWidthX 0.0128276
BeamWidthY 0.0144714
dxdy 0.0348029
Cov(0,j) 3.50425e-08 -1.97799e-10 0 0 0 0 0 0 0 
Cov(1,j) -1.97799e-10 3.50408e-08 0 0 0 0 0 0 0 
Cov(2,j) 0 0 0.157994 0 0 0 0 0 0 
Cov(3,j) 0 0 0 0.0789881 0 0 0 0 0 
Cov(4,j) 0 0 0 0 7.14281e-10 2.21773e-12 0 0 0 
Cov(5,j) 0 0 0 0 2.21773e-12 7.12754e-10 0 0 0 
Cov(6,j) 0 0 0 0 0 0 2.9039e-07 0 0 
Cov(7,j) 0 0 0 0 0 0 0 3.62732e-07 0 
Cov(8,j) 0 0 0 0 0 0 0 0 0.00349327 
EmittanceX 0
EmittanceY 0
BetaStar 0
