Runnumber 352567
BeginTimeOfFit 2022.05.29 07:21:01 GMT 1653808861
EndTimeOfFit 2022.05.29 07:21:24 GMT 1653808884
LumiRange 107 - 107
Type 2
X0 0.176887
Y0 -0.181836
Z0 0.710154
sigmaZ0 6.54518
dxdz 0.000128729
dydz 0.00014216
BeamWidthX 0.0141403
BeamWidthY 0.0151857
dxdy -0.0167026
Cov(0,j) 5.1664e-08 4.55161e-11 0 0 0 0 0 0 0 
Cov(1,j) 4.55161e-11 5.22999e-08 0 0 0 0 0 0 0 
Cov(2,j) 0 0 0.191234 0 0 0 0 0 0 
Cov(3,j) 0 0 0 0.0956051 0 0 0 0 0 
Cov(4,j) 0 0 0 0 1.11318e-09 -8.01038e-12 0 0 0 
Cov(5,j) 0 0 0 0 -8.01038e-12 1.12374e-09 0 0 0 
Cov(6,j) 0 0 0 0 0 0 4.81592e-07 0 0 
Cov(7,j) 0 0 0 0 0 0 0 5.48463e-07 0 
Cov(8,j) 0 0 0 0 0 0 0 0 0.00478891 
EmittanceX 0
EmittanceY 0
BetaStar 0
