Runnumber 352568
BeginTimeOfFit 2022.05.29 09:15:38 GMT 1653815738
EndTimeOfFit 2022.05.29 09:16:02 GMT 1653815762
LumiRange 274 - 274
Type 2
X0 0.176837
Y0 -0.18116
Z0 1.33005
sigmaZ0 6.27084
dxdz 0.000204923
dydz 0.000219448
BeamWidthX 0.0137747
BeamWidthY 0.0152287
dxdy 0.0778879
Cov(0,j) 6.34084e-08 1.61818e-09 0 0 0 0 0 0 0 
Cov(1,j) 1.61818e-09 6.17513e-08 0 0 0 0 0 0 0 
Cov(2,j) 0 0 0.212543 0 0 0 0 0 0 
Cov(3,j) 0 0 0 0.10625 0 0 0 0 0 
Cov(4,j) 0 0 0 0 1.60248e-09 3.29467e-11 0 0 0 
Cov(5,j) 0 0 0 0 3.29467e-11 1.56226e-09 0 0 0 
Cov(6,j) 0 0 0 0 0 0 5.56158e-07 0 0 
Cov(7,j) 0 0 0 0 0 0 0 6.70627e-07 0 
Cov(8,j) 0 0 0 0 0 0 0 0 0.00571516 
EmittanceX 0
EmittanceY 0
BetaStar 0
