Runnumber 352568
BeginTimeOfFit 2022.05.29 11:13:22 GMT 1653822802
EndTimeOfFit 2022.05.29 11:13:45 GMT 1653822825
LumiRange 577 - 577
Type 2
X0 0.176717
Y0 -0.181141
Z0 0.301805
sigmaZ0 7.23413
dxdz -1.3771e-05
dydz 0.000277815
BeamWidthX 0.0163433
BeamWidthY 0.0164296
dxdy -0.0312792
Cov(0,j) 9.18331e-08 7.90201e-10 0 0 0 0 0 0 0 
Cov(1,j) 7.90201e-10 9.13549e-08 0 0 0 0 0 0 0 
Cov(2,j) 0 0 0.319064 0 0 0 0 0 0 
Cov(3,j) 0 0 0 0.159493 0 0 0 0 0 
Cov(4,j) 0 0 0 0 2.0969e-09 7.36337e-12 0 0 0 
Cov(5,j) 0 0 0 0 7.36337e-12 2.04766e-09 0 0 0 
Cov(6,j) 0 0 0 0 0 0 8.62779e-07 0 0 
Cov(7,j) 0 0 0 0 0 0 0 8.68485e-07 0 
Cov(8,j) 0 0 0 0 0 0 0 0 0.00641383 
EmittanceX 0
EmittanceY 0
BetaStar 0
