Runnumber 352503
BeginTimeOfFit 2022.05.28 09:05:08 GMT 1653728708
EndTimeOfFit 2022.05.28 09:05:31 GMT 1653728731
LumiRange 11 - 11
Type 2
X0 0.170759
Y0 -0.181087
Z0 -0.469275
sigmaZ0 7.02649
dxdz 0.000197398
dydz 0.000128534
BeamWidthX 0.0148008
BeamWidthY 0.0172864
dxdy 0.00465515
Cov(0,j) 5.59985e-08 2.85293e-10 0 0 0 0 0 0 0 
Cov(1,j) 2.85293e-10 5.56089e-08 0 0 0 0 0 0 0 
Cov(2,j) 0 0 0.202328 0 0 0 0 0 0 
Cov(3,j) 0 0 0 0.10115 0 0 0 0 0 
Cov(4,j) 0 0 0 0 1.07193e-09 7.35731e-12 0 0 0 
Cov(5,j) 0 0 0 0 7.35731e-12 1.0644e-09 0 0 0 
Cov(6,j) 0 0 0 0 0 0 4.791e-07 0 0 
Cov(7,j) 0 0 0 0 0 0 0 6.41179e-07 0 
Cov(8,j) 0 0 0 0 0 0 0 0 0.00433975 
EmittanceX 0
EmittanceY 0
BetaStar 0
