Runnumber 352568
BeginTimeOfFit 2022.05.29 10:14:42 GMT 1653819282
EndTimeOfFit 2022.05.29 10:15:05 GMT 1653819305
LumiRange 426 - 426
Type 2
X0 0.176523
Y0 -0.181916
Z0 -0.178296
sigmaZ0 6.33573
dxdz 4.23929e-05
dydz 0.000146539
BeamWidthX 0.0156798
BeamWidthY 0.014295
dxdy -0.133454
Cov(0,j) 7.03421e-08 6.53757e-10 0 0 0 0 0 0 0 
Cov(1,j) 6.53757e-10 6.96633e-08 0 0 0 0 0 0 0 
Cov(2,j) 0 0 0.238917 0 0 0 0 0 0 
Cov(3,j) 0 0 0 0.119438 0 0 0 0 0 
Cov(4,j) 0 0 0 0 1.71419e-09 5.96232e-11 0 0 0 
Cov(5,j) 0 0 0 0 5.96232e-11 1.74896e-09 0 0 0 
Cov(6,j) 0 0 0 0 0 0 7.83088e-07 0 0 
Cov(7,j) 0 0 0 0 0 0 0 6.51994e-07 0 
Cov(8,j) 0 0 0 0 0 0 0 0 0.00617532 
EmittanceX 0
EmittanceY 0
BetaStar 0
