Runnumber 353018
BeginTimeOfFit 2022.06.04 07:04:58 GMT 1654326298
EndTimeOfFit 2022.06.04 07:05:21 GMT 1654326321
LumiRange 106 - 106
Type 2
X0 0.168345
Y0 -0.180117
Z0 -0.725346
sigmaZ0 6.73896
dxdz 0.000125937
dydz 0.000176627
BeamWidthX 0.0135165
BeamWidthY 0.0133428
dxdy -0.0486539
Cov(0,j) 2.47335e-08 -1.69914e-10 0 0 0 0 0 0 0 
Cov(1,j) -1.69914e-10 2.44085e-08 0 0 0 0 0 0 0 
Cov(2,j) 0 0 0.142803 0 0 0 0 0 0 
Cov(3,j) 0 0 0 0.0713941 0 0 0 0 0 
Cov(4,j) 0 0 0 0 5.60288e-10 -8.15185e-12 0 0 0 
Cov(5,j) 0 0 0 0 -8.15185e-12 5.44474e-10 0 0 0 
Cov(6,j) 0 0 0 0 0 0 3.1323e-07 0 0 
Cov(7,j) 0 0 0 0 0 0 0 3.02296e-07 0 
Cov(8,j) 0 0 0 0 0 0 0 0 0.00338196 
EmittanceX 0
EmittanceY 0
BetaStar 0
