Runnumber 353060
BeginTimeOfFit 2022.06.05 11:47:25 GMT 1654429645
EndTimeOfFit 2022.06.05 11:47:48 GMT 1654429668
LumiRange 1101 - 1101
Type 2
X0 0.167319
Y0 -0.179949
Z0 0.759255
sigmaZ0 6.72741
dxdz 0.000162656
dydz 4.60457e-05
BeamWidthX 0.0153649
BeamWidthY 0.0186754
dxdy 0.216501
Cov(0,j) 1.5421e-07 -2.60151e-09 0 0 0 0 0 0 0 
Cov(1,j) -2.60151e-09 1.57396e-07 0 0 0 0 0 0 0 
Cov(2,j) 0 0 0.476318 0 0 0 0 0 0 
Cov(3,j) 0 0 0 0.238069 0 0 0 0 0 
Cov(4,j) 0 0 0 0 2.65679e-09 -6.88184e-11 0 0 0 
Cov(5,j) 0 0 0 0 -6.88184e-11 2.82119e-09 0 0 0 
Cov(6,j) 0 0 0 0 0 0 1.32611e-06 0 0 
Cov(7,j) 0 0 0 0 0 0 0 1.92548e-06 0 
Cov(8,j) 0 0 0 0 0 0 0 0 0.0100671 
EmittanceX 0
EmittanceY 0
BetaStar 0
