Runnumber 353015
BeginTimeOfFit 2022.06.04 04:35:23 GMT 1654317323
EndTimeOfFit 2022.06.04 04:35:46 GMT 1654317346
LumiRange 131 - 131
Type 2
X0 0.176552
Y0 -0.178375
Z0 -0.285089
sigmaZ0 6.76835
dxdz 0.000125084
dydz 0.000198035
BeamWidthX 0.0142748
BeamWidthY 0.0149627
dxdy 0.0112243
Cov(0,j) 2.82028e-08 -2.74317e-11 0 0 0 0 0 0 0 
Cov(1,j) -2.74317e-11 2.77892e-08 0 0 0 0 0 0 0 
Cov(2,j) 0 0 0.10364 0 0 0 0 0 0 
Cov(3,j) 0 0 0 0.0518164 0 0 0 0 0 
Cov(4,j) 0 0 0 0 6.25595e-10 -4.03849e-12 0 0 0 
Cov(5,j) 0 0 0 0 -4.03849e-12 6.14492e-10 0 0 0 
Cov(6,j) 0 0 0 0 0 0 2.48173e-07 0 0 
Cov(7,j) 0 0 0 0 0 0 0 2.69134e-07 0 
Cov(8,j) 0 0 0 0 0 0 0 0 0.00241991 
EmittanceX 0
EmittanceY 0
BetaStar 0
