Runnumber 352568
BeginTimeOfFit 2022.05.29 10:32:34 GMT 1653820354
EndTimeOfFit 2022.05.29 10:32:57 GMT 1653820377
LumiRange 472 - 472
Type 2
X0 0.176313
Y0 -0.182188
Z0 -0.980941
sigmaZ0 6.45677
dxdz 0.000177263
dydz 3.12862e-05
BeamWidthX 0.0146265
BeamWidthY 0.0160365
dxdy -0.037238
Cov(0,j) 7.51038e-08 1.66371e-09 0 0 0 0 0 0 0 
Cov(1,j) 1.66371e-09 7.36146e-08 0 0 0 0 0 0 0 
Cov(2,j) 0 0 0.213778 0 0 0 0 0 0 
Cov(3,j) 0 0 0 0.106873 0 0 0 0 0 
Cov(4,j) 0 0 0 0 1.76876e-09 2.70173e-11 0 0 0 
Cov(5,j) 0 0 0 0 2.70173e-11 1.73538e-09 0 0 0 
Cov(6,j) 0 0 0 0 0 0 5.85656e-07 0 0 
Cov(7,j) 0 0 0 0 0 0 0 7.00491e-07 0 
Cov(8,j) 0 0 0 0 0 0 0 0 0.00544535 
EmittanceX 0
EmittanceY 0
BetaStar 0
