Runnumber 352509
BeginTimeOfFit 2022.05.28 12:04:01 GMT 1653739441
EndTimeOfFit 2022.05.28 12:04:25 GMT 1653739465
LumiRange 225 - 225
Type 2
X0 0.170712
Y0 -0.180761
Z0 0.189048
sigmaZ0 7.26991
dxdz 0.000246289
dydz 0.000133168
BeamWidthX 0.0161027
BeamWidthY 0.0178691
dxdy -0.0690444
Cov(0,j) 9.39897e-08 9.26766e-10 0 0 0 0 0 0 0 
Cov(1,j) 9.26766e-10 9.05564e-08 0 0 0 0 0 0 0 
Cov(2,j) 0 0 0.347664 0 0 0 0 0 0 
Cov(3,j) 0 0 0 0.173785 0 0 0 0 0 
Cov(4,j) 0 0 0 0 1.64887e-09 1.7924e-12 0 0 0 
Cov(5,j) 0 0 0 0 1.7924e-12 1.57965e-09 0 0 0 
Cov(6,j) 0 0 0 0 0 0 9.03545e-07 0 0 
Cov(7,j) 0 0 0 0 0 0 0 1.09711e-06 0 
Cov(8,j) 0 0 0 0 0 0 0 0 0.00683953 
EmittanceX 0
EmittanceY 0
BetaStar 0
