Runnumber 353060
BeginTimeOfFit 2022.06.05 09:41:32 GMT 1654422092
EndTimeOfFit 2022.06.05 09:41:56 GMT 1654422116
LumiRange 777 - 777
Type 2
X0 0.164891
Y0 -0.17964
Z0 -0.0319418
sigmaZ0 7.46368
dxdz 0.000208782
dydz 0.000240785
BeamWidthX 0.0138515
BeamWidthY 0.0169282
dxdy -0.045446
Cov(0,j) 8.89822e-08 3.39207e-10 0 0 0 0 0 0 0 
Cov(1,j) 3.39207e-10 8.45011e-08 0 0 0 0 0 0 0 
Cov(2,j) 0 0 0.352527 0 0 0 0 0 0 
Cov(3,j) 0 0 0 0.176226 0 0 0 0 0 
Cov(4,j) 0 0 0 0 1.51933e-09 8.75612e-12 0 0 0 
Cov(5,j) 0 0 0 0 8.75612e-12 1.4356e-09 0 0 0 
Cov(6,j) 0 0 0 0 0 0 6.56602e-07 0 0 
Cov(7,j) 0 0 0 0 0 0 0 9.47456e-07 0 
Cov(8,j) 0 0 0 0 0 0 0 0 0.00666142 
EmittanceX 0
EmittanceY 0
BetaStar 0
