Runnumber 352425
BeginTimeOfFit 2022.05.27 10:38:34 GMT 1653647914
EndTimeOfFit 2022.05.27 10:38:57 GMT 1653647937
LumiRange 206 - 206
Type 2
X0 0.170204
Y0 -0.175013
Z0 -0.676024
sigmaZ0 7.14273
dxdz -0.000101568
dydz 0.000148139
BeamWidthX 0.0186009
BeamWidthY 0.0162479
dxdy 0.152458
Cov(0,j) 4.56946e-07 1.92671e-08 0 0 0 0 0 0 0 
Cov(1,j) 1.92671e-08 4.86142e-07 0 0 0 0 0 0 0 
Cov(2,j) 0 0 1.49972 0 0 0 0 0 0 
Cov(3,j) 0 0 0 0.749622 0 0 0 0 0 
Cov(4,j) 0 0 0 0 9.89809e-09 3.68463e-10 0 0 0 
Cov(5,j) 0 0 0 0 3.68463e-10 9.95132e-09 0 0 0 
Cov(6,j) 0 0 0 0 0 0 5.31952e-06 0 0 
Cov(7,j) 0 0 0 0 0 0 0 4.28788e-06 0 
Cov(8,j) 0 0 0 0 0 0 0 0 0.0301041 
EmittanceX 0
EmittanceY 0
BetaStar 0
