Runnumber 353709
BeginTimeOfFit 2022.06.13 12:32:07 GMT 1655123527
EndTimeOfFit 2022.06.13 12:32:30 GMT 1655123550
LumiRange 144 - 144
Type 2
X0 0.173168
Y0 -0.179672
Z0 1.49818
sigmaZ0 7.43461
dxdz 0.00020114
dydz 0.000218074
BeamWidthX 0.0170662
BeamWidthY 0.017445
dxdy -0.144829
Cov(0,j) 1.01755e-07 1.09527e-09 0 0 0 0 0 0 0 
Cov(1,j) 1.09527e-09 9.71862e-08 0 0 0 0 0 0 0 
Cov(2,j) 0 0 0.381142 0 0 0 0 0 0 
Cov(3,j) 0 0 0 0.190526 0 0 0 0 0 
Cov(4,j) 0 0 0 0 1.89585e-09 1.68823e-11 0 0 0 
Cov(5,j) 0 0 0 0 1.68823e-11 1.76422e-09 0 0 0 
Cov(6,j) 0 0 0 0 0 0 1.05207e-06 0 0 
Cov(7,j) 0 0 0 0 0 0 0 1.09728e-06 0 
Cov(8,j) 0 0 0 0 0 0 0 0 0.0068978 
EmittanceX 0
EmittanceY 0
BetaStar 0
