Runnumber 352505
BeginTimeOfFit 2022.05.28 09:57:28 GMT 1653731848
EndTimeOfFit 2022.05.28 09:57:51 GMT 1653731871
LumiRange 96 - 96
Type 2
X0 0.170298
Y0 -0.181119
Z0 -0.433604
sigmaZ0 7.1192
dxdz 0.00018279
dydz 0.000205239
BeamWidthX 0.0164377
BeamWidthY 0.0157051
dxdy -0.0530971
Cov(0,j) 6.58923e-08 8.59291e-10 0 0 0 0 0 0 0 
Cov(1,j) 8.59291e-10 6.45344e-08 0 0 0 0 0 0 0 
Cov(2,j) 0 0 0.230358 0 0 0 0 0 0 
Cov(3,j) 0 0 0 0.115162 0 0 0 0 0 
Cov(4,j) 0 0 0 0 1.22513e-09 2.53815e-11 0 0 0 
Cov(5,j) 0 0 0 0 2.53815e-11 1.19876e-09 0 0 0 
Cov(6,j) 0 0 0 0 0 0 6.46791e-07 0 0 
Cov(7,j) 0 0 0 0 0 0 0 5.95334e-07 0 
Cov(8,j) 0 0 0 0 0 0 0 0 0.0047581 
EmittanceX 0
EmittanceY 0
BetaStar 0
