Runnumber 353060
BeginTimeOfFit 2022.06.05 11:48:35 GMT 1654429715
EndTimeOfFit 2022.06.05 11:48:58 GMT 1654429738
LumiRange 1104 - 1104
Type 2
X0 0.166694
Y0 -0.179824
Z0 -1.72515
sigmaZ0 7.13745
dxdz 0.000171577
dydz 0.000220326
BeamWidthX 0.0150936
BeamWidthY 0.0172683
dxdy 0.174228
Cov(0,j) 1.40931e-07 -2.75611e-09 0 0 0 0 0 0 0 
Cov(1,j) -2.75611e-09 1.41541e-07 0 0 0 0 0 0 0 
Cov(2,j) 0 0 0.559701 0 0 0 0 0 0 
Cov(3,j) 0 0 0 0.279749 0 0 0 0 0 
Cov(4,j) 0 0 0 0 2.42718e-09 -1.83357e-11 0 0 0 
Cov(5,j) 0 0 0 0 -1.83357e-11 2.51707e-09 0 0 0 
Cov(6,j) 0 0 0 0 0 0 1.33865e-06 0 0 
Cov(7,j) 0 0 0 0 0 0 0 1.72154e-06 0 
Cov(8,j) 0 0 0 0 0 0 0 0 0.0110661 
EmittanceX 0
EmittanceY 0
BetaStar 0
