Runnumber 352425
BeginTimeOfFit 2022.05.27 11:41:54 GMT 1653651714
EndTimeOfFit 2022.05.27 11:42:17 GMT 1653651737
LumiRange 369 - 369
Type 2
X0 0.169417
Y0 -0.181825
Z0 -0.463762
sigmaZ0 7.02183
dxdz 0.00015266
dydz 0.000195195
BeamWidthX 0.0160898
BeamWidthY 0.0165312
dxdy -0.0452534
Cov(0,j) 1.26334e-07 -1.32038e-09 0 0 0 0 0 0 0 
Cov(1,j) -1.32038e-09 1.21573e-07 0 0 0 0 0 0 0 
Cov(2,j) 0 0 0.465073 0 0 0 0 0 0 
Cov(3,j) 0 0 0 0.232468 0 0 0 0 0 
Cov(4,j) 0 0 0 0 2.34377e-09 -1.10003e-11 0 0 0 
Cov(5,j) 0 0 0 0 -1.10003e-11 2.23919e-09 0 0 0 
Cov(6,j) 0 0 0 0 0 0 1.28376e-06 0 0 
Cov(7,j) 0 0 0 0 0 0 0 1.35316e-06 0 
Cov(8,j) 0 0 0 0 0 0 0 0 0.00987025 
EmittanceX 0
EmittanceY 0
BetaStar 0
