Runnumber 352493
BeginTimeOfFit 2022.05.28 07:09:06 GMT 1653721746
EndTimeOfFit 2022.05.28 07:09:29 GMT 1653721769
LumiRange 133 - 133
Type 2
X0 0.169997
Y0 -0.181934
Z0 0.657563
sigmaZ0 6.83985
dxdz 0.000162556
dydz 0.000181662
BeamWidthX 0.0137301
BeamWidthY 0.0144245
dxdy -0.0327377
Cov(0,j) 3.50384e-08 -1.59076e-10 0 0 0 0 0 0 0 
Cov(1,j) -1.59076e-10 3.45159e-08 0 0 0 0 0 0 0 
Cov(2,j) 0 0 0.140907 0 0 0 0 0 0 
Cov(3,j) 0 0 0 0.0704472 0 0 0 0 0 
Cov(4,j) 0 0 0 0 8.11646e-10 -4.86195e-12 0 0 0 
Cov(5,j) 0 0 0 0 -4.86195e-12 8.10787e-10 0 0 0 
Cov(6,j) 0 0 0 0 0 0 3.04909e-07 0 0 
Cov(7,j) 0 0 0 0 0 0 0 3.34313e-07 0 
Cov(8,j) 0 0 0 0 0 0 0 0 0.00322025 
EmittanceX 0
EmittanceY 0
BetaStar 0
