Runnumber 352931
BeginTimeOfFit 2022.06.03 12:09:12 GMT 1654258152
EndTimeOfFit 2022.06.03 12:09:35 GMT 1654258175
LumiRange 106 - 106
Type 2
X0 0.169767
Y0 -0.181079
Z0 -0.259114
sigmaZ0 6.96873
dxdz 0.000178109
dydz 0.000275593
BeamWidthX 0.0154447
BeamWidthY 0.0176177
dxdy -0.0620811
Cov(0,j) 9.34337e-08 -7.63117e-10 0 0 0 0 0 0 0 
Cov(1,j) -7.63117e-10 9.0726e-08 0 0 0 0 0 0 0 
Cov(2,j) 0 0 0.29974 0 0 0 0 0 0 
Cov(3,j) 0 0 0 0.14984 0 0 0 0 0 
Cov(4,j) 0 0 0 0 1.70755e-09 -3.02221e-11 0 0 0 
Cov(5,j) 0 0 0 0 -3.02221e-11 1.60612e-09 0 0 0 
Cov(6,j) 0 0 0 0 0 0 7.79202e-07 0 0 
Cov(7,j) 0 0 0 0 0 0 0 1.00825e-06 0 
Cov(8,j) 0 0 0 0 0 0 0 0 0.00644857 
EmittanceX 0
EmittanceY 0
BetaStar 0
