Runnumber 352929
BeginTimeOfFit 2022.06.03 11:10:49 GMT 1654254649
EndTimeOfFit 2022.06.03 11:11:13 GMT 1654254673
LumiRange 13 - 13
Type 2
X0 0.169595
Y0 -0.181932
Z0 0.413109
sigmaZ0 7.89666
dxdz 0.000190782
dydz 0.000138584
BeamWidthX 0.0155532
BeamWidthY 0.015668
dxdy 0.00278758
Cov(0,j) 6.85664e-08 -8.15709e-10 0 0 0 0 0 0 0 
Cov(1,j) -8.15709e-10 6.70952e-08 0 0 0 0 0 0 0 
Cov(2,j) 0 0 0.321391 0 0 0 0 0 0 
Cov(3,j) 0 0 0 0.160666 0 0 0 0 0 
Cov(4,j) 0 0 0 0 1.15559e-09 -2.33356e-11 0 0 0 
Cov(5,j) 0 0 0 0 -2.33356e-11 1.15065e-09 0 0 0 
Cov(6,j) 0 0 0 0 0 0 6.59127e-07 0 0 
Cov(7,j) 0 0 0 0 0 0 0 6.72241e-07 0 
Cov(8,j) 0 0 0 0 0 0 0 0 0.00544265 
EmittanceX 0
EmittanceY 0
BetaStar 0
