Runnumber 353018
BeginTimeOfFit 2022.06.04 06:30:52 GMT 1654324252
EndTimeOfFit 2022.06.04 06:31:10 GMT 1654324270
LumiRange 18 - 18
Type 2
X0 0.176759
Y0 -0.180455
Z0 -0.00861636
sigmaZ0 6.20479
dxdz 0.000131956
dydz 0.000153721
BeamWidthX 0.0141573
BeamWidthY 0.0143257
dxdy 0.0647859
Cov(0,j) 3.05013e-08 -7.26687e-11 0 0 0 0 0 0 0 
Cov(1,j) -7.26687e-11 3.01431e-08 0 0 0 0 0 0 0 
Cov(2,j) 0 0 0.106643 0 0 0 0 0 0 
Cov(3,j) 0 0 0 0.0533168 0 0 0 0 0 
Cov(4,j) 0 0 0 0 7.87708e-10 -2.38643e-12 0 0 0 
Cov(5,j) 0 0 0 0 -2.38643e-12 7.8544e-10 0 0 0 
Cov(6,j) 0 0 0 0 0 0 2.96406e-07 0 0 
Cov(7,j) 0 0 0 0 0 0 0 3.07146e-07 0 
Cov(8,j) 0 0 0 0 0 0 0 0 0.00294549 
EmittanceX 0
EmittanceY 0
BetaStar 0
