Runnumber 353060
BeginTimeOfFit 2022.06.05 05:13:04 GMT 1654405984
EndTimeOfFit 2022.06.05 05:13:28 GMT 1654406008
LumiRange 86 - 86
Type 2
X0 0.169766
Y0 -0.178908
Z0 -0.0651193
sigmaZ0 6.73442
dxdz 0.000144229
dydz 0.00023025
BeamWidthX 0.0133205
BeamWidthY 0.0141648
dxdy 0.0252115
Cov(0,j) 3.19976e-08 6.82278e-13 0 0 0 0 0 0 0 
Cov(1,j) 6.82278e-13 3.15397e-08 0 0 0 0 0 0 0 
Cov(2,j) 0 0 0.123571 0 0 0 0 0 0 
Cov(3,j) 0 0 0 0.06178 0 0 0 0 0 
Cov(4,j) 0 0 0 0 6.63688e-10 1.17862e-11 0 0 0 
Cov(5,j) 0 0 0 0 1.17862e-11 6.44388e-10 0 0 0 
Cov(6,j) 0 0 0 0 0 0 2.61911e-07 0 0 
Cov(7,j) 0 0 0 0 0 0 0 2.91068e-07 0 
Cov(8,j) 0 0 0 0 0 0 0 0 0.00291869 
EmittanceX 0
EmittanceY 0
BetaStar 0
