Runnumber 353689
BeginTimeOfFit 2022.06.13 08:15:17 GMT 1655108117
EndTimeOfFit 2022.06.13 08:15:40 GMT 1655108140
LumiRange 48 - 48
Type 2
X0 0.172358
Y0 -0.1816
Z0 0.995187
sigmaZ0 6.21803
dxdz 0.000241434
dydz 0.000190115
BeamWidthX 0.0146751
BeamWidthY 0.0150465
dxdy 0.0249076
Cov(0,j) 3.70083e-08 -3.66286e-11 0 0 0 0 0 0 0 
Cov(1,j) -3.66286e-11 3.62216e-08 0 0 0 0 0 0 0 
Cov(2,j) 0 0 0.115067 0 0 0 0 0 0 
Cov(3,j) 0 0 0 0.0575282 0 0 0 0 0 
Cov(4,j) 0 0 0 0 9.90803e-10 -6.75337e-12 0 0 0 
Cov(5,j) 0 0 0 0 -6.75337e-12 9.8699e-10 0 0 0 
Cov(6,j) 0 0 0 0 0 0 3.42387e-07 0 0 
Cov(7,j) 0 0 0 0 0 0 0 3.59938e-07 0 
Cov(8,j) 0 0 0 0 0 0 0 0 0.00315262 
EmittanceX 0
EmittanceY 0
BetaStar 0
