Runnumber 352909
BeginTimeOfFit 2022.06.03 08:38:57 GMT 1654245537
EndTimeOfFit 2022.06.03 08:39:20 GMT 1654245560
LumiRange 25 - 25
Type 2
X0 0.169009
Y0 -0.17965
Z0 0.444957
sigmaZ0 7.13762
dxdz 0.000190905
dydz 0.000231253
BeamWidthX 0.0138088
BeamWidthY 0.0144795
dxdy -0.0334168
Cov(0,j) 3.81367e-08 -2.65988e-10 0 0 0 0 0 0 0 
Cov(1,j) -2.65988e-10 3.79353e-08 0 0 0 0 0 0 0 
Cov(2,j) 0 0 0.165936 0 0 0 0 0 0 
Cov(3,j) 0 0 0 0.0829594 0 0 0 0 0 
Cov(4,j) 0 0 0 0 7.17378e-10 -3.13444e-12 0 0 0 
Cov(5,j) 0 0 0 0 -3.13444e-12 7.17882e-10 0 0 0 
Cov(6,j) 0 0 0 0 0 0 3.34941e-07 0 0 
Cov(7,j) 0 0 0 0 0 0 0 3.64936e-07 0 
Cov(8,j) 0 0 0 0 0 0 0 0 0.00348163 
EmittanceX 0
EmittanceY 0
BetaStar 0
