Runnumber 352568
BeginTimeOfFit 2022.05.29 11:02:06 GMT 1653822126
EndTimeOfFit 2022.05.29 11:02:29 GMT 1653822149
LumiRange 548 - 548
Type 2
X0 0.176367
Y0 -0.182089
Z0 0.338104
sigmaZ0 6.75652
dxdz 0.000102938
dydz 0.000359383
BeamWidthX 0.0171684
BeamWidthY 0.0160891
dxdy 0.0751809
Cov(0,j) 8.89859e-08 5.06631e-10 0 0 0 0 0 0 0 
Cov(1,j) 5.06631e-10 8.67334e-08 0 0 0 0 0 0 0 
Cov(2,j) 0 0 0.273329 0 0 0 0 0 0 
Cov(3,j) 0 0 0 0.136639 0 0 0 0 0 
Cov(4,j) 0 0 0 0 1.97659e-09 2.72418e-11 0 0 0 
Cov(5,j) 0 0 0 0 2.72418e-11 1.94996e-09 0 0 0 
Cov(6,j) 0 0 0 0 0 0 9.41974e-07 0 0 
Cov(7,j) 0 0 0 0 0 0 0 8.2293e-07 0 
Cov(8,j) 0 0 0 0 0 0 0 0 0.00626617 
EmittanceX 0
EmittanceY 0
BetaStar 0
