Runnumber 352908
BeginTimeOfFit 2022.06.03 08:23:44 GMT 1654244624
EndTimeOfFit 2022.06.03 08:24:08 GMT 1654244648
LumiRange 35 - 35
Type 2
X0 0.169385
Y0 -0.179711
Z0 0.90683
sigmaZ0 6.75928
dxdz 0.000124176
dydz 0.000211064
BeamWidthX 0.01331
BeamWidthY 0.0142968
dxdy -0.00323126
Cov(0,j) 3.49674e-08 4.79751e-11 0 0 0 0 0 0 0 
Cov(1,j) 4.79751e-11 3.50311e-08 0 0 0 0 0 0 0 
Cov(2,j) 0 0 0.138023 0 0 0 0 0 0 
Cov(3,j) 0 0 0 0.0690049 0 0 0 0 0 
Cov(4,j) 0 0 0 0 7.06879e-10 -7.56239e-12 0 0 0 
Cov(5,j) 0 0 0 0 -7.56239e-12 6.89093e-10 0 0 0 
Cov(6,j) 0 0 0 0 0 0 2.89678e-07 0 0 
Cov(7,j) 0 0 0 0 0 0 0 3.29132e-07 0 
Cov(8,j) 0 0 0 0 0 0 0 0 0.00323828 
EmittanceX 0
EmittanceY 0
BetaStar 0
