Runnumber 352931
BeginTimeOfFit 2022.06.03 12:08:25 GMT 1654258105
EndTimeOfFit 2022.06.03 12:08:48 GMT 1654258128
LumiRange 104 - 104
Type 2
X0 0.170629
Y0 -0.181947
Z0 -2.12985
sigmaZ0 8.147
dxdz 0.000149437
dydz 0.000223414
BeamWidthX 0.0163981
BeamWidthY 0.0172467
dxdy 0.120664
Cov(0,j) 3.30534e-07 3.41932e-09 0 0 0 0 0 0 0 
Cov(1,j) 3.41932e-09 3.35082e-07 0 0 0 0 0 0 0 
Cov(2,j) 0 0 1.20625 0 0 0 0 0 0 
Cov(3,j) 0 0 0 0.602707 0 0 0 0 0 
Cov(4,j) 0 0 0 0 5.88498e-09 6.73085e-11 0 0 0 
Cov(5,j) 0 0 0 0 6.73085e-11 5.68195e-09 0 0 0 
Cov(6,j) 0 0 0 0 0 0 2.5594e-06 0 0 
Cov(7,j) 0 0 0 0 0 0 0 2.81055e-06 0 
Cov(8,j) 0 0 0 0 0 0 0 0 0.0183039 
EmittanceX 0
EmittanceY 0
BetaStar 0
