Runnumber 353015
BeginTimeOfFit 2022.06.04 04:38:29 GMT 1654317509
EndTimeOfFit 2022.06.04 04:38:53 GMT 1654317533
LumiRange 139 - 139
Type 2
X0 0.176703
Y0 -0.178726
Z0 0.150558
sigmaZ0 6.53316
dxdz 0.000189096
dydz 0.000152869
BeamWidthX 0.0141487
BeamWidthY 0.0151142
dxdy -0.0239887
Cov(0,j) 2.79108e-08 -1.94155e-10 0 0 0 0 0 0 0 
Cov(1,j) -1.94155e-10 2.75983e-08 0 0 0 0 0 0 0 
Cov(2,j) 0 0 0.0935981 0 0 0 0 0 0 
Cov(3,j) 0 0 0 0.0467957 0 0 0 0 0 
Cov(4,j) 0 0 0 0 6.23926e-10 6.87858e-13 0 0 0 
Cov(5,j) 0 0 0 0 6.87858e-13 6.24097e-10 0 0 0 
Cov(6,j) 0 0 0 0 0 0 2.35497e-07 0 0 
Cov(7,j) 0 0 0 0 0 0 0 2.66546e-07 0 
Cov(8,j) 0 0 0 0 0 0 0 0 0.00233754 
EmittanceX 0
EmittanceY 0
BetaStar 0
