Runnumber 353060
BeginTimeOfFit 2022.06.05 06:36:13 GMT 1654410973
EndTimeOfFit 2022.06.05 06:36:36 GMT 1654410996
LumiRange 300 - 300
Type 2
X0 0.166172
Y0 -0.178591
Z0 0.385243
sigmaZ0 7.1357
dxdz 8.04373e-05
dydz 0.000244141
BeamWidthX 0.0155445
BeamWidthY 0.0136514
dxdy -0.0712144
Cov(0,j) 4.86012e-08 3.67934e-10 0 0 0 0 0 0 0 
Cov(1,j) 3.67934e-10 4.82555e-08 0 0 0 0 0 0 0 
Cov(2,j) 0 0 0.21039 0 0 0 0 0 0 
Cov(3,j) 0 0 0 0.10518 0 0 0 0 0 
Cov(4,j) 0 0 0 0 8.83284e-10 3.58085e-12 0 0 0 
Cov(5,j) 0 0 0 0 3.58085e-12 9.11334e-10 0 0 0 
Cov(6,j) 0 0 0 0 0 0 5.32913e-07 0 0 
Cov(7,j) 0 0 0 0 0 0 0 4.17393e-07 0 
Cov(8,j) 0 0 0 0 0 0 0 0 0.00438285 
EmittanceX 0
EmittanceY 0
BetaStar 0
