Runnumber 352508
BeginTimeOfFit 2022.05.28 10:29:46 GMT 1653733786
EndTimeOfFit 2022.05.28 10:30:09 GMT 1653733809
LumiRange 23 - 23
Type 2
X0 0.170496
Y0 -0.180815
Z0 -0.567192
sigmaZ0 7.02037
dxdz 0.000130869
dydz 0.000170929
BeamWidthX 0.017133
BeamWidthY 0.0169514
dxdy 0.0339648
Cov(0,j) 7.76621e-08 1.00557e-09 0 0 0 0 0 0 0 
Cov(1,j) 1.00557e-09 7.62778e-08 0 0 0 0 0 0 0 
Cov(2,j) 0 0 0.242765 0 0 0 0 0 0 
Cov(3,j) 0 0 0 0.121363 0 0 0 0 0 
Cov(4,j) 0 0 0 0 1.44369e-09 1.48518e-11 0 0 0 
Cov(5,j) 0 0 0 0 1.48518e-11 1.39221e-09 0 0 0 
Cov(6,j) 0 0 0 0 0 0 7.6289e-07 0 0 
Cov(7,j) 0 0 0 0 0 0 0 7.44707e-07 0 
Cov(8,j) 0 0 0 0 0 0 0 0 0.00516188 
EmittanceX 0
EmittanceY 0
BetaStar 0
