Runnumber 352493
BeginTimeOfFit 2022.05.28 07:08:19 GMT 1653721699
EndTimeOfFit 2022.05.28 07:08:42 GMT 1653721722
LumiRange 131 - 131
Type 2
X0 0.170057
Y0 -0.182103
Z0 -0.396102
sigmaZ0 6.36027
dxdz 0.000117356
dydz 0.000114617
BeamWidthX 0.0148311
BeamWidthY 0.0142668
dxdy 0.0648919
Cov(0,j) 3.72506e-08 3.69608e-10 0 0 0 0 0 0 0 
Cov(1,j) 3.69608e-10 3.76539e-08 0 0 0 0 0 0 0 
Cov(2,j) 0 0 0.135742 0 0 0 0 0 0 
Cov(3,j) 0 0 0 0.0678642 0 0 0 0 0 
Cov(4,j) 0 0 0 0 8.88117e-10 -1.41555e-12 0 0 0 
Cov(5,j) 0 0 0 0 -1.41555e-12 8.88324e-10 0 0 0 
Cov(6,j) 0 0 0 0 0 0 3.92659e-07 0 0 
Cov(7,j) 0 0 0 0 0 0 0 3.65498e-07 0 
Cov(8,j) 0 0 0 0 0 0 0 0 0.00354238 
EmittanceX 0
EmittanceY 0
BetaStar 0
