Runnumber 353018
BeginTimeOfFit 2022.06.04 07:37:59 GMT 1654328279
EndTimeOfFit 2022.06.04 07:38:23 GMT 1654328303
LumiRange 191 - 191
Type 2
X0 0.174972
Y0 -0.204143
Z0 0.690172
sigmaZ0 7.10207
dxdz 0.000184305
dydz 0.000113565
BeamWidthX 0.013081
BeamWidthY 0.0147275
dxdy 0.0738422
Cov(0,j) 8.95589e-08 -5.7175e-10 0 0 0 0 0 0 0 
Cov(1,j) -5.7175e-10 9.06425e-08 0 0 0 0 0 0 0 
Cov(2,j) 0 0 0.514591 0 0 0 0 0 0 
Cov(3,j) 0 0 0 0.257209 0 0 0 0 0 
Cov(4,j) 0 0 0 0 1.88043e-09 -7.25636e-12 0 0 0 
Cov(5,j) 0 0 0 0 -7.25636e-12 1.83633e-09 0 0 0 
Cov(6,j) 0 0 0 0 0 0 9.46578e-07 0 0 
Cov(7,j) 0 0 0 0 0 0 0 1.18844e-06 0 
Cov(8,j) 0 0 0 0 0 0 0 0 0.0107933 
EmittanceX 0
EmittanceY 0
BetaStar 0
