Runnumber 353018
BeginTimeOfFit 2022.06.04 07:37:13 GMT 1654328233
EndTimeOfFit 2022.06.04 07:37:36 GMT 1654328256
LumiRange 189 - 189
Type 2
X0 0.174667
Y0 -0.209002
Z0 -0.61493
sigmaZ0 6.91524
dxdz 0.000217289
dydz 0.000217416
BeamWidthX 0.0163522
BeamWidthY 0.0174017
dxdy 0.111936
Cov(0,j) 2.16071e-07 3.78847e-09 0 0 0 0 0 0 0 
Cov(1,j) 3.78847e-09 2.18821e-07 0 0 0 0 0 0 0 
Cov(2,j) 0 0 0.901976 0 0 0 0 0 0 
Cov(3,j) 0 0 0 0.450685 0 0 0 0 0 
Cov(4,j) 0 0 0 0 4.98559e-09 1.88614e-10 0 0 0 
Cov(5,j) 0 0 0 0 1.88614e-10 5.18723e-09 0 0 0 
Cov(6,j) 0 0 0 0 0 0 2.6568e-06 0 0 
Cov(7,j) 0 0 0 0 0 0 0 3.00219e-06 0 
Cov(8,j) 0 0 0 0 0 0 0 0 0.01918 
EmittanceX 0
EmittanceY 0
BetaStar 0
