Runnumber 353015
BeginTimeOfFit 2022.06.04 05:28:36 GMT 1654320516
EndTimeOfFit 2022.06.04 05:29:00 GMT 1654320540
LumiRange 268 - 268
Type 2
X0 0.175542
Y0 -0.178441
Z0 -0.0276842
sigmaZ0 6.82487
dxdz 0.000129173
dydz 0.000271454
BeamWidthX 0.0149784
BeamWidthY 0.0144175
dxdy -0.0907299
Cov(0,j) 3.35455e-08 2.43244e-11 0 0 0 0 0 0 0 
Cov(1,j) 2.43244e-11 3.37213e-08 0 0 0 0 0 0 0 
Cov(2,j) 0 0 0.125883 0 0 0 0 0 0 
Cov(3,j) 0 0 0 0.0629364 0 0 0 0 0 
Cov(4,j) 0 0 0 0 6.92317e-10 3.0917e-12 0 0 0 
Cov(5,j) 0 0 0 0 3.0917e-12 6.94824e-10 0 0 0 
Cov(6,j) 0 0 0 0 0 0 3.22445e-07 0 0 
Cov(7,j) 0 0 0 0 0 0 0 2.99237e-07 0 
Cov(8,j) 0 0 0 0 0 0 0 0 0.00283314 
EmittanceX 0
EmittanceY 0
BetaStar 0
