Runnumber 353015
BeginTimeOfFit 2022.06.04 05:32:06 GMT 1654320726
EndTimeOfFit 2022.06.04 05:32:30 GMT 1654320750
LumiRange 277 - 277
Type 2
X0 0.175952
Y0 -0.178709
Z0 0.700648
sigmaZ0 7.15389
dxdz 0.00016027
dydz 0.000371113
BeamWidthX 0.0162245
BeamWidthY 0.0172061
dxdy 0.0346172
Cov(0,j) 2.17889e-07 8.53509e-09 0 0 0 0 0 0 0 
Cov(1,j) 8.53509e-09 2.18684e-07 0 0 0 0 0 0 0 
Cov(2,j) 0 0 0.720627 0 0 0 0 0 0 
Cov(3,j) 0 0 0 0.36013 0 0 0 0 0 
Cov(4,j) 0 0 0 0 4.03223e-09 2.52299e-10 0 0 0 
Cov(5,j) 0 0 0 0 2.52299e-10 4.15499e-09 0 0 0 
Cov(6,j) 0 0 0 0 0 0 1.95902e-06 0 0 
Cov(7,j) 0 0 0 0 0 0 0 2.17457e-06 0 
Cov(8,j) 0 0 0 0 0 0 0 0 0.0147222 
EmittanceX 0
EmittanceY 0
BetaStar 0
