Runnumber 352509
BeginTimeOfFit 2022.05.28 10:37:00 GMT 1653734220
EndTimeOfFit 2022.05.28 10:37:23 GMT 1653734243
LumiRange 1 - 1
Type 2
X0 0.170226
Y0 -0.182013
Z0 -0.238931
sigmaZ0 7.40338
dxdz 0.000174098
dydz 0.000180474
BeamWidthX 0.0178384
BeamWidthY 0.017671
dxdy -0.0408072
Cov(0,j) 8.71923e-08 4.63867e-10 0 0 0 0 0 0 0 
Cov(1,j) 4.63867e-10 8.64517e-08 0 0 0 0 0 0 0 
Cov(2,j) 0 0 0.320489 0 0 0 0 0 0 
Cov(3,j) 0 0 0 0.160212 0 0 0 0 0 
Cov(4,j) 0 0 0 0 1.56218e-09 4.44523e-12 0 0 0 
Cov(5,j) 0 0 0 0 4.44523e-12 1.53198e-09 0 0 0 
Cov(6,j) 0 0 0 0 0 0 9.84125e-07 0 0 
Cov(7,j) 0 0 0 0 0 0 0 9.59332e-07 0 
Cov(8,j) 0 0 0 0 0 0 0 0 0.00608784 
EmittanceX 0
EmittanceY 0
BetaStar 0
