Runnumber 352568
BeginTimeOfFit 2022.05.29 10:04:12 GMT 1653818652
EndTimeOfFit 2022.05.29 10:04:36 GMT 1653818676
LumiRange 399 - 399
Type 2
X0 0.175026
Y0 -0.181061
Z0 0.0592293
sigmaZ0 6.37895
dxdz 0.000126072
dydz 0.000199931
BeamWidthX 0.0153791
BeamWidthY 0.0159692
dxdy 0.303623
Cov(0,j) 1.67604e-07 3.67067e-09 0 0 0 0 0 0 0 
Cov(1,j) 3.67067e-09 1.64166e-07 0 0 0 0 0 0 0 
Cov(2,j) 0 0 0.656149 0 0 0 0 0 0 
Cov(3,j) 0 0 0 0.327949 0 0 0 0 0 
Cov(4,j) 0 0 0 0 4.03381e-09 1.2953e-10 0 0 0 
Cov(5,j) 0 0 0 0 1.2953e-10 3.99656e-09 0 0 0 
Cov(6,j) 0 0 0 0 0 0 2.01379e-06 0 0 
Cov(7,j) 0 0 0 0 0 0 0 2.14507e-06 0 
Cov(8,j) 0 0 0 0 0 0 0 0 0.0139629 
EmittanceX 0
EmittanceY 0
BetaStar 0
