Runnumber 352509
BeginTimeOfFit 2022.05.28 12:09:28 GMT 1653739768
EndTimeOfFit 2022.05.28 12:09:51 GMT 1653739791
LumiRange 239 - 239
Type 2
X0 0.170398
Y0 -0.180953
Z0 0.75859
sigmaZ0 7.25643
dxdz 0.00013048
dydz 0.000262289
BeamWidthX 0.0167702
BeamWidthY 0.0170651
dxdy -0.139107
Cov(0,j) 9.49284e-08 6.68467e-10 0 0 0 0 0 0 0 
Cov(1,j) 6.68467e-10 9.02766e-08 0 0 0 0 0 0 0 
Cov(2,j) 0 0 0.327015 0 0 0 0 0 0 
Cov(3,j) 0 0 0 0.16347 0 0 0 0 0 
Cov(4,j) 0 0 0 0 1.70814e-09 2.47093e-11 0 0 0 
Cov(5,j) 0 0 0 0 2.47093e-11 1.57988e-09 0 0 0 
Cov(6,j) 0 0 0 0 0 0 9.18944e-07 0 0 
Cov(7,j) 0 0 0 0 0 0 0 9.46943e-07 0 
Cov(8,j) 0 0 0 0 0 0 0 0 0.00626698 
EmittanceX 0
EmittanceY 0
BetaStar 0
