Runnumber 353689
BeginTimeOfFit 2022.06.13 08:13:20 GMT 1655108000
EndTimeOfFit 2022.06.13 08:13:44 GMT 1655108024
LumiRange 43 - 43
Type 2
X0 0.172121
Y0 -0.181632
Z0 0.950591
sigmaZ0 5.75978
dxdz 0.000114502
dydz 0.000135115
BeamWidthX 0.0153869
BeamWidthY 0.0138518
dxdy 0.0206471
Cov(0,j) 3.54886e-08 -1.36775e-10 0 0 0 0 0 0 0 
Cov(1,j) -1.36775e-10 3.46062e-08 0 0 0 0 0 0 0 
Cov(2,j) 0 0 0.0924067 0 0 0 0 0 0 
Cov(3,j) 0 0 0 0.0462 0 0 0 0 0 
Cov(4,j) 0 0 0 0 9.83836e-10 7.32744e-12 0 0 0 
Cov(5,j) 0 0 0 0 7.32744e-12 9.81308e-10 0 0 0 
Cov(6,j) 0 0 0 0 0 0 3.54126e-07 0 0 
Cov(7,j) 0 0 0 0 0 0 0 2.86924e-07 0 
Cov(8,j) 0 0 0 0 0 0 0 0 0.00297185 
EmittanceX 0
EmittanceY 0
BetaStar 0
