Runnumber 352493
BeginTimeOfFit 2022.05.28 07:27:21 GMT 1653722841
EndTimeOfFit 2022.05.28 07:27:44 GMT 1653722864
LumiRange 180 - 180
Type 2
X0 0.169915
Y0 -0.181913
Z0 -0.338079
sigmaZ0 7.00092
dxdz 0.00019533
dydz 0.000222511
BeamWidthX 0.0140153
BeamWidthY 0.0157196
dxdy -0.0243183
Cov(0,j) 3.98814e-08 -2.96251e-10 0 0 0 0 0 0 0 
Cov(1,j) -2.96251e-10 3.94785e-08 0 0 0 0 0 0 0 
Cov(2,j) 0 0 0.15268 0 0 0 0 0 0 
Cov(3,j) 0 0 0 0.0763325 0 0 0 0 0 
Cov(4,j) 0 0 0 0 8.21324e-10 -7.84618e-12 0 0 0 
Cov(5,j) 0 0 0 0 -7.84618e-12 8.16537e-10 0 0 0 
Cov(6,j) 0 0 0 0 0 0 3.28104e-07 0 0 
Cov(7,j) 0 0 0 0 0 0 0 4.06697e-07 0 
Cov(8,j) 0 0 0 0 0 0 0 0 0.00329798 
EmittanceX 0
EmittanceY 0
BetaStar 0
