Runnumber 352567
BeginTimeOfFit 2022.05.29 07:27:37 GMT 1653809257
EndTimeOfFit 2022.05.29 07:28:00 GMT 1653809280
LumiRange 124 - 124
Type 2
X0 0.177238
Y0 -0.181203
Z0 -0.0873817
sigmaZ0 7.25664
dxdz 1.20182e-05
dydz 0.000264714
BeamWidthX 0.0111142
BeamWidthY 0.014558
dxdy -0.0778181
Cov(0,j) 3.82871e-08 9.05792e-10 0 0 0 0 0 0 0 
Cov(1,j) 9.05792e-10 3.80845e-08 0 0 0 0 0 0 0 
Cov(2,j) 0 0 0.204883 0 0 0 0 0 0 
Cov(3,j) 0 0 0 0.102428 0 0 0 0 0 
Cov(4,j) 0 0 0 0 7.74365e-10 3.25716e-12 0 0 0 
Cov(5,j) 0 0 0 0 3.25716e-12 7.78598e-10 0 0 0 
Cov(6,j) 0 0 0 0 0 0 2.71684e-07 0 0 
Cov(7,j) 0 0 0 0 0 0 0 4.40078e-07 0 
Cov(8,j) 0 0 0 0 0 0 0 0 0.00422863 
EmittanceX 0
EmittanceY 0
BetaStar 0
