Runnumber 353015
BeginTimeOfFit 2022.06.04 05:11:07 GMT 1654319467
EndTimeOfFit 2022.06.04 05:11:31 GMT 1654319491
LumiRange 223 - 223
Type 2
X0 0.175406
Y0 -0.178532
Z0 -0.0121769
sigmaZ0 6.42348
dxdz 0.000142332
dydz 0.000222901
BeamWidthX 0.0150041
BeamWidthY 0.0144725
dxdy -0.0425417
Cov(0,j) 3.19309e-08 1.54545e-10 0 0 0 0 0 0 0 
Cov(1,j) 1.54545e-10 3.17646e-08 0 0 0 0 0 0 0 
Cov(2,j) 0 0 0.111814 0 0 0 0 0 0 
Cov(3,j) 0 0 0 0.0559016 0 0 0 0 0 
Cov(4,j) 0 0 0 0 6.80548e-10 -1.25152e-12 0 0 0 
Cov(5,j) 0 0 0 0 -1.25152e-12 6.88303e-10 0 0 0 
Cov(6,j) 0 0 0 0 0 0 3.25446e-07 0 0 
Cov(7,j) 0 0 0 0 0 0 0 3.04823e-07 0 
Cov(8,j) 0 0 0 0 0 0 0 0 0.00288114 
EmittanceX 0
EmittanceY 0
BetaStar 0
