Runnumber 353018
BeginTimeOfFit 2022.06.04 07:21:40 GMT 1654327300
EndTimeOfFit 2022.06.04 07:22:04 GMT 1654327324
LumiRange 149 - 149
Type 2
X0 0.175466
Y0 -0.153123
Z0 0.159105
sigmaZ0 6.28063
dxdz 9.88689e-05
dydz 0.000136665
BeamWidthX 0.0156405
BeamWidthY 0.0326987
dxdy 0.0713027
Cov(0,j) 8.35066e-08 1.00922e-09 0 0 0 0 0 0 0 
Cov(1,j) 1.00922e-09 8.56215e-08 0 0 0 0 0 0 0 
Cov(2,j) 0 0 0.103259 0 0 0 0 0 0 
Cov(3,j) 0 0 0 0.0516255 0 0 0 0 0 
Cov(4,j) 0 0 0 0 1.84642e-09 4.28726e-11 0 0 0 
Cov(5,j) 0 0 0 0 4.28726e-11 1.93511e-09 0 0 0 
Cov(6,j) 0 0 0 0 0 0 3.38997e-07 0 0 
Cov(7,j) 0 0 0 0 0 0 0 1.41723e-06 0 
Cov(8,j) 0 0 0 0 0 0 0 0 0.00267711 
EmittanceX 0
EmittanceY 0
BetaStar 0
