Runnumber 352567
BeginTimeOfFit 2022.05.29 07:24:07 GMT 1653809047
EndTimeOfFit 2022.05.29 07:24:31 GMT 1653809071
LumiRange 115 - 115
Type 2
X0 0.177517
Y0 -0.182451
Z0 -0.588766
sigmaZ0 6.62949
dxdz 0.000136442
dydz 0.000204548
BeamWidthX 0.0145121
BeamWidthY 0.0134509
dxdy 0.0324768
Cov(0,j) 5.0455e-08 1.05401e-09 0 0 0 0 0 0 0 
Cov(1,j) 1.05401e-09 4.97076e-08 0 0 0 0 0 0 0 
Cov(2,j) 0 0 0.220838 0 0 0 0 0 0 
Cov(3,j) 0 0 0 0.110402 0 0 0 0 0 
Cov(4,j) 0 0 0 0 1.07022e-09 1.762e-11 0 0 0 
Cov(5,j) 0 0 0 0 1.762e-11 1.06856e-09 0 0 0 
Cov(6,j) 0 0 0 0 0 0 5.64467e-07 0 0 
Cov(7,j) 0 0 0 0 0 0 0 4.92942e-07 0 
Cov(8,j) 0 0 0 0 0 0 0 0 0.00543718 
EmittanceX 0
EmittanceY 0
BetaStar 0
