Runnumber 353087
BeginTimeOfFit 2022.06.05 15:59:13 GMT 1654444753
EndTimeOfFit 2022.06.05 15:59:36 GMT 1654444776
LumiRange 181 - 181
Type 2
X0 0.17268
Y0 -0.180895
Z0 -0.0275279
sigmaZ0 6.47367
dxdz 0.000107179
dydz 0.000209469
BeamWidthX 0.0135826
BeamWidthY 0.0148804
dxdy -0.0254487
Cov(0,j) 3.89369e-08 -4.29353e-10 0 0 0 0 0 0 0 
Cov(1,j) -4.29353e-10 3.87015e-08 0 0 0 0 0 0 0 
Cov(2,j) 0 0 0.136949 0 0 0 0 0 0 
Cov(3,j) 0 0 0 0.0684675 0 0 0 0 0 
Cov(4,j) 0 0 0 0 7.62473e-10 -7.47742e-12 0 0 0 
Cov(5,j) 0 0 0 0 -7.47742e-12 7.48278e-10 0 0 0 
Cov(6,j) 0 0 0 0 0 0 3.24069e-07 0 0 
Cov(7,j) 0 0 0 0 0 0 0 3.85579e-07 0 
Cov(8,j) 0 0 0 0 0 0 0 0 0.00349428 
EmittanceX 0
EmittanceY 0
BetaStar 0
