Runnumber 352509
BeginTimeOfFit 2022.05.28 11:40:19 GMT 1653738019
EndTimeOfFit 2022.05.28 11:40:43 GMT 1653738043
LumiRange 164 - 164
Type 2
X0 0.170566
Y0 -0.180915
Z0 0.034811
sigmaZ0 7.46395
dxdz 0.000232319
dydz 0.000248674
BeamWidthX 0.0162749
BeamWidthY 0.0161305
dxdy -0.0653227
Cov(0,j) 8.02534e-08 5.16849e-10 0 0 0 0 0 0 0 
Cov(1,j) 5.16849e-10 7.86924e-08 0 0 0 0 0 0 0 
Cov(2,j) 0 0 0.314713 0 0 0 0 0 0 
Cov(3,j) 0 0 0 0.157325 0 0 0 0 0 
Cov(4,j) 0 0 0 0 1.40112e-09 1.41343e-12 0 0 0 
Cov(5,j) 0 0 0 0 1.41343e-12 1.35846e-09 0 0 0 
Cov(6,j) 0 0 0 0 0 0 7.88638e-07 0 0 
Cov(7,j) 0 0 0 0 0 0 0 7.7862e-07 0 
Cov(8,j) 0 0 0 0 0 0 0 0 0.00591352 
EmittanceX 0
EmittanceY 0
BetaStar 0
