Runnumber 353060
BeginTimeOfFit 2022.06.05 05:52:19 GMT 1654408339
EndTimeOfFit 2022.06.05 05:52:42 GMT 1654408362
LumiRange 187 - 187
Type 2
X0 0.167763
Y0 -0.180094
Z0 -0.314225
sigmaZ0 7.35063
dxdz 0.000100243
dydz 0.000149766
BeamWidthX 0.0134062
BeamWidthY 0.0152501
dxdy 0.0455683
Cov(0,j) 3.84687e-08 -1.97566e-10 0 0 0 0 0 0 0 
Cov(1,j) -1.97566e-10 3.79917e-08 0 0 0 0 0 0 0 
Cov(2,j) 0 0 0.167271 0 0 0 0 0 0 
Cov(3,j) 0 0 0 0.0836268 0 0 0 0 0 
Cov(4,j) 0 0 0 0 7.01196e-10 -1.11873e-11 0 0 0 
Cov(5,j) 0 0 0 0 -1.11873e-11 7.02875e-10 0 0 0 
Cov(6,j) 0 0 0 0 0 0 3.03017e-07 0 0 
Cov(7,j) 0 0 0 0 0 0 0 3.81978e-07 0 
Cov(8,j) 0 0 0 0 0 0 0 0 0.00329346 
EmittanceX 0
EmittanceY 0
BetaStar 0
