Runnumber 352568
BeginTimeOfFit 2022.05.29 09:31:11 GMT 1653816671
EndTimeOfFit 2022.05.29 09:31:34 GMT 1653816694
LumiRange 314 - 314
Type 2
X0 0.176556
Y0 -0.181102
Z0 0.164903
sigmaZ0 6.93907
dxdz 0.000166624
dydz 0.000196954
BeamWidthX 0.0136799
BeamWidthY 0.0147453
dxdy -0.00208422
Cov(0,j) 6.31034e-08 -2.13016e-10 0 0 0 0 0 0 0 
Cov(1,j) -2.13016e-10 6.14468e-08 0 0 0 0 0 0 0 
Cov(2,j) 0 0 0.234862 0 0 0 0 0 0 
Cov(3,j) 0 0 0 0.117411 0 0 0 0 0 
Cov(4,j) 0 0 0 0 1.47855e-09 1.0937e-11 0 0 0 
Cov(5,j) 0 0 0 0 1.0937e-11 1.50601e-09 0 0 0 
Cov(6,j) 0 0 0 0 0 0 4.92436e-07 0 0 
Cov(7,j) 0 0 0 0 0 0 0 5.65596e-07 0 
Cov(8,j) 0 0 0 0 0 0 0 0 0.00525023 
EmittanceX 0
EmittanceY 0
BetaStar 0
