Runnumber 353060
BeginTimeOfFit 2022.06.05 06:51:45 GMT 1654411905
EndTimeOfFit 2022.06.05 06:52:09 GMT 1654411929
LumiRange 340 - 340
Type 2
X0 0.164615
Y0 -0.179471
Z0 0.125342
sigmaZ0 7.25073
dxdz 0.000213018
dydz 0.000260432
BeamWidthX 0.0144592
BeamWidthY 0.015813
dxdy 0.216278
Cov(0,j) 1.70336e-07 -3.38814e-10 0 0 0 0 0 0 0 
Cov(1,j) -3.38814e-10 1.63518e-07 0 0 0 0 0 0 0 
Cov(2,j) 0 0 0.729987 0 0 0 0 0 0 
Cov(3,j) 0 0 0 0.364556 0 0 0 0 0 
Cov(4,j) 0 0 0 0 3.00941e-09 9.18109e-11 0 0 0 
Cov(5,j) 0 0 0 0 9.18109e-11 2.98544e-09 0 0 0 
Cov(6,j) 0 0 0 0 0 0 1.56891e-06 0 0 
Cov(7,j) 0 0 0 0 0 0 0 1.82636e-06 0 
Cov(8,j) 0 0 0 0 0 0 0 0 0.0134367 
EmittanceX 0
EmittanceY 0
BetaStar 0
