Runnumber 352508
BeginTimeOfFit 2022.05.28 10:25:30 GMT 1653733530
EndTimeOfFit 2022.05.28 10:25:53 GMT 1653733553
LumiRange 12 - 12
Type 2
X0 0.170467
Y0 -0.181535
Z0 0.0595607
sigmaZ0 7.62024
dxdz 0.000112471
dydz 0.000226491
BeamWidthX 0.0166994
BeamWidthY 0.0162095
dxdy -0.0656199
Cov(0,j) 7.31165e-08 7.2701e-11 0 0 0 0 0 0 0 
Cov(1,j) 7.2701e-11 7.44565e-08 0 0 0 0 0 0 0 
Cov(2,j) 0 0 0.299288 0 0 0 0 0 0 
Cov(3,j) 0 0 0 0.149616 0 0 0 0 0 
Cov(4,j) 0 0 0 0 1.2441e-09 -2.58266e-12 0 0 0 
Cov(5,j) 0 0 0 0 -2.58266e-12 1.25734e-09 0 0 0 
Cov(6,j) 0 0 0 0 0 0 7.55271e-07 0 0 
Cov(7,j) 0 0 0 0 0 0 0 7.27259e-07 0 
Cov(8,j) 0 0 0 0 0 0 0 0 0.00538723 
EmittanceX 0
EmittanceY 0
BetaStar 0
