Runnumber 353015
BeginTimeOfFit 2022.06.04 04:51:42 GMT 1654318302
EndTimeOfFit 2022.06.04 04:52:05 GMT 1654318325
LumiRange 173 - 173
Type 2
X0 0.175515
Y0 -0.178302
Z0 -0.403386
sigmaZ0 6.63129
dxdz 0.00010033
dydz 0.000162046
BeamWidthX 0.0144311
BeamWidthY 0.0145504
dxdy 0.0164956
Cov(0,j) 2.91158e-08 2.54635e-10 0 0 0 0 0 0 0 
Cov(1,j) 2.54635e-10 2.90397e-08 0 0 0 0 0 0 0 
Cov(2,j) 0 0 0.110483 0 0 0 0 0 0 
Cov(3,j) 0 0 0 0.0552373 0 0 0 0 0 
Cov(4,j) 0 0 0 0 6.28801e-10 -1.32255e-12 0 0 0 
Cov(5,j) 0 0 0 0 -1.32255e-12 6.37939e-10 0 0 0 
Cov(6,j) 0 0 0 0 0 0 2.80783e-07 0 0 
Cov(7,j) 0 0 0 0 0 0 0 2.84526e-07 0 
Cov(8,j) 0 0 0 0 0 0 0 0 0.00269217 
EmittanceX 0
EmittanceY 0
BetaStar 0
