Runnumber 352568
BeginTimeOfFit 2022.05.29 10:27:31 GMT 1653820051
EndTimeOfFit 2022.05.29 10:27:54 GMT 1653820074
LumiRange 459 - 459
Type 2
X0 0.176363
Y0 -0.181766
Z0 -0.0645956
sigmaZ0 6.60308
dxdz 0.000105031
dydz 0.00015827
BeamWidthX 0.0151868
BeamWidthY 0.0151449
dxdy -0.0875968
Cov(0,j) 7.97571e-08 8.29471e-10 0 0 0 0 0 0 0 
Cov(1,j) 8.29471e-10 7.62923e-08 0 0 0 0 0 0 0 
Cov(2,j) 0 0 0.256451 0 0 0 0 0 0 
Cov(3,j) 0 0 0 0.1282 0 0 0 0 0 
Cov(4,j) 0 0 0 0 1.87742e-09 2.66859e-11 0 0 0 
Cov(5,j) 0 0 0 0 2.66859e-11 1.7723e-09 0 0 0 
Cov(6,j) 0 0 0 0 0 0 7.22428e-07 0 0 
Cov(7,j) 0 0 0 0 0 0 0 7.09985e-07 0 
Cov(8,j) 0 0 0 0 0 0 0 0 0.00611428 
EmittanceX 0
EmittanceY 0
BetaStar 0
