Runnumber 353060
BeginTimeOfFit 2022.06.05 12:07:37 GMT 1654430857
EndTimeOfFit 2022.06.05 12:08:01 GMT 1654430881
LumiRange 1153 - 1153
Type 2
X0 0.166159
Y0 -0.181712
Z0 -0.0599134
sigmaZ0 7.26615
dxdz 0.00025526
dydz 0.000334239
BeamWidthX 0.018249
BeamWidthY 0.0155045
dxdy -0.0473281
Cov(0,j) 1.64504e-07 1.0757e-09 0 0 0 0 0 0 0 
Cov(1,j) 1.0757e-09 1.63374e-07 0 0 0 0 0 0 0 
Cov(2,j) 0 0 0.593095 0 0 0 0 0 0 
Cov(3,j) 0 0 0 0.296436 0 0 0 0 0 
Cov(4,j) 0 0 0 0 3.03956e-09 -3.83054e-11 0 0 0 
Cov(5,j) 0 0 0 0 -3.83054e-11 2.83106e-09 0 0 0 
Cov(6,j) 0 0 0 0 0 0 1.95163e-06 0 0 
Cov(7,j) 0 0 0 0 0 0 0 1.43742e-06 0 
Cov(8,j) 0 0 0 0 0 0 0 0 0.0116951 
EmittanceX 0
EmittanceY 0
BetaStar 0
