Runnumber 352505
BeginTimeOfFit 2022.05.28 09:56:42 GMT 1653731802
EndTimeOfFit 2022.05.28 09:57:05 GMT 1653731825
LumiRange 94 - 94
Type 2
X0 0.170387
Y0 -0.181075
Z0 0.710209
sigmaZ0 7.16664
dxdz 8.22923e-05
dydz 0.000221155
BeamWidthX 0.0160461
BeamWidthY 0.0157613
dxdy -0.0335415
Cov(0,j) 6.24456e-08 2.95195e-10 0 0 0 0 0 0 0 
Cov(1,j) 2.95195e-10 6.22929e-08 0 0 0 0 0 0 0 
Cov(2,j) 0 0 0.230298 0 0 0 0 0 0 
Cov(3,j) 0 0 0 0.115132 0 0 0 0 0 
Cov(4,j) 0 0 0 0 1.10237e-09 8.00154e-12 0 0 0 
Cov(5,j) 0 0 0 0 8.00154e-12 1.08035e-09 0 0 0 
Cov(6,j) 0 0 0 0 0 0 6.10577e-07 0 0 
Cov(7,j) 0 0 0 0 0 0 0 5.87402e-07 0 
Cov(8,j) 0 0 0 0 0 0 0 0 0.00472484 
EmittanceX 0
EmittanceY 0
BetaStar 0
