Runnumber 353018
BeginTimeOfFit 2022.06.04 07:49:16 GMT 1654328956
EndTimeOfFit 2022.06.04 07:49:39 GMT 1654328979
LumiRange 220 - 220
Type 2
X0 0.175681
Y0 -0.180163
Z0 0.0759152
sigmaZ0 6.57161
dxdz 0.000204688
dydz 0.000236504
BeamWidthX 0.0153901
BeamWidthY 0.0146346
dxdy 0.044055
Cov(0,j) 3.66156e-08 -3.2161e-10 0 0 0 0 0 0 0 
Cov(1,j) -3.2161e-10 3.63125e-08 0 0 0 0 0 0 0 
Cov(2,j) 0 0 0.132466 0 0 0 0 0 0 
Cov(3,j) 0 0 0 0.0662269 0 0 0 0 0 
Cov(4,j) 0 0 0 0 7.57139e-10 -4.57456e-12 0 0 0 
Cov(5,j) 0 0 0 0 -4.57456e-12 7.73786e-10 0 0 0 
Cov(6,j) 0 0 0 0 0 0 3.89095e-07 0 0 
Cov(7,j) 0 0 0 0 0 0 0 3.53767e-07 0 
Cov(8,j) 0 0 0 0 0 0 0 0 0.00327997 
EmittanceX 0
EmittanceY 0
BetaStar 0
