Runnumber 353087
BeginTimeOfFit 2022.06.05 16:30:18 GMT 1654446618
EndTimeOfFit 2022.06.05 16:30:41 GMT 1654446641
LumiRange 261 - 261
Type 2
X0 0.171903
Y0 -0.180468
Z0 -0.364907
sigmaZ0 6.96758
dxdz 0.000130175
dydz 0.000190093
BeamWidthX 0.0142123
BeamWidthY 0.0156226
dxdy 0.0193182
Cov(0,j) 4.86607e-08 -1.90026e-10 0 0 0 0 0 0 0 
Cov(1,j) -1.90026e-10 4.69255e-08 0 0 0 0 0 0 0 
Cov(2,j) 0 0 0.189625 0 0 0 0 0 0 
Cov(3,j) 0 0 0 0.0948006 0 0 0 0 0 
Cov(4,j) 0 0 0 0 8.97699e-10 -1.80977e-13 0 0 0 
Cov(5,j) 0 0 0 0 -1.80977e-13 8.65921e-10 0 0 0 
Cov(6,j) 0 0 0 0 0 0 4.21904e-07 0 0 
Cov(7,j) 0 0 0 0 0 0 0 5.03621e-07 0 
Cov(8,j) 0 0 0 0 0 0 0 0 0.00414728 
EmittanceX 0
EmittanceY 0
BetaStar 0
