Runnumber 353706
BeginTimeOfFit 2022.06.13 10:34:34 GMT 1655116474
EndTimeOfFit 2022.06.13 10:34:57 GMT 1655116497
LumiRange 41 - 41
Type 2
X0 0.171649
Y0 -0.181212
Z0 0.297987
sigmaZ0 7.05585
dxdz 0.000206442
dydz 0.000259419
BeamWidthX 0.0182469
BeamWidthY 0.0159127
dxdy 0.00975455
Cov(0,j) 7.27882e-08 -2.04062e-10 0 0 0 0 0 0 0 
Cov(1,j) -2.04062e-10 7.21489e-08 0 0 0 0 0 0 0 
Cov(2,j) 0 0 0.235928 0 0 0 0 0 0 
Cov(3,j) 0 0 0 0.117946 0 0 0 0 0 
Cov(4,j) 0 0 0 0 1.40974e-09 7.92154e-12 0 0 0 
Cov(5,j) 0 0 0 0 7.92154e-12 1.40388e-09 0 0 0 
Cov(6,j) 0 0 0 0 0 0 8.24335e-07 0 0 
Cov(7,j) 0 0 0 0 0 0 0 6.34337e-07 0 
Cov(8,j) 0 0 0 0 0 0 0 0 0.00496017 
EmittanceX 0
EmittanceY 0
BetaStar 0
