Runnumber 352425
BeginTimeOfFit 2022.05.27 11:09:15 GMT 1653649755
EndTimeOfFit 2022.05.27 11:09:39 GMT 1653649779
LumiRange 285 - 285
Type 2
X0 0.170651
Y0 -0.182658
Z0 -0.00557738
sigmaZ0 6.66674
dxdz 0.000131737
dydz 0.000119894
BeamWidthX 0.0145789
BeamWidthY 0.0167157
dxdy -0.102768
Cov(0,j) 1.13212e-07 -1.07817e-09 0 0 0 0 0 0 0 
Cov(1,j) -1.07817e-09 1.10034e-07 0 0 0 0 0 0 0 
Cov(2,j) 0 0 0.423224 0 0 0 0 0 0 
Cov(3,j) 0 0 0 0.21155 0 0 0 0 0 
Cov(4,j) 0 0 0 0 2.20608e-09 -6.0768e-12 0 0 0 
Cov(5,j) 0 0 0 0 -6.0768e-12 2.08639e-09 0 0 0 
Cov(6,j) 0 0 0 0 0 0 1.08314e-06 0 0 
Cov(7,j) 0 0 0 0 0 0 0 1.40714e-06 0 
Cov(8,j) 0 0 0 0 0 0 0 0 0.00989972 
EmittanceX 0
EmittanceY 0
BetaStar 0
