Runnumber 353060
BeginTimeOfFit 2022.06.05 05:43:23 GMT 1654407803
EndTimeOfFit 2022.06.05 05:43:46 GMT 1654407826
LumiRange 164 - 164
Type 2
X0 0.167918
Y0 -0.180333
Z0 -0.280099
sigmaZ0 7.19525
dxdz 5.79214e-05
dydz 0.000165437
BeamWidthX 0.0140158
BeamWidthY 0.0146745
dxdy 0.0488271
Cov(0,j) 3.79123e-08 -1.06943e-10 0 0 0 0 0 0 0 
Cov(1,j) -1.06943e-10 3.68212e-08 0 0 0 0 0 0 0 
Cov(2,j) 0 0 0.167536 0 0 0 0 0 0 
Cov(3,j) 0 0 0 0.0837589 0 0 0 0 0 
Cov(4,j) 0 0 0 0 7.20972e-10 1.11493e-11 0 0 0 
Cov(5,j) 0 0 0 0 1.11493e-11 7.0294e-10 0 0 0 
Cov(6,j) 0 0 0 0 0 0 3.41984e-07 0 0 
Cov(7,j) 0 0 0 0 0 0 0 3.73464e-07 0 
Cov(8,j) 0 0 0 0 0 0 0 0 0.00344572 
EmittanceX 0
EmittanceY 0
BetaStar 0
