Runnumber 353060
BeginTimeOfFit 2022.06.05 11:59:51 GMT 1654430391
EndTimeOfFit 2022.06.05 12:00:14 GMT 1654430414
LumiRange 1133 - 1133
Type 2
X0 0.166971
Y0 -0.180165
Z0 0.791795
sigmaZ0 5.57491
dxdz 5.86356e-05
dydz 0.000155821
BeamWidthX 0.0154547
BeamWidthY 0.0172948
dxdy 0.109324
Cov(0,j) 1.55571e-07 -1.37511e-09 0 0 0 0 0 0 0 
Cov(1,j) -1.37511e-09 1.48618e-07 0 0 0 0 0 0 0 
Cov(2,j) 0 0 0.357191 0 0 0 0 0 0 
Cov(3,j) 0 0 0 0.178541 0 0 0 0 0 
Cov(4,j) 0 0 0 0 2.74282e-09 -8.54129e-11 0 0 0 
Cov(5,j) 0 0 0 0 -8.54129e-11 2.80821e-09 0 0 0 
Cov(6,j) 0 0 0 0 0 0 1.46635e-06 0 0 
Cov(7,j) 0 0 0 0 0 0 0 1.80469e-06 0 
Cov(8,j) 0 0 0 0 0 0 0 0 0.0118149 
EmittanceX 0
EmittanceY 0
BetaStar 0
