Runnumber 353018
BeginTimeOfFit 2022.06.04 08:56:05 GMT 1654332965
EndTimeOfFit 2022.06.04 08:56:28 GMT 1654332988
LumiRange 392 - 392
Type 2
X0 0.175304
Y0 -0.127937
Z0 -0.165374
sigmaZ0 7.1011
dxdz 0.000119391
dydz 0.000242457
BeamWidthX 0.0143525
BeamWidthY 0.0138026
dxdy 0.0953656
Cov(0,j) 4.03326e-08 -3.27614e-10 0 0 0 0 0 0 0 
Cov(1,j) -3.27614e-10 3.87981e-08 0 0 0 0 0 0 0 
Cov(2,j) 0 0 0.255944 0 0 0 0 0 0 
Cov(3,j) 0 0 0 0.127951 0 0 0 0 0 
Cov(4,j) 0 0 0 0 7.65293e-10 -9.91031e-12 0 0 0 
Cov(5,j) 0 0 0 0 -9.91031e-12 7.3884e-10 0 0 0 
Cov(6,j) 0 0 0 0 0 0 5.6245e-07 0 0 
Cov(7,j) 0 0 0 0 0 0 0 5.27535e-07 0 
Cov(8,j) 0 0 0 0 0 0 0 0 0.00535004 
EmittanceX 0
EmittanceY 0
BetaStar 0
