Runnumber 352568
BeginTimeOfFit 2022.05.29 11:25:48 GMT 1653823548
EndTimeOfFit 2022.05.29 11:26:11 GMT 1653823571
LumiRange 609 - 609
Type 2
X0 0.177616
Y0 -0.182129
Z0 -0.0592195
sigmaZ0 6.77893
dxdz 0.000115173
dydz 0.000200928
BeamWidthX 0.0147299
BeamWidthY 0.0167277
dxdy -0.017978
Cov(0,j) 8.57387e-08 1.06324e-09 0 0 0 0 0 0 0 
Cov(1,j) 1.06324e-09 8.33642e-08 0 0 0 0 0 0 0 
Cov(2,j) 0 0 0.27029 0 0 0 0 0 0 
Cov(3,j) 0 0 0 0.13512 0 0 0 0 0 
Cov(4,j) 0 0 0 0 1.83688e-09 2.14583e-11 0 0 0 
Cov(5,j) 0 0 0 0 2.14583e-11 1.75677e-09 0 0 0 
Cov(6,j) 0 0 0 0 0 0 6.82094e-07 0 0 
Cov(7,j) 0 0 0 0 0 0 0 8.65501e-07 0 
Cov(8,j) 0 0 0 0 0 0 0 0 0.00620002 
EmittanceX 0
EmittanceY 0
BetaStar 0
