Runnumber 353087
BeginTimeOfFit 2022.06.05 15:55:43 GMT 1654444543
EndTimeOfFit 2022.06.05 15:56:06 GMT 1654444566
LumiRange 172 - 172
Type 2
X0 0.171105
Y0 -0.180352
Z0 0.189715
sigmaZ0 5.73765
dxdz 9.89559e-05
dydz 0.000191563
BeamWidthX 0.0141186
BeamWidthY 0.0151772
dxdy 0.0276236
Cov(0,j) 9.09166e-08 7.77532e-10 0 0 0 0 0 0 0 
Cov(1,j) 7.77532e-10 9.40034e-08 0 0 0 0 0 0 0 
Cov(2,j) 0 0 0.236819 0 0 0 0 0 0 
Cov(3,j) 0 0 0 0.118387 0 0 0 0 0 
Cov(4,j) 0 0 0 0 1.89536e-09 -8.27951e-13 0 0 0 
Cov(5,j) 0 0 0 0 -8.27951e-13 1.82471e-09 0 0 0 
Cov(6,j) 0 0 0 0 0 0 7.75358e-07 0 0 
Cov(7,j) 0 0 0 0 0 0 0 8.75163e-07 0 
Cov(8,j) 0 0 0 0 0 0 0 0 0.00762072 
EmittanceX 0
EmittanceY 0
BetaStar 0
