Runnumber 352567
BeginTimeOfFit 2022.05.29 07:14:25 GMT 1653808465
EndTimeOfFit 2022.05.29 07:14:48 GMT 1653808488
LumiRange 90 - 90
Type 2
X0 0.178499
Y0 -0.181308
Z0 0.147689
sigmaZ0 6.30565
dxdz 0.000209721
dydz 0.000157203
BeamWidthX 0.014643
BeamWidthY 0.0130938
dxdy -0.0235521
Cov(0,j) 5.29738e-08 6.84108e-10 0 0 0 0 0 0 0 
Cov(1,j) 6.84108e-10 5.33395e-08 0 0 0 0 0 0 0 
Cov(2,j) 0 0 0.18754 0 0 0 0 0 0 
Cov(3,j) 0 0 0 0.0937571 0 0 0 0 0 
Cov(4,j) 0 0 0 0 1.15588e-09 -2.39125e-13 0 0 0 
Cov(5,j) 0 0 0 0 -2.39125e-13 1.16121e-09 0 0 0 
Cov(6,j) 0 0 0 0 0 0 5.41649e-07 0 0 
Cov(7,j) 0 0 0 0 0 0 0 4.42703e-07 0 
Cov(8,j) 0 0 0 0 0 0 0 0 0.00510474 
EmittanceX 0
EmittanceY 0
BetaStar 0
