Runnumber 352572
BeginTimeOfFit 2022.05.29 11:51:59 GMT 1653825119
EndTimeOfFit 2022.05.29 11:52:23 GMT 1653825143
LumiRange 3 - 3
Type 2
X0 0.175677
Y0 -0.182008
Z0 -0.585636
sigmaZ0 6.69078
dxdz 0.000178761
dydz 0.000283001
BeamWidthX 0.0130601
BeamWidthY 0.0155545
dxdy -0.022975
Cov(0,j) 7.80219e-08 7.97828e-10 0 0 0 0 0 0 0 
Cov(1,j) 7.97828e-10 7.60135e-08 0 0 0 0 0 0 0 
Cov(2,j) 0 0 0.264865 0 0 0 0 0 0 
Cov(3,j) 0 0 0 0.132406 0 0 0 0 0 
Cov(4,j) 0 0 0 0 1.70802e-09 3.65697e-11 0 0 0 
Cov(5,j) 0 0 0 0 3.65697e-11 1.68878e-09 0 0 0 
Cov(6,j) 0 0 0 0 0 0 5.49552e-07 0 0 
Cov(7,j) 0 0 0 0 0 0 0 7.57726e-07 0 
Cov(8,j) 0 0 0 0 0 0 0 0 0.00628599 
EmittanceX 0
EmittanceY 0
BetaStar 0
