Runnumber 353060
BeginTimeOfFit 2022.06.05 09:09:24 GMT 1654420164
EndTimeOfFit 2022.06.05 09:09:41 GMT 1654420181
LumiRange 694 - 694
Type 2
X0 0.167158
Y0 -0.180409
Z0 -1.10062
sigmaZ0 7.67003
dxdz 0.000195188
dydz 0.000161438
BeamWidthX 0.0150948
BeamWidthY 0.0156783
dxdy 0.15212
Cov(0,j) 1.09426e-07 1.15371e-09 0 0 0 0 0 0 0 
Cov(1,j) 1.15371e-09 1.06494e-07 0 0 0 0 0 0 0 
Cov(2,j) 0 0 0.576638 0 0 0 0 0 0 
Cov(3,j) 0 0 0 0.288204 0 0 0 0 0 
Cov(4,j) 0 0 0 0 1.85371e-09 6.37847e-11 0 0 0 
Cov(5,j) 0 0 0 0 6.37847e-11 1.79719e-09 0 0 0 
Cov(6,j) 0 0 0 0 0 0 1.19062e-06 0 0 
Cov(7,j) 0 0 0 0 0 0 0 1.26979e-06 0 
Cov(8,j) 0 0 0 0 0 0 0 0 0.00986789 
EmittanceX 0
EmittanceY 0
BetaStar 0
