Runnumber 352568
BeginTimeOfFit 2022.05.29 08:41:04 GMT 1653813664
EndTimeOfFit 2022.05.29 08:41:27 GMT 1653813687
LumiRange 185 - 185
Type 2
X0 0.177212
Y0 -0.181999
Z0 -0.825621
sigmaZ0 7.42544
dxdz 0.000138541
dydz 0.000202696
BeamWidthX 0.0120735
BeamWidthY 0.0155214
dxdy -0.0130227
Cov(0,j) 5.63048e-08 1.20508e-09 0 0 0 0 0 0 0 
Cov(1,j) 1.20508e-09 5.48602e-08 0 0 0 0 0 0 0 
Cov(2,j) 0 0 0.311474 0 0 0 0 0 0 
Cov(3,j) 0 0 0 0.155707 0 0 0 0 0 
Cov(4,j) 0 0 0 0 1.03011e-09 4.54373e-12 0 0 0 
Cov(5,j) 0 0 0 0 4.54373e-12 1.03027e-09 0 0 0 
Cov(6,j) 0 0 0 0 0 0 4.59434e-07 0 0 
Cov(7,j) 0 0 0 0 0 0 0 7.25783e-07 0 
Cov(8,j) 0 0 0 0 0 0 0 0 0.00617508 
EmittanceX 0
EmittanceY 0
BetaStar 0
