Runnumber 352422
BeginTimeOfFit 2022.05.27 09:15:57 GMT 1653642957
EndTimeOfFit 2022.05.27 09:16:21 GMT 1653642981
LumiRange 15 - 15
Type 2
X0 0.169318
Y0 -0.181805
Z0 -0.697094
sigmaZ0 7.49862
dxdz 0.000164004
dydz 0.000279095
BeamWidthX 0.0131741
BeamWidthY 0.0157433
dxdy -0.000990835
Cov(0,j) 7.5261e-08 -2.77962e-10 0 0 0 0 0 0 0 
Cov(1,j) -2.77962e-10 7.41814e-08 0 0 0 0 0 0 0 
Cov(2,j) 0 0 0.355835 0 0 0 0 0 0 
Cov(3,j) 0 0 0 0.177873 0 0 0 0 0 
Cov(4,j) 0 0 0 0 1.51939e-09 2.49364e-11 0 0 0 
Cov(5,j) 0 0 0 0 2.49364e-11 1.52402e-09 0 0 0 
Cov(6,j) 0 0 0 0 0 0 5.96133e-07 0 0 
Cov(7,j) 0 0 0 0 0 0 0 8.26979e-07 0 
Cov(8,j) 0 0 0 0 0 0 0 0 0.00673533 
EmittanceX 0
EmittanceY 0
BetaStar 0
