Runnumber 352568
BeginTimeOfFit 2022.05.29 10:58:59 GMT 1653821939
EndTimeOfFit 2022.05.29 10:59:22 GMT 1653821962
LumiRange 540 - 540
Type 2
X0 0.176716
Y0 -0.181167
Z0 0.00649252
sigmaZ0 6.71159
dxdz 0.000181592
dydz 0.000212573
BeamWidthX 0.015481
BeamWidthY 0.0157686
dxdy 0.0396621
Cov(0,j) 8.48428e-08 1.08694e-09 0 0 0 0 0 0 0 
Cov(1,j) 1.08694e-09 8.24929e-08 0 0 0 0 0 0 0 
Cov(2,j) 0 0 0.266516 0 0 0 0 0 0 
Cov(3,j) 0 0 0 0.13323 0 0 0 0 0 
Cov(4,j) 0 0 0 0 1.81749e-09 2.96777e-11 0 0 0 
Cov(5,j) 0 0 0 0 2.96777e-11 1.80009e-09 0 0 0 
Cov(6,j) 0 0 0 0 0 0 7.56021e-07 0 0 
Cov(7,j) 0 0 0 0 0 0 0 7.78255e-07 0 
Cov(8,j) 0 0 0 0 0 0 0 0 0.00624214 
EmittanceX 0
EmittanceY 0
BetaStar 0
