Runnumber 352931
BeginTimeOfFit 2022.06.03 12:29:24 GMT 1654259364
EndTimeOfFit 2022.06.03 12:29:47 GMT 1654259387
LumiRange 158 - 158
Type 2
X0 0.168768
Y0 -0.182451
Z0 0.871493
sigmaZ0 7.62207
dxdz 0.000158747
dydz 0.000218789
BeamWidthX 0.0164973
BeamWidthY 0.017389
dxdy -0.0421845
Cov(0,j) 9.75306e-08 4.30033e-10 0 0 0 0 0 0 0 
Cov(1,j) 4.30033e-10 9.57107e-08 0 0 0 0 0 0 0 
Cov(2,j) 0 0 0.38985 0 0 0 0 0 0 
Cov(3,j) 0 0 0 0.194879 0 0 0 0 0 
Cov(4,j) 0 0 0 0 1.6054e-09 -2.38718e-11 0 0 0 
Cov(5,j) 0 0 0 0 -2.38718e-11 1.5742e-09 0 0 0 
Cov(6,j) 0 0 0 0 0 0 9.72908e-07 0 0 
Cov(7,j) 0 0 0 0 0 0 0 1.07154e-06 0 
Cov(8,j) 0 0 0 0 0 0 0 0 0.00706261 
EmittanceX 0
EmittanceY 0
BetaStar 0
