Runnumber 353018
BeginTimeOfFit 2022.06.04 09:05:01 GMT 1654333501
EndTimeOfFit 2022.06.04 09:05:24 GMT 1654333524
LumiRange 415 - 415
Type 2
X0 0.175235
Y0 -0.180354
Z0 0.435913
sigmaZ0 7.53064
dxdz 4.54104e-05
dydz 0.000196411
BeamWidthX 0.0158995
BeamWidthY 0.0160562
dxdy 0.0395802
Cov(0,j) 5.07831e-08 2.45646e-10 0 0 0 0 0 0 0 
Cov(1,j) 2.45646e-10 5.00443e-08 0 0 0 0 0 0 0 
Cov(2,j) 0 0 0.187151 0 0 0 0 0 0 
Cov(3,j) 0 0 0 0.0935647 0 0 0 0 0 
Cov(4,j) 0 0 0 0 9.7502e-10 1.94673e-12 0 0 0 
Cov(5,j) 0 0 0 0 1.94673e-12 9.2274e-10 0 0 0 
Cov(6,j) 0 0 0 0 0 0 4.42728e-07 0 0 
Cov(7,j) 0 0 0 0 0 0 0 4.49661e-07 0 
Cov(8,j) 0 0 0 0 0 0 0 0 0.00347373 
EmittanceX 0
EmittanceY 0
BetaStar 0
