Runnumber 352931
BeginTimeOfFit 2022.06.03 13:35:03 GMT 1654263303
EndTimeOfFit 2022.06.03 13:35:27 GMT 1654263327
LumiRange 327 - 327
Type 2
X0 0.168375
Y0 -0.179905
Z0 -0.314139
sigmaZ0 7.25061
dxdz 8.9189e-05
dydz 0.000328138
BeamWidthX 0.0168633
BeamWidthY 0.0180789
dxdy 0.0565491
Cov(0,j) 1.20314e-07 7.13295e-11 0 0 0 0 0 0 0 
Cov(1,j) 7.13295e-11 1.20116e-07 0 0 0 0 0 0 0 
Cov(2,j) 0 0 0.407469 0 0 0 0 0 0 
Cov(3,j) 0 0 0 0.203685 0 0 0 0 0 
Cov(4,j) 0 0 0 0 2.03804e-09 8.02797e-12 0 0 0 
Cov(5,j) 0 0 0 0 8.02797e-12 2.06723e-09 0 0 0 
Cov(6,j) 0 0 0 0 0 0 1.15924e-06 0 0 
Cov(7,j) 0 0 0 0 0 0 0 1.32721e-06 0 
Cov(8,j) 0 0 0 0 0 0 0 0 0.00807273 
EmittanceX 0
EmittanceY 0
BetaStar 0
