Runnumber 352493
BeginTimeOfFit 2022.05.28 06:56:16 GMT 1653720976
EndTimeOfFit 2022.05.28 06:56:40 GMT 1653721000
LumiRange 100 - 100
Type 2
X0 0.170031
Y0 -0.182365
Z0 0.0720559
sigmaZ0 6.24171
dxdz 0.000258006
dydz 0.00014056
BeamWidthX 0.0145694
BeamWidthY 0.014189
dxdy 0.0287118
Cov(0,j) 3.9118e-08 -3.8805e-10 0 0 0 0 0 0 0 
Cov(1,j) -3.8805e-10 3.97199e-08 0 0 0 0 0 0 0 
Cov(2,j) 0 0 0.126897 0 0 0 0 0 0 
Cov(3,j) 0 0 0 0.0634423 0 0 0 0 0 
Cov(4,j) 0 0 0 0 9.69431e-10 -1.99182e-11 0 0 0 
Cov(5,j) 0 0 0 0 -1.99182e-11 9.60109e-10 0 0 0 
Cov(6,j) 0 0 0 0 0 0 3.68733e-07 0 0 
Cov(7,j) 0 0 0 0 0 0 0 3.50406e-07 0 
Cov(8,j) 0 0 0 0 0 0 0 0 0.00346082 
EmittanceX 0
EmittanceY 0
BetaStar 0
