Runnumber 352568
BeginTimeOfFit 2022.05.29 08:47:17 GMT 1653814037
EndTimeOfFit 2022.05.29 08:47:40 GMT 1653814060
LumiRange 201 - 201
Type 2
X0 0.177308
Y0 -0.181611
Z0 -0.286008
sigmaZ0 6.76635
dxdz 0.00015861
dydz 0.000188417
BeamWidthX 0.0148079
BeamWidthY 0.0156153
dxdy -0.0215418
Cov(0,j) 6.62162e-08 4.20844e-10 0 0 0 0 0 0 0 
Cov(1,j) 4.20844e-10 6.55012e-08 0 0 0 0 0 0 0 
Cov(2,j) 0 0 0.24481 0 0 0 0 0 0 
Cov(3,j) 0 0 0 0.122384 0 0 0 0 0 
Cov(4,j) 0 0 0 0 1.24991e-09 -1.71315e-12 0 0 0 
Cov(5,j) 0 0 0 0 -1.71315e-12 1.24806e-09 0 0 0 
Cov(6,j) 0 0 0 0 0 0 6.20905e-07 0 0 
Cov(7,j) 0 0 0 0 0 0 0 6.86886e-07 0 
Cov(8,j) 0 0 0 0 0 0 0 0 0.00563722 
EmittanceX 0
EmittanceY 0
BetaStar 0
