Runnumber 352568
BeginTimeOfFit 2022.05.29 11:31:37 GMT 1653823897
EndTimeOfFit 2022.05.29 11:32:01 GMT 1653823921
LumiRange 624 - 624
Type 2
X0 0.176433
Y0 -0.181401
Z0 -0.211789
sigmaZ0 6.34126
dxdz 0.000266885
dydz 0.000198968
BeamWidthX 0.0147922
BeamWidthY 0.0149134
dxdy 0.195897
Cov(0,j) 7.67239e-08 7.0949e-10 0 0 0 0 0 0 0 
Cov(1,j) 7.0949e-10 7.70197e-08 0 0 0 0 0 0 0 
Cov(2,j) 0 0 0.249739 0 0 0 0 0 0 
Cov(3,j) 0 0 0 0.124842 0 0 0 0 0 
Cov(4,j) 0 0 0 0 1.72191e-09 -3.26808e-11 0 0 0 
Cov(5,j) 0 0 0 0 -3.26808e-11 1.70355e-09 0 0 0 
Cov(6,j) 0 0 0 0 0 0 7.23049e-07 0 0 
Cov(7,j) 0 0 0 0 0 0 0 7.33398e-07 0 
Cov(8,j) 0 0 0 0 0 0 0 0 0.00612623 
EmittanceX 0
EmittanceY 0
BetaStar 0
