Runnumber 352568
BeginTimeOfFit 2022.05.29 09:35:27 GMT 1653816927
EndTimeOfFit 2022.05.29 09:35:51 GMT 1653816951
LumiRange 325 - 325
Type 2
X0 0.176247
Y0 -0.181925
Z0 0.511639
sigmaZ0 6.07082
dxdz 0.000198199
dydz 0.000112519
BeamWidthX 0.0141334
BeamWidthY 0.015481
dxdy -0.0696626
Cov(0,j) 1.02311e-07 2.35464e-09 0 0 0 0 0 0 0 
Cov(1,j) 2.35464e-09 1.03334e-07 0 0 0 0 0 0 0 
Cov(2,j) 0 0 0.297184 0 0 0 0 0 0 
Cov(3,j) 0 0 0 0.148558 0 0 0 0 0 
Cov(4,j) 0 0 0 0 2.57733e-09 1.61064e-11 0 0 0 
Cov(5,j) 0 0 0 0 1.61064e-11 2.58061e-09 0 0 0 
Cov(6,j) 0 0 0 0 0 0 8.62872e-07 0 0 
Cov(7,j) 0 0 0 0 0 0 0 1.02799e-06 0 
Cov(8,j) 0 0 0 0 0 0 0 0 0.00850348 
EmittanceX 0
EmittanceY 0
BetaStar 0
