Runnumber 352908
BeginTimeOfFit 2022.06.03 08:26:28 GMT 1654244788
EndTimeOfFit 2022.06.03 08:26:47 GMT 1654244807
LumiRange 42 - 42
Type 2
X0 0.169242
Y0 -0.180693
Z0 0.949958
sigmaZ0 7.35109
dxdz 0.000213832
dydz 0.000240243
BeamWidthX 0.0145369
BeamWidthY 0.0138243
dxdy -0.0181323
Cov(0,j) 4.3734e-08 -2.99275e-10 0 0 0 0 0 0 0 
Cov(1,j) -2.99275e-10 4.44928e-08 0 0 0 0 0 0 0 
Cov(2,j) 0 0 0.212733 0 0 0 0 0 0 
Cov(3,j) 0 0 0 0.10635 0 0 0 0 0 
Cov(4,j) 0 0 0 0 8.70266e-10 1.36433e-12 0 0 0 
Cov(5,j) 0 0 0 0 1.36433e-12 8.60497e-10 0 0 0 
Cov(6,j) 0 0 0 0 0 0 4.42059e-07 0 0 
Cov(7,j) 0 0 0 0 0 0 0 4.05596e-07 0 
Cov(8,j) 0 0 0 0 0 0 0 0 0.00420224 
EmittanceX 0
EmittanceY 0
BetaStar 0
