Runnumber 353060
BeginTimeOfFit 2022.06.05 09:58:15 GMT 1654423095
EndTimeOfFit 2022.06.05 09:58:38 GMT 1654423118
LumiRange 820 - 820
Type 2
X0 0.165677
Y0 -0.179867
Z0 1.41156
sigmaZ0 7.96516
dxdz 4.32276e-05
dydz 0.000241012
BeamWidthX 0.0159928
BeamWidthY 0.0168493
dxdy 0.0276906
Cov(0,j) 9.83881e-08 1.27457e-09 0 0 0 0 0 0 0 
Cov(1,j) 1.27457e-09 9.55891e-08 0 0 0 0 0 0 0 
Cov(2,j) 0 0 0.425731 0 0 0 0 0 0 
Cov(3,j) 0 0 0 0.212813 0 0 0 0 0 
Cov(4,j) 0 0 0 0 1.58672e-09 9.36447e-13 0 0 0 
Cov(5,j) 0 0 0 0 9.36447e-13 1.60951e-09 0 0 0 
Cov(6,j) 0 0 0 0 0 0 9.07656e-07 0 0 
Cov(7,j) 0 0 0 0 0 0 0 1.00021e-06 0 
Cov(8,j) 0 0 0 0 0 0 0 0 0.007044 
EmittanceX 0
EmittanceY 0
BetaStar 0
