Runnumber 352568
BeginTimeOfFit 2022.05.29 09:07:06 GMT 1653815226
EndTimeOfFit 2022.05.29 09:07:29 GMT 1653815249
LumiRange 252 - 252
Type 2
X0 0.176696
Y0 -0.182236
Z0 0.00851544
sigmaZ0 6.17887
dxdz 6.83659e-05
dydz 8.49504e-05
BeamWidthX 0.0150036
BeamWidthY 0.0147249
dxdy 0.00376602
Cov(0,j) 6.45638e-08 9.17007e-10 0 0 0 0 0 0 0 
Cov(1,j) 9.17007e-10 6.43034e-08 0 0 0 0 0 0 0 
Cov(2,j) 0 0 0.204148 0 0 0 0 0 0 
Cov(3,j) 0 0 0 0.102058 0 0 0 0 0 
Cov(4,j) 0 0 0 0 1.63211e-09 6.89588e-12 0 0 0 
Cov(5,j) 0 0 0 0 6.89588e-12 1.58196e-09 0 0 0 
Cov(6,j) 0 0 0 0 0 0 6.42171e-07 0 0 
Cov(7,j) 0 0 0 0 0 0 0 6.16973e-07 0 
Cov(8,j) 0 0 0 0 0 0 0 0 0.00567791 
EmittanceX 0
EmittanceY 0
BetaStar 0
