Runnumber 353015
BeginTimeOfFit 2022.06.04 04:35:00 GMT 1654317300
EndTimeOfFit 2022.06.04 04:35:23 GMT 1654317323
LumiRange 130 - 130
Type 2
X0 0.176845
Y0 -0.178978
Z0 -0.121685
sigmaZ0 6.55005
dxdz 0.000178123
dydz 0.000168165
BeamWidthX 0.0143559
BeamWidthY 0.0149988
dxdy 0.0931279
Cov(0,j) 2.77952e-08 7.15441e-11 0 0 0 0 0 0 0 
Cov(1,j) 7.15441e-11 2.72497e-08 0 0 0 0 0 0 0 
Cov(2,j) 0 0 0.100708 0 0 0 0 0 0 
Cov(3,j) 0 0 0 0.0503504 0 0 0 0 0 
Cov(4,j) 0 0 0 0 6.17039e-10 1.26056e-12 0 0 0 
Cov(5,j) 0 0 0 0 1.26056e-12 6.13787e-10 0 0 0 
Cov(6,j) 0 0 0 0 0 0 2.59595e-07 0 0 
Cov(7,j) 0 0 0 0 0 0 0 2.82513e-07 0 
Cov(8,j) 0 0 0 0 0 0 0 0 0.00247258 
EmittanceX 0
EmittanceY 0
BetaStar 0
