Runnumber 352417
BeginTimeOfFit 2022.05.27 08:57:42 GMT 1653641862
EndTimeOfFit 2022.05.27 08:58:05 GMT 1653641885
LumiRange 157 - 157
Type 2
X0 0.16916
Y0 -0.181673
Z0 0.189102
sigmaZ0 6.66045
dxdz 0.000214481
dydz 0.000163297
BeamWidthX 0.0149931
BeamWidthY 0.0158723
dxdy -0.00137185
Cov(0,j) 8.75539e-08 -1.01053e-09 0 0 0 0 0 0 0 
Cov(1,j) -1.01053e-09 8.45008e-08 0 0 0 0 0 0 0 
Cov(2,j) 0 0 0.291821 0 0 0 0 0 0 
Cov(3,j) 0 0 0 0.145881 0 0 0 0 0 
Cov(4,j) 0 0 0 0 1.88696e-09 9.24587e-12 0 0 0 
Cov(5,j) 0 0 0 0 9.24587e-12 1.82603e-09 0 0 0 
Cov(6,j) 0 0 0 0 0 0 7.93776e-07 0 0 
Cov(7,j) 0 0 0 0 0 0 0 8.7439e-07 0 
Cov(8,j) 0 0 0 0 0 0 0 0 0.00696457 
EmittanceX 0
EmittanceY 0
BetaStar 0
