Runnumber 353689
BeginTimeOfFit 2022.06.13 08:50:15 GMT 1655110215
EndTimeOfFit 2022.06.13 08:50:38 GMT 1655110238
LumiRange 138 - 138
Type 2
X0 0.17167
Y0 -0.181661
Z0 1.10953
sigmaZ0 6.06492
dxdz 0.000187356
dydz 0.00017912
BeamWidthX 0.014235
BeamWidthY 0.0147177
dxdy -0.0392852
Cov(0,j) 3.95299e-08 -1.18245e-11 0 0 0 0 0 0 0 
Cov(1,j) -1.18245e-11 3.87932e-08 0 0 0 0 0 0 0 
Cov(2,j) 0 0 0.120596 0 0 0 0 0 0 
Cov(3,j) 0 0 0 0.0602923 0 0 0 0 0 
Cov(4,j) 0 0 0 0 9.81876e-10 -1.09122e-11 0 0 0 
Cov(5,j) 0 0 0 0 -1.09122e-11 9.85118e-10 0 0 0 
Cov(6,j) 0 0 0 0 0 0 3.55591e-07 0 0 
Cov(7,j) 0 0 0 0 0 0 0 3.76793e-07 0 
Cov(8,j) 0 0 0 0 0 0 0 0 0.00348904 
EmittanceX 0
EmittanceY 0
BetaStar 0
