Runnumber 353689
BeginTimeOfFit 2022.06.13 08:41:19 GMT 1655109679
EndTimeOfFit 2022.06.13 08:41:42 GMT 1655109702
LumiRange 115 - 115
Type 2
X0 0.17172
Y0 -0.181995
Z0 0.640213
sigmaZ0 6.30333
dxdz 0.000155847
dydz 0.000109646
BeamWidthX 0.0147448
BeamWidthY 0.0154018
dxdy -0.0903015
Cov(0,j) 4.3224e-08 -2.14646e-10 0 0 0 0 0 0 0 
Cov(1,j) -2.14646e-10 4.27597e-08 0 0 0 0 0 0 0 
Cov(2,j) 0 0 0.126934 0 0 0 0 0 0 
Cov(3,j) 0 0 0 0.0634606 0 0 0 0 0 
Cov(4,j) 0 0 0 0 1.02654e-09 -4.44463e-12 0 0 0 
Cov(5,j) 0 0 0 0 -4.44463e-12 1.02366e-09 0 0 0 
Cov(6,j) 0 0 0 0 0 0 3.71179e-07 0 0 
Cov(7,j) 0 0 0 0 0 0 0 4.02064e-07 0 
Cov(8,j) 0 0 0 0 0 0 0 0 0.00333914 
EmittanceX 0
EmittanceY 0
BetaStar 0
