Runnumber 352509
BeginTimeOfFit 2022.05.28 11:24:47 GMT 1653737087
EndTimeOfFit 2022.05.28 11:25:10 GMT 1653737110
LumiRange 124 - 124
Type 2
X0 0.170527
Y0 -0.181519
Z0 0.950671
sigmaZ0 7.46232
dxdz 2.09543e-05
dydz 0.000215026
BeamWidthX 0.0169578
BeamWidthY 0.0157229
dxdy 0.00753112
Cov(0,j) 8.28878e-08 1.32061e-09 0 0 0 0 0 0 0 
Cov(1,j) 1.32061e-09 8.12033e-08 0 0 0 0 0 0 0 
Cov(2,j) 0 0 0.363914 0 0 0 0 0 0 
Cov(3,j) 0 0 0 0.181917 0 0 0 0 0 
Cov(4,j) 0 0 0 0 1.46671e-09 3.6346e-11 0 0 0 
Cov(5,j) 0 0 0 0 3.6346e-11 1.44497e-09 0 0 0 
Cov(6,j) 0 0 0 0 0 0 9.95998e-07 0 0 
Cov(7,j) 0 0 0 0 0 0 0 8.58222e-07 0 
Cov(8,j) 0 0 0 0 0 0 0 0 0.00693001 
EmittanceX 0
EmittanceY 0
BetaStar 0
