Runnumber 352931
BeginTimeOfFit 2022.06.03 13:16:01 GMT 1654262161
EndTimeOfFit 2022.06.03 13:16:24 GMT 1654262184
LumiRange 278 - 278
Type 2
X0 0.169607
Y0 -0.178892
Z0 0.0368421
sigmaZ0 7.29617
dxdz 0.000115734
dydz 0.000174559
BeamWidthX 0.0163671
BeamWidthY 0.0177751
dxdy -0.059533
Cov(0,j) 1.04205e-07 9.8225e-11 0 0 0 0 0 0 0 
Cov(1,j) 9.8225e-11 1.04665e-07 0 0 0 0 0 0 0 
Cov(2,j) 0 0 0.364568 0 0 0 0 0 0 
Cov(3,j) 0 0 0 0.182234 0 0 0 0 0 
Cov(4,j) 0 0 0 0 1.80026e-09 -1.62267e-11 0 0 0 
Cov(5,j) 0 0 0 0 -1.62267e-11 1.74074e-09 0 0 0 
Cov(6,j) 0 0 0 0 0 0 9.68015e-07 0 0 
Cov(7,j) 0 0 0 0 0 0 0 1.14245e-06 0 
Cov(8,j) 0 0 0 0 0 0 0 0 0.00710659 
EmittanceX 0
EmittanceY 0
BetaStar 0
