Runnumber 352568
BeginTimeOfFit 2022.05.29 08:30:34 GMT 1653813034
EndTimeOfFit 2022.05.29 08:30:58 GMT 1653813058
LumiRange 158 - 158
Type 2
X0 0.176745
Y0 -0.181459
Z0 -0.10819
sigmaZ0 6.83404
dxdz 0.000221453
dydz 0.000164063
BeamWidthX 0.0151416
BeamWidthY 0.0152577
dxdy 0.0646558
Cov(0,j) 6.3974e-08 1.24293e-09 0 0 0 0 0 0 0 
Cov(1,j) 1.24293e-09 6.39248e-08 0 0 0 0 0 0 0 
Cov(2,j) 0 0 0.252432 0 0 0 0 0 0 
Cov(3,j) 0 0 0 0.126194 0 0 0 0 0 
Cov(4,j) 0 0 0 0 1.20166e-09 8.73704e-12 0 0 0 
Cov(5,j) 0 0 0 0 8.73704e-12 1.2035e-09 0 0 0 
Cov(6,j) 0 0 0 0 0 0 6.57346e-07 0 0 
Cov(7,j) 0 0 0 0 0 0 0 6.66535e-07 0 
Cov(8,j) 0 0 0 0 0 0 0 0 0.00569562 
EmittanceX 0
EmittanceY 0
BetaStar 0
