Runnumber 353015
BeginTimeOfFit 2022.06.04 04:42:22 GMT 1654317742
EndTimeOfFit 2022.06.04 04:42:46 GMT 1654317766
LumiRange 149 - 149
Type 2
X0 0.176442
Y0 -0.178293
Z0 -0.028165
sigmaZ0 6.16263
dxdz 0.00015455
dydz 0.000156225
BeamWidthX 0.0142928
BeamWidthY 0.0146587
dxdy 0.0109621
Cov(0,j) 2.79594e-08 -1.52767e-10 0 0 0 0 0 0 0 
Cov(1,j) -1.52767e-10 2.79767e-08 0 0 0 0 0 0 0 
Cov(2,j) 0 0 0.0921765 0 0 0 0 0 0 
Cov(3,j) 0 0 0 0.046085 0 0 0 0 0 
Cov(4,j) 0 0 0 0 6.41299e-10 -3.33441e-12 0 0 0 
Cov(5,j) 0 0 0 0 -3.33441e-12 6.26841e-10 0 0 0 
Cov(6,j) 0 0 0 0 0 0 2.64928e-07 0 0 
Cov(7,j) 0 0 0 0 0 0 0 2.7874e-07 0 
Cov(8,j) 0 0 0 0 0 0 0 0 0.00257977 
EmittanceX 0
EmittanceY 0
BetaStar 0
