Runnumber 353060
BeginTimeOfFit 2022.06.05 12:55:48 GMT 1654433748
EndTimeOfFit 2022.06.05 12:56:11 GMT 1654433771
LumiRange 1277 - 1277
Type 2
X0 0.164684
Y0 -0.181203
Z0 0.590913
sigmaZ0 7.34935
dxdz -9.17505e-05
dydz 0.000341958
BeamWidthX 0.0167686
BeamWidthY 0.0183437
dxdy 0.0236345
Cov(0,j) 2.0765e-07 3.62475e-10 0 0 0 0 0 0 0 
Cov(1,j) 3.62475e-10 2.02072e-07 0 0 0 0 0 0 0 
Cov(2,j) 0 0 0.749971 0 0 0 0 0 0 
Cov(3,j) 0 0 0 0.374794 0 0 0 0 0 
Cov(4,j) 0 0 0 0 3.73453e-09 6.80407e-11 0 0 0 
Cov(5,j) 0 0 0 0 6.80407e-11 3.81674e-09 0 0 0 
Cov(6,j) 0 0 0 0 0 0 2.04718e-06 0 0 
Cov(7,j) 0 0 0 0 0 0 0 2.44948e-06 0 
Cov(8,j) 0 0 0 0 0 0 0 0 0.0144598 
EmittanceX 0
EmittanceY 0
BetaStar 0
