Runnumber 352931
BeginTimeOfFit 2022.06.03 12:51:09 GMT 1654260669
EndTimeOfFit 2022.06.03 12:51:33 GMT 1654260693
LumiRange 214 - 214
Type 2
X0 0.169721
Y0 -0.179623
Z0 -0.0210536
sigmaZ0 7.38269
dxdz 0.000123622
dydz 0.000252
BeamWidthX 0.016027
BeamWidthY 0.0191015
dxdy 0.00649881
Cov(0,j) 1.06438e-07 -9.25885e-10 0 0 0 0 0 0 0 
Cov(1,j) -9.25885e-10 1.0553e-07 0 0 0 0 0 0 0 
Cov(2,j) 0 0 0.324391 0 0 0 0 0 0 
Cov(3,j) 0 0 0 0.162161 0 0 0 0 0 
Cov(4,j) 0 0 0 0 1.90797e-09 1.7196e-11 0 0 0 
Cov(5,j) 0 0 0 0 1.7196e-11 1.84115e-09 0 0 0 
Cov(6,j) 0 0 0 0 0 0 8.09625e-07 0 0 
Cov(7,j) 0 0 0 0 0 0 0 1.13031e-06 0 
Cov(8,j) 0 0 0 0 0 0 0 0 0.00623383 
EmittanceX 0
EmittanceY 0
BetaStar 0
