Runnumber 352422
BeginTimeOfFit 2022.05.27 09:11:18 GMT 1653642678
EndTimeOfFit 2022.05.27 09:11:41 GMT 1653642701
LumiRange 3 - 3
Type 2
X0 0.169579
Y0 -0.181568
Z0 0.335227
sigmaZ0 6.70464
dxdz 0.000186006
dydz 0.000248164
BeamWidthX 0.0136994
BeamWidthY 0.017271
dxdy 0.00140743
Cov(0,j) 8.70235e-08 -1.86005e-09 0 0 0 0 0 0 0 
Cov(1,j) -1.86005e-09 8.41558e-08 0 0 0 0 0 0 0 
Cov(2,j) 0 0 0.293773 0 0 0 0 0 0 
Cov(3,j) 0 0 0 0.146842 0 0 0 0 0 
Cov(4,j) 0 0 0 0 1.82575e-09 -3.29763e-11 0 0 0 
Cov(5,j) 0 0 0 0 -3.29763e-11 1.80097e-09 0 0 0 
Cov(6,j) 0 0 0 0 0 0 6.66651e-07 0 0 
Cov(7,j) 0 0 0 0 0 0 0 1.02035e-06 0 
Cov(8,j) 0 0 0 0 0 0 0 0 0.00697204 
EmittanceX 0
EmittanceY 0
BetaStar 0
