Runnumber 353087
BeginTimeOfFit 2022.06.05 15:51:26 GMT 1654444286
EndTimeOfFit 2022.06.05 15:51:50 GMT 1654444310
LumiRange 161 - 161
Type 2
X0 0.172541
Y0 -0.180399
Z0 0.156461
sigmaZ0 6.81925
dxdz 9.14646e-05
dydz 0.000243714
BeamWidthX 0.0137295
BeamWidthY 0.0141809
dxdy -0.0358659
Cov(0,j) 3.70851e-08 -8.94616e-11 0 0 0 0 0 0 0 
Cov(1,j) -8.94616e-11 3.68783e-08 0 0 0 0 0 0 0 
Cov(2,j) 0 0 0.147618 0 0 0 0 0 0 
Cov(3,j) 0 0 0 0.0738018 0 0 0 0 0 
Cov(4,j) 0 0 0 0 7.62825e-10 -2.14094e-12 0 0 0 
Cov(5,j) 0 0 0 0 -2.14094e-12 7.65972e-10 0 0 0 
Cov(6,j) 0 0 0 0 0 0 3.21304e-07 0 0 
Cov(7,j) 0 0 0 0 0 0 0 3.41783e-07 0 
Cov(8,j) 0 0 0 0 0 0 0 0 0.00339257 
EmittanceX 0
EmittanceY 0
BetaStar 0
