Runnumber 353018
BeginTimeOfFit 2022.06.04 07:46:09 GMT 1654328769
EndTimeOfFit 2022.06.04 07:46:32 GMT 1654328792
LumiRange 212 - 212
Type 2
X0 0.174416
Y0 -0.174982
Z0 0.403134
sigmaZ0 6.8787
dxdz 2.68295e-05
dydz 0.000221093
BeamWidthX 0.0144423
BeamWidthY 0.0161238
dxdy -0.00131737
Cov(0,j) 5.76625e-08 -5.39844e-10 0 0 0 0 0 0 0 
Cov(1,j) -5.39844e-10 5.75173e-08 0 0 0 0 0 0 0 
Cov(2,j) 0 0 0.208427 0 0 0 0 0 0 
Cov(3,j) 0 0 0 0.104199 0 0 0 0 0 
Cov(4,j) 0 0 0 0 1.22281e-09 -3.75379e-11 0 0 0 
Cov(5,j) 0 0 0 0 -3.75379e-11 1.19828e-09 0 0 0 
Cov(6,j) 0 0 0 0 0 0 4.93741e-07 0 0 
Cov(7,j) 0 0 0 0 0 0 0 6.06404e-07 0 
Cov(8,j) 0 0 0 0 0 0 0 0 0.00468561 
EmittanceX 0
EmittanceY 0
BetaStar 0
