Runnumber 352493
BeginTimeOfFit 2022.05.28 06:56:40 GMT 1653721000
EndTimeOfFit 2022.05.28 06:57:03 GMT 1653721023
LumiRange 101 - 101
Type 2
X0 0.170151
Y0 -0.181999
Z0 1.16935
sigmaZ0 6.41077
dxdz 0.00021335
dydz 0.000141903
BeamWidthX 0.0137596
BeamWidthY 0.0134888
dxdy -0.082709
Cov(0,j) 4.05701e-08 2.14678e-10 0 0 0 0 0 0 0 
Cov(1,j) 2.14678e-10 3.97364e-08 0 0 0 0 0 0 0 
Cov(2,j) 0 0 0.156854 0 0 0 0 0 0 
Cov(3,j) 0 0 0 0.0784185 0 0 0 0 0 
Cov(4,j) 0 0 0 0 1.00268e-09 1.42134e-11 0 0 0 
Cov(5,j) 0 0 0 0 1.42134e-11 9.84367e-10 0 0 0 
Cov(6,j) 0 0 0 0 0 0 3.88839e-07 0 0 
Cov(7,j) 0 0 0 0 0 0 0 3.76181e-07 0 
Cov(8,j) 0 0 0 0 0 0 0 0 0.00405259 
EmittanceX 0
EmittanceY 0
BetaStar 0
