Runnumber 352931
BeginTimeOfFit 2022.06.03 13:28:50 GMT 1654262930
EndTimeOfFit 2022.06.03 13:29:14 GMT 1654262954
LumiRange 311 - 311
Type 2
X0 0.16867
Y0 -0.179733
Z0 -0.719468
sigmaZ0 7.31929
dxdz 0.000139622
dydz 0.000134522
BeamWidthX 0.016545
BeamWidthY 0.0173722
dxdy -0.0816942
Cov(0,j) 1.00789e-07 -1.28478e-09 0 0 0 0 0 0 0 
Cov(1,j) -1.28478e-09 1.03622e-07 0 0 0 0 0 0 0 
Cov(2,j) 0 0 0.302633 0 0 0 0 0 0 
Cov(3,j) 0 0 0 0.151287 0 0 0 0 0 
Cov(4,j) 0 0 0 0 1.70728e-09 -1.30633e-11 0 0 0 
Cov(5,j) 0 0 0 0 -1.30633e-11 1.74297e-09 0 0 0 
Cov(6,j) 0 0 0 0 0 0 8.21651e-07 0 0 
Cov(7,j) 0 0 0 0 0 0 0 8.91094e-07 0 
Cov(8,j) 0 0 0 0 0 0 0 0 0.00583035 
EmittanceX 0
EmittanceY 0
BetaStar 0
