Runnumber 353015
BeginTimeOfFit 2022.06.04 05:25:07 GMT 1654320307
EndTimeOfFit 2022.06.04 05:25:30 GMT 1654320330
LumiRange 259 - 259
Type 2
X0 0.175534
Y0 -0.178582
Z0 0.098662
sigmaZ0 6.77245
dxdz 0.000104561
dydz 0.000124036
BeamWidthX 0.0146528
BeamWidthY 0.014831
dxdy -0.00987951
Cov(0,j) 3.26491e-08 -1.82255e-10 0 0 0 0 0 0 0 
Cov(1,j) -1.82255e-10 3.2519e-08 0 0 0 0 0 0 0 
Cov(2,j) 0 0 0.121979 0 0 0 0 0 0 
Cov(3,j) 0 0 0 0.0609843 0 0 0 0 0 
Cov(4,j) 0 0 0 0 6.56997e-10 -5.11095e-12 0 0 0 
Cov(5,j) 0 0 0 0 -5.11095e-12 6.4982e-10 0 0 0 
Cov(6,j) 0 0 0 0 0 0 3.04456e-07 0 0 
Cov(7,j) 0 0 0 0 0 0 0 3.11785e-07 0 
Cov(8,j) 0 0 0 0 0 0 0 0 0.00282987 
EmittanceX 0
EmittanceY 0
BetaStar 0
