Runnumber 353060
BeginTimeOfFit 2022.06.05 07:26:20 GMT 1654413980
EndTimeOfFit 2022.06.05 07:26:43 GMT 1654414003
LumiRange 429 - 429
Type 2
X0 0.164509
Y0 -0.179662
Z0 -0.38221
sigmaZ0 7.00922
dxdz 6.16067e-05
dydz 0.000156583
BeamWidthX 0.0160585
BeamWidthY 0.0147356
dxdy 0.053882
Cov(0,j) 5.9648e-08 3.84615e-10 0 0 0 0 0 0 0 
Cov(1,j) 3.84615e-10 5.83139e-08 0 0 0 0 0 0 0 
Cov(2,j) 0 0 0.255857 0 0 0 0 0 0 
Cov(3,j) 0 0 0 0.127907 0 0 0 0 0 
Cov(4,j) 0 0 0 0 1.07192e-09 4.73816e-12 0 0 0 
Cov(5,j) 0 0 0 0 4.73816e-12 1.06645e-09 0 0 0 
Cov(6,j) 0 0 0 0 0 0 7.09302e-07 0 0 
Cov(7,j) 0 0 0 0 0 0 0 5.96824e-07 0 
Cov(8,j) 0 0 0 0 0 0 0 0 0.00548111 
EmittanceX 0
EmittanceY 0
BetaStar 0
