Runnumber 353060
BeginTimeOfFit 2022.06.05 11:42:45 GMT 1654429365
EndTimeOfFit 2022.06.05 11:43:09 GMT 1654429389
LumiRange 1089 - 1089
Type 2
X0 0.166644
Y0 -0.180799
Z0 -0.437907
sigmaZ0 7.29827
dxdz 0.000100099
dydz 0.000263306
BeamWidthX 0.0167178
BeamWidthY 0.0174602
dxdy -0.0461594
Cov(0,j) 1.56566e-07 1.8527e-10 0 0 0 0 0 0 0 
Cov(1,j) 1.8527e-10 1.51469e-07 0 0 0 0 0 0 0 
Cov(2,j) 0 0 0.54341 0 0 0 0 0 0 
Cov(3,j) 0 0 0 0.271589 0 0 0 0 0 
Cov(4,j) 0 0 0 0 2.72231e-09 3.10201e-11 0 0 0 
Cov(5,j) 0 0 0 0 3.10201e-11 2.64531e-09 0 0 0 
Cov(6,j) 0 0 0 0 0 0 1.52149e-06 0 0 
Cov(7,j) 0 0 0 0 0 0 0 1.64607e-06 0 
Cov(8,j) 0 0 0 0 0 0 0 0 0.0106415 
EmittanceX 0
EmittanceY 0
BetaStar 0
