Runnumber 353704
BeginTimeOfFit 2022.06.13 10:03:46 GMT 1655114626
EndTimeOfFit 2022.06.13 10:04:09 GMT 1655114649
LumiRange 12 - 12
Type 2
X0 0.172362
Y0 -0.181274
Z0 1.04504
sigmaZ0 7.313
dxdz 0.000149284
dydz 0.000220018
BeamWidthX 0.0150931
BeamWidthY 0.0158845
dxdy 0.000516167
Cov(0,j) 5.70567e-08 -1.94175e-10 0 0 0 0 0 0 0 
Cov(1,j) -1.94175e-10 5.51899e-08 0 0 0 0 0 0 0 
Cov(2,j) 0 0 0.223748 0 0 0 0 0 0 
Cov(3,j) 0 0 0 0.111858 0 0 0 0 0 
Cov(4,j) 0 0 0 0 1.14272e-09 3.40229e-12 0 0 0 
Cov(5,j) 0 0 0 0 3.40229e-12 1.10069e-09 0 0 0 
Cov(6,j) 0 0 0 0 0 0 5.10058e-07 0 0 
Cov(7,j) 0 0 0 0 0 0 0 5.57864e-07 0 
Cov(8,j) 0 0 0 0 0 0 0 0 0.00443195 
EmittanceX 0
EmittanceY 0
BetaStar 0
