Runnumber 353018
BeginTimeOfFit 2022.06.04 07:10:24 GMT 1654326624
EndTimeOfFit 2022.06.04 07:10:48 GMT 1654326648
LumiRange 120 - 120
Type 2
X0 0.175252
Y0 -0.179775
Z0 -0.0337938
sigmaZ0 6.87522
dxdz 0.000154132
dydz 0.000158031
BeamWidthX 0.0125259
BeamWidthY 0.0148878
dxdy -0.0225925
Cov(0,j) 2.64396e-08 -2.40092e-10 0 0 0 0 0 0 0 
Cov(1,j) -2.40092e-10 2.62503e-08 0 0 0 0 0 0 0 
Cov(2,j) 0 0 0.123734 0 0 0 0 0 0 
Cov(3,j) 0 0 0 0.0618612 0 0 0 0 0 
Cov(4,j) 0 0 0 0 5.96809e-10 -7.82657e-12 0 0 0 
Cov(5,j) 0 0 0 0 -7.82657e-12 5.87831e-10 0 0 0 
Cov(6,j) 0 0 0 0 0 0 2.26767e-07 0 0 
Cov(7,j) 0 0 0 0 0 0 0 3.09558e-07 0 
Cov(8,j) 0 0 0 0 0 0 0 0 0.00282743 
EmittanceX 0
EmittanceY 0
BetaStar 0
