Runnumber 353706
BeginTimeOfFit 2022.06.13 10:21:21 GMT 1655115681
EndTimeOfFit 2022.06.13 10:21:45 GMT 1655115705
LumiRange 7 - 7
Type 2
X0 0.171763
Y0 -0.181682
Z0 0.614796
sigmaZ0 6.61735
dxdz 0.000156335
dydz 0.000175801
BeamWidthX 0.016503
BeamWidthY 0.0160515
dxdy -0.0456355
Cov(0,j) 6.65108e-08 1.59744e-10 0 0 0 0 0 0 0 
Cov(1,j) 1.59744e-10 6.68306e-08 0 0 0 0 0 0 0 
Cov(2,j) 0 0 0.207517 0 0 0 0 0 0 
Cov(3,j) 0 0 0 0.103743 0 0 0 0 0 
Cov(4,j) 0 0 0 0 1.35293e-09 1.16456e-11 0 0 0 
Cov(5,j) 0 0 0 0 1.16456e-11 1.39478e-09 0 0 0 
Cov(6,j) 0 0 0 0 0 0 6.8177e-07 0 0 
Cov(7,j) 0 0 0 0 0 0 0 6.46423e-07 0 
Cov(8,j) 0 0 0 0 0 0 0 0 0.0049776 
EmittanceX 0
EmittanceY 0
BetaStar 0
