Runnumber 353060
BeginTimeOfFit 2022.06.05 06:08:38 GMT 1654409318
EndTimeOfFit 2022.06.05 06:09:01 GMT 1654409341
LumiRange 229 - 229
Type 2
X0 0.168024
Y0 -0.179487
Z0 -0.712835
sigmaZ0 7.0845
dxdz 0.000149018
dydz 0.000208786
BeamWidthX 0.0146938
BeamWidthY 0.0145767
dxdy 0.164303
Cov(0,j) 4.2149e-08 1.95528e-10 0 0 0 0 0 0 0 
Cov(1,j) 1.95528e-10 4.07716e-08 0 0 0 0 0 0 0 
Cov(2,j) 0 0 0.161894 0 0 0 0 0 0 
Cov(3,j) 0 0 0 0.0809375 0 0 0 0 0 
Cov(4,j) 0 0 0 0 7.86999e-10 -9.01455e-12 0 0 0 
Cov(5,j) 0 0 0 0 -9.01455e-12 7.5328e-10 0 0 0 
Cov(6,j) 0 0 0 0 0 0 3.72585e-07 0 0 
Cov(7,j) 0 0 0 0 0 0 0 3.64218e-07 0 
Cov(8,j) 0 0 0 0 0 0 0 0 0.00326426 
EmittanceX 0
EmittanceY 0
BetaStar 0
