Runnumber 352929
BeginTimeOfFit 2022.06.03 11:16:42 GMT 1654255002
EndTimeOfFit 2022.06.03 11:17:02 GMT 1654255022
LumiRange 28 - 28
Type 2
X0 0.169136
Y0 -0.181483
Z0 0.848943
sigmaZ0 7.82293
dxdz 0.000220156
dydz 0.000235092
BeamWidthX 0.0169617
BeamWidthY 0.016513
dxdy 0.0177225
Cov(0,j) 8.61013e-08 -3.90849e-10 0 0 0 0 0 0 0 
Cov(1,j) -3.90849e-10 8.70301e-08 0 0 0 0 0 0 0 
Cov(2,j) 0 0 0.323762 0 0 0 0 0 0 
Cov(3,j) 0 0 0 0.16185 0 0 0 0 0 
Cov(4,j) 0 0 0 0 1.44142e-09 -8.88681e-12 0 0 0 
Cov(5,j) 0 0 0 0 -8.88681e-12 1.52192e-09 0 0 0 
Cov(6,j) 0 0 0 0 0 0 8.02487e-07 0 0 
Cov(7,j) 0 0 0 0 0 0 0 7.62696e-07 0 
Cov(8,j) 0 0 0 0 0 0 0 0 0.00555451 
EmittanceX 0
EmittanceY 0
BetaStar 0
