Runnumber 353060
BeginTimeOfFit 2022.06.05 09:18:14 GMT 1654420694
EndTimeOfFit 2022.06.05 09:18:37 GMT 1654420717
LumiRange 717 - 717
Type 2
X0 0.166353
Y0 -0.179834
Z0 -0.750488
sigmaZ0 7.97663
dxdz 0.000129973
dydz 0.000273997
BeamWidthX 0.0161245
BeamWidthY 0.0155472
dxdy -0.0653178
Cov(0,j) 8.65991e-08 -1.00157e-09 0 0 0 0 0 0 0 
Cov(1,j) -1.00157e-09 8.46516e-08 0 0 0 0 0 0 0 
Cov(2,j) 0 0 0.464349 0 0 0 0 0 0 
Cov(3,j) 0 0 0 0.23211 0 0 0 0 0 
Cov(4,j) 0 0 0 0 1.46675e-09 -3.50837e-11 0 0 0 
Cov(5,j) 0 0 0 0 -3.50837e-11 1.41076e-09 0 0 0 
Cov(6,j) 0 0 0 0 0 0 9.97815e-07 0 0 
Cov(7,j) 0 0 0 0 0 0 0 9.32333e-07 0 
Cov(8,j) 0 0 0 0 0 0 0 0 0.00758126 
EmittanceX 0
EmittanceY 0
BetaStar 0
