Runnumber 352509
BeginTimeOfFit 2022.05.28 12:23:50 GMT 1653740630
EndTimeOfFit 2022.05.28 12:24:13 GMT 1653740653
LumiRange 276 - 276
Type 2
X0 0.170953
Y0 -0.181002
Z0 0.0946449
sigmaZ0 7.61711
dxdz 0.000136826
dydz 0.000218124
BeamWidthX 0.0157875
BeamWidthY 0.0171591
dxdy 0.0517139
Cov(0,j) 9.5214e-08 1.24034e-09 0 0 0 0 0 0 0 
Cov(1,j) 1.24034e-09 9.53121e-08 0 0 0 0 0 0 0 
Cov(2,j) 0 0 0.369506 0 0 0 0 0 0 
Cov(3,j) 0 0 0 0.18471 0 0 0 0 0 
Cov(4,j) 0 0 0 0 1.55913e-09 1.07858e-11 0 0 0 
Cov(5,j) 0 0 0 0 1.07858e-11 1.55419e-09 0 0 0 
Cov(6,j) 0 0 0 0 0 0 8.4174e-07 0 0 
Cov(7,j) 0 0 0 0 0 0 0 9.88583e-07 0 
Cov(8,j) 0 0 0 0 0 0 0 0 0.00665467 
EmittanceX 0
EmittanceY 0
BetaStar 0
