Runnumber 352493
BeginTimeOfFit 2022.05.28 07:13:22 GMT 1653722002
EndTimeOfFit 2022.05.28 07:13:45 GMT 1653722025
LumiRange 144 - 144
Type 2
X0 0.169986
Y0 -0.182364
Z0 0.0587977
sigmaZ0 6.58022
dxdz 9.87644e-05
dydz 0.000200848
BeamWidthX 0.0140184
BeamWidthY 0.0143803
dxdy 0.0936711
Cov(0,j) 3.5892e-08 3.04292e-11 0 0 0 0 0 0 0 
Cov(1,j) 3.04292e-11 3.59298e-08 0 0 0 0 0 0 0 
Cov(2,j) 0 0 0.146274 0 0 0 0 0 0 
Cov(3,j) 0 0 0 0.0731295 0 0 0 0 0 
Cov(4,j) 0 0 0 0 8.43132e-10 5.55815e-12 0 0 0 
Cov(5,j) 0 0 0 0 5.55815e-12 8.36196e-10 0 0 0 
Cov(6,j) 0 0 0 0 0 0 3.57505e-07 0 0 
Cov(7,j) 0 0 0 0 0 0 0 3.73826e-07 0 
Cov(8,j) 0 0 0 0 0 0 0 0 0.00358174 
EmittanceX 0
EmittanceY 0
BetaStar 0
