Runnumber 352425
BeginTimeOfFit 2022.05.27 10:44:47 GMT 1653648287
EndTimeOfFit 2022.05.27 10:45:10 GMT 1653648310
LumiRange 222 - 222
Type 2
X0 0.170245
Y0 -0.181476
Z0 -0.56277
sigmaZ0 7.53173
dxdz 0.000122828
dydz 0.000122115
BeamWidthX 0.0151214
BeamWidthY 0.0168873
dxdy -0.139556
Cov(0,j) 1.06549e-07 -2.16302e-10 0 0 0 0 0 0 0 
Cov(1,j) -2.16302e-10 1.07118e-07 0 0 0 0 0 0 0 
Cov(2,j) 0 0 0.510958 0 0 0 0 0 0 
Cov(3,j) 0 0 0 0.255396 0 0 0 0 0 
Cov(4,j) 0 0 0 0 2.00523e-09 1.81573e-11 0 0 0 
Cov(5,j) 0 0 0 0 1.81573e-11 2.06142e-09 0 0 0 
Cov(6,j) 0 0 0 0 0 0 1.08757e-06 0 0 
Cov(7,j) 0 0 0 0 0 0 0 1.34858e-06 0 
Cov(8,j) 0 0 0 0 0 0 0 0 0.00905616 
EmittanceX 0
EmittanceY 0
BetaStar 0
