Runnumber 352568
BeginTimeOfFit 2022.05.29 11:39:00 GMT 1653824340
EndTimeOfFit 2022.05.29 11:39:23 GMT 1653824363
LumiRange 643 - 643
Type 2
X0 0.176563
Y0 -0.181405
Z0 0.66413
sigmaZ0 6.19375
dxdz 0.000188634
dydz 0.000213928
BeamWidthX 0.0150935
BeamWidthY 0.0146695
dxdy -0.0568785
Cov(0,j) 7.91897e-08 6.39299e-10 0 0 0 0 0 0 0 
Cov(1,j) 6.39299e-10 7.86354e-08 0 0 0 0 0 0 0 
Cov(2,j) 0 0 0.239745 0 0 0 0 0 0 
Cov(3,j) 0 0 0 0.119851 0 0 0 0 0 
Cov(4,j) 0 0 0 0 1.74329e-09 -8.63823e-13 0 0 0 
Cov(5,j) 0 0 0 0 -8.63823e-13 1.73284e-09 0 0 0 
Cov(6,j) 0 0 0 0 0 0 7.5708e-07 0 0 
Cov(7,j) 0 0 0 0 0 0 0 7.20387e-07 0 
Cov(8,j) 0 0 0 0 0 0 0 0 0.00659854 
EmittanceX 0
EmittanceY 0
BetaStar 0
