Runnumber 352509
BeginTimeOfFit 2022.05.28 11:53:32 GMT 1653738812
EndTimeOfFit 2022.05.28 11:53:55 GMT 1653738835
LumiRange 198 - 198
Type 2
X0 0.170726
Y0 -0.181905
Z0 0.241323
sigmaZ0 7.17854
dxdz 0.000143115
dydz 0.000169486
BeamWidthX 0.0151769
BeamWidthY 0.0190745
dxdy -0.0235828
Cov(0,j) 9.3125e-08 -1.19902e-11 0 0 0 0 0 0 0 
Cov(1,j) -1.19902e-11 9.40754e-08 0 0 0 0 0 0 0 
Cov(2,j) 0 0 0.303093 0 0 0 0 0 0 
Cov(3,j) 0 0 0 0.151516 0 0 0 0 0 
Cov(4,j) 0 0 0 0 1.62516e-09 -3.10231e-11 0 0 0 
Cov(5,j) 0 0 0 0 -3.10231e-11 1.66325e-09 0 0 0 
Cov(6,j) 0 0 0 0 0 0 7.16394e-07 0 0 
Cov(7,j) 0 0 0 0 0 0 0 1.10995e-06 0 
Cov(8,j) 0 0 0 0 0 0 0 0 0.00616779 
EmittanceX 0
EmittanceY 0
BetaStar 0
