Runnumber 353015
BeginTimeOfFit 2022.06.04 05:21:37 GMT 1654320097
EndTimeOfFit 2022.06.04 05:22:00 GMT 1654320120
LumiRange 250 - 250
Type 2
X0 0.175783
Y0 -0.178462
Z0 -0.142852
sigmaZ0 6.82738
dxdz 0.00011275
dydz 0.000189127
BeamWidthX 0.014079
BeamWidthY 0.0146722
dxdy -0.0217175
Cov(0,j) 3.12791e-08 -3.32978e-10 0 0 0 0 0 0 0 
Cov(1,j) -3.32978e-10 3.08449e-08 0 0 0 0 0 0 0 
Cov(2,j) 0 0 0.130198 0 0 0 0 0 0 
Cov(3,j) 0 0 0 0.0650933 0 0 0 0 0 
Cov(4,j) 0 0 0 0 6.58629e-10 -9.98483e-12 0 0 0 
Cov(5,j) 0 0 0 0 -9.98483e-12 6.36376e-10 0 0 0 
Cov(6,j) 0 0 0 0 0 0 2.95779e-07 0 0 
Cov(7,j) 0 0 0 0 0 0 0 3.19778e-07 0 
Cov(8,j) 0 0 0 0 0 0 0 0 0.00297048 
EmittanceX 0
EmittanceY 0
BetaStar 0
