Runnumber 353018
BeginTimeOfFit 2022.06.04 08:19:10 GMT 1654330750
EndTimeOfFit 2022.06.04 08:19:34 GMT 1654330774
LumiRange 297 - 297
Type 2
X0 0.175038
Y0 -0.179664
Z0 0.518295
sigmaZ0 6.48795
dxdz 0.000116528
dydz 0.000131999
BeamWidthX 0.0159324
BeamWidthY 0.0154225
dxdy -0.0089491
Cov(0,j) 4.8195e-08 -5.50339e-11 0 0 0 0 0 0 0 
Cov(1,j) -5.50339e-11 4.67898e-08 0 0 0 0 0 0 0 
Cov(2,j) 0 0 0.157645 0 0 0 0 0 0 
Cov(3,j) 0 0 0 0.0788133 0 0 0 0 0 
Cov(4,j) 0 0 0 0 9.77404e-10 8.42179e-12 0 0 0 
Cov(5,j) 0 0 0 0 8.42179e-12 9.36914e-10 0 0 0 
Cov(6,j) 0 0 0 0 0 0 5.04234e-07 0 0 
Cov(7,j) 0 0 0 0 0 0 0 4.72892e-07 0 
Cov(8,j) 0 0 0 0 0 0 0 0 0.00397835 
EmittanceX 0
EmittanceY 0
BetaStar 0
