Runnumber 352493
BeginTimeOfFit 2022.05.28 06:48:07 GMT 1653720487
EndTimeOfFit 2022.05.28 06:48:30 GMT 1653720510
LumiRange 79 - 79
Type 2
X0 0.169767
Y0 -0.181384
Z0 0.626693
sigmaZ0 6.42481
dxdz 0.000144386
dydz 0.000179802
BeamWidthX 0.0138218
BeamWidthY 0.0125319
dxdy 0.149164
Cov(0,j) 3.87408e-08 -3.48041e-10 0 0 0 0 0 0 0 
Cov(1,j) -3.48041e-10 3.86233e-08 0 0 0 0 0 0 0 
Cov(2,j) 0 0 0.167788 0 0 0 0 0 0 
Cov(3,j) 0 0 0 0.0838836 0 0 0 0 0 
Cov(4,j) 0 0 0 0 9.88312e-10 -7.62608e-12 0 0 0 
Cov(5,j) 0 0 0 0 -7.62608e-12 9.72863e-10 0 0 0 
Cov(6,j) 0 0 0 0 0 0 4.16533e-07 0 0 
Cov(7,j) 0 0 0 0 0 0 0 3.46559e-07 0 
Cov(8,j) 0 0 0 0 0 0 0 0 0.00420253 
EmittanceX 0
EmittanceY 0
BetaStar 0
