Runnumber 353060
BeginTimeOfFit 2022.06.05 11:15:57 GMT 1654427757
EndTimeOfFit 2022.06.05 11:16:20 GMT 1654427780
LumiRange 1020 - 1020
Type 2
X0 0.165505
Y0 -0.182569
Z0 -0.450392
sigmaZ0 6.41238
dxdz 0.000151928
dydz 0.000381165
BeamWidthX 0.0149051
BeamWidthY 0.0125074
dxdy -0.177669
Cov(0,j) 9.81003e-07 -4.61142e-08 0 0 0 0 0 0 0 
Cov(1,j) -4.61142e-08 9.35421e-07 0 0 0 0 0 0 0 
Cov(2,j) 0 0 2.9339 0 0 0 0 0 0 
Cov(3,j) 0 0 0 1.46346 0 0 0 0 0 
Cov(4,j) 0 0 0 0 1.85835e-08 3.51907e-10 0 0 0 
Cov(5,j) 0 0 0 0 3.51907e-10 1.82197e-08 0 0 0 
Cov(6,j) 0 0 0 0 0 0 8.53226e-06 0 0 
Cov(7,j) 0 0 0 0 0 0 0 6.20806e-06 0 
Cov(8,j) 0 0 0 0 0 0 0 0 0.0702715 
EmittanceX 0
EmittanceY 0
BetaStar 0
