Runnumber 353018
BeginTimeOfFit 2022.06.04 08:45:36 GMT 1654332336
EndTimeOfFit 2022.06.04 08:45:59 GMT 1654332359
LumiRange 365 - 365
Type 2
X0 0.169493
Y0 -0.180528
Z0 0.33178
sigmaZ0 6.70889
dxdz 0.000128378
dydz 0.000169565
BeamWidthX 0.0164664
BeamWidthY 0.0160043
dxdy 0.0180528
Cov(0,j) 5.07373e-08 -4.42873e-10 0 0 0 0 0 0 0 
Cov(1,j) -4.42873e-10 4.86399e-08 0 0 0 0 0 0 0 
Cov(2,j) 0 0 0.16731 0 0 0 0 0 0 
Cov(3,j) 0 0 0 0.0836455 0 0 0 0 0 
Cov(4,j) 0 0 0 0 9.5753e-10 -1.72497e-11 0 0 0 
Cov(5,j) 0 0 0 0 -1.72497e-11 9.47126e-10 0 0 0 
Cov(6,j) 0 0 0 0 0 0 5.29741e-07 0 0 
Cov(7,j) 0 0 0 0 0 0 0 5.04268e-07 0 
Cov(8,j) 0 0 0 0 0 0 0 0 0.0039172 
EmittanceX 0
EmittanceY 0
BetaStar 0
