Runnumber 352568
BeginTimeOfFit 2022.05.29 11:42:53 GMT 1653824573
EndTimeOfFit 2022.05.29 11:43:17 GMT 1653824597
LumiRange 653 - 653
Type 2
X0 0.17653
Y0 -0.181803
Z0 0.686926
sigmaZ0 7.31443
dxdz 0.000265668
dydz 0.000172514
BeamWidthX 0.0162673
BeamWidthY 0.0163542
dxdy -0.00836813
Cov(0,j) 1.49896e-07 -2.02019e-10 0 0 0 0 0 0 0 
Cov(1,j) -2.02019e-10 1.49737e-07 0 0 0 0 0 0 0 
Cov(2,j) 0 0 0.540306 0 0 0 0 0 0 
Cov(3,j) 0 0 0 0.27006 0 0 0 0 0 
Cov(4,j) 0 0 0 0 3.16328e-09 -1.59056e-10 0 0 0 
Cov(5,j) 0 0 0 0 -1.59056e-10 3.10218e-09 0 0 0 
Cov(6,j) 0 0 0 0 0 0 1.41569e-06 0 0 
Cov(7,j) 0 0 0 0 0 0 0 1.43976e-06 0 
Cov(8,j) 0 0 0 0 0 0 0 0 0.0106326 
EmittanceX 0
EmittanceY 0
BetaStar 0
