Runnumber 353689
BeginTimeOfFit 2022.06.13 08:58:48 GMT 1655110728
EndTimeOfFit 2022.06.13 08:59:11 GMT 1655110751
LumiRange 160 - 160
Type 2
X0 0.171851
Y0 -0.181719
Z0 1.01093
sigmaZ0 6.53406
dxdz 0.000127827
dydz 0.00022719
BeamWidthX 0.0162437
BeamWidthY 0.0152207
dxdy 0.0411745
Cov(0,j) 4.6974e-08 1.40414e-10 0 0 0 0 0 0 0 
Cov(1,j) 1.40414e-10 4.66266e-08 0 0 0 0 0 0 0 
Cov(2,j) 0 0 0.147213 0 0 0 0 0 0 
Cov(3,j) 0 0 0 0.0735988 0 0 0 0 0 
Cov(4,j) 0 0 0 0 1.08312e-09 -1.47098e-12 0 0 0 
Cov(5,j) 0 0 0 0 -1.47098e-12 1.05612e-09 0 0 0 
Cov(6,j) 0 0 0 0 0 0 4.81396e-07 0 0 
Cov(7,j) 0 0 0 0 0 0 0 4.24267e-07 0 
Cov(8,j) 0 0 0 0 0 0 0 0 0.00363504 
EmittanceX 0
EmittanceY 0
BetaStar 0
