Runnumber 352572
BeginTimeOfFit 2022.05.29 12:32:00 GMT 1653827520
EndTimeOfFit 2022.05.29 12:32:24 GMT 1653827544
LumiRange 106 - 106
Type 2
X0 0.177195
Y0 -0.180775
Z0 0.852353
sigmaZ0 6.82597
dxdz 7.66746e-05
dydz 0.000213412
BeamWidthX 0.0150081
BeamWidthY 0.0157899
dxdy -0.0937731
Cov(0,j) 8.80785e-08 1.91127e-09 0 0 0 0 0 0 0 
Cov(1,j) 1.91127e-09 9.0525e-08 0 0 0 0 0 0 0 
Cov(2,j) 0 0 0.316929 0 0 0 0 0 0 
Cov(3,j) 0 0 0 0.15843 0 0 0 0 0 
Cov(4,j) 0 0 0 0 1.92149e-09 3.27879e-11 0 0 0 
Cov(5,j) 0 0 0 0 3.27879e-11 1.94152e-09 0 0 0 
Cov(6,j) 0 0 0 0 0 0 8.15655e-07 0 0 
Cov(7,j) 0 0 0 0 0 0 0 8.97819e-07 0 
Cov(8,j) 0 0 0 0 0 0 0 0 0.00711923 
EmittanceX 0
EmittanceY 0
BetaStar 0
