Runnumber 352931
BeginTimeOfFit 2022.06.03 13:13:18 GMT 1654261998
EndTimeOfFit 2022.06.03 13:13:41 GMT 1654262021
LumiRange 271 - 271
Type 2
X0 0.169293
Y0 -0.179632
Z0 0.475901
sigmaZ0 7.76309
dxdz 0.000157862
dydz 0.000205182
BeamWidthX 0.0166374
BeamWidthY 0.0180448
dxdy 0.107906
Cov(0,j) 1.06198e-07 -2.79817e-10 0 0 0 0 0 0 0 
Cov(1,j) -2.79817e-10 1.02075e-07 0 0 0 0 0 0 0 
Cov(2,j) 0 0 0.374269 0 0 0 0 0 0 
Cov(3,j) 0 0 0 0.187093 0 0 0 0 0 
Cov(4,j) 0 0 0 0 1.70066e-09 -2.64558e-11 0 0 0 
Cov(5,j) 0 0 0 0 -2.64558e-11 1.69066e-09 0 0 0 
Cov(6,j) 0 0 0 0 0 0 9.07098e-07 0 0 
Cov(7,j) 0 0 0 0 0 0 0 1.06188e-06 0 
Cov(8,j) 0 0 0 0 0 0 0 0 0.00635785 
EmittanceX 0
EmittanceY 0
BetaStar 0
