Runnumber 352568
BeginTimeOfFit 2022.05.29 09:38:34 GMT 1653817114
EndTimeOfFit 2022.05.29 09:38:57 GMT 1653817137
LumiRange 333 - 333
Type 2
X0 0.177338
Y0 -0.181228
Z0 -0.857722
sigmaZ0 6.35623
dxdz 0.000193273
dydz 0.000242054
BeamWidthX 0.0153151
BeamWidthY 0.0157454
dxdy 0.00381994
Cov(0,j) 7.13392e-08 1.22578e-09 0 0 0 0 0 0 0 
Cov(1,j) 1.22578e-09 7.12365e-08 0 0 0 0 0 0 0 
Cov(2,j) 0 0 0.228239 0 0 0 0 0 0 
Cov(3,j) 0 0 0 0.114101 0 0 0 0 0 
Cov(4,j) 0 0 0 0 1.75953e-09 -1.22829e-11 0 0 0 
Cov(5,j) 0 0 0 0 -1.22829e-11 1.77892e-09 0 0 0 
Cov(6,j) 0 0 0 0 0 0 6.9995e-07 0 0 
Cov(7,j) 0 0 0 0 0 0 0 7.44838e-07 0 
Cov(8,j) 0 0 0 0 0 0 0 0 0.00600186 
EmittanceX 0
EmittanceY 0
BetaStar 0
