Runnumber 353087
BeginTimeOfFit 2022.06.05 16:14:45 GMT 1654445685
EndTimeOfFit 2022.06.05 16:15:08 GMT 1654445708
LumiRange 221 - 221
Type 2
X0 0.172336
Y0 -0.180533
Z0 0.448691
sigmaZ0 7.42301
dxdz 0.000130911
dydz 0.000134236
BeamWidthX 0.0122169
BeamWidthY 0.0146351
dxdy -0.0266984
Cov(0,j) 3.82766e-08 1.28264e-10 0 0 0 0 0 0 0 
Cov(1,j) 1.28264e-10 3.79522e-08 0 0 0 0 0 0 0 
Cov(2,j) 0 0 0.20331 0 0 0 0 0 0 
Cov(3,j) 0 0 0 0.101641 0 0 0 0 0 
Cov(4,j) 0 0 0 0 7.13938e-10 -2.9631e-12 0 0 0 
Cov(5,j) 0 0 0 0 -2.9631e-12 7.18588e-10 0 0 0 
Cov(6,j) 0 0 0 0 0 0 3.04682e-07 0 0 
Cov(7,j) 0 0 0 0 0 0 0 4.19336e-07 0 
Cov(8,j) 0 0 0 0 0 0 0 0 0.00396292 
EmittanceX 0
EmittanceY 0
BetaStar 0
