Runnumber 353060
BeginTimeOfFit 2022.06.05 04:58:42 GMT 1654405122
EndTimeOfFit 2022.06.05 04:59:05 GMT 1654405145
LumiRange 49 - 49
Type 2
X0 0.170356
Y0 -0.178908
Z0 0.0941724
sigmaZ0 7.06667
dxdz 0.000127222
dydz 0.000190782
BeamWidthX 0.0139214
BeamWidthY 0.0138323
dxdy 0.019655
Cov(0,j) 3.11109e-08 -2.73514e-10 0 0 0 0 0 0 0 
Cov(1,j) -2.73514e-10 3.06105e-08 0 0 0 0 0 0 0 
Cov(2,j) 0 0 0.139096 0 0 0 0 0 0 
Cov(3,j) 0 0 0 0.0695399 0 0 0 0 0 
Cov(4,j) 0 0 0 0 6.45696e-10 -1.64488e-12 0 0 0 
Cov(5,j) 0 0 0 0 -1.64488e-12 6.32017e-10 0 0 0 
Cov(6,j) 0 0 0 0 0 0 2.91273e-07 0 0 
Cov(7,j) 0 0 0 0 0 0 0 2.85238e-07 0 
Cov(8,j) 0 0 0 0 0 0 0 0 0.00299341 
EmittanceX 0
EmittanceY 0
BetaStar 0
