Runnumber 353706
BeginTimeOfFit 2022.06.13 10:31:04 GMT 1655116264
EndTimeOfFit 2022.06.13 10:31:28 GMT 1655116288
LumiRange 32 - 32
Type 2
X0 0.172286
Y0 -0.180728
Z0 1.23749
sigmaZ0 6.74543
dxdz 0.000162308
dydz 0.000135808
BeamWidthX 0.0169033
BeamWidthY 0.0163965
dxdy -0.0118181
Cov(0,j) 7.05207e-08 -3.96905e-10 0 0 0 0 0 0 0 
Cov(1,j) -3.96905e-10 6.86877e-08 0 0 0 0 0 0 0 
Cov(2,j) 0 0 0.195269 0 0 0 0 0 0 
Cov(3,j) 0 0 0 0.0976226 0 0 0 0 0 
Cov(4,j) 0 0 0 0 1.34052e-09 -1.77229e-11 0 0 0 
Cov(5,j) 0 0 0 0 -1.77229e-11 1.35118e-09 0 0 0 
Cov(6,j) 0 0 0 0 0 0 6.46054e-07 0 0 
Cov(7,j) 0 0 0 0 0 0 0 6.05882e-07 0 
Cov(8,j) 0 0 0 0 0 0 0 0 0.00450066 
EmittanceX 0
EmittanceY 0
BetaStar 0
