Runnumber 352909
BeginTimeOfFit 2022.06.03 08:44:00 GMT 1654245840
EndTimeOfFit 2022.06.03 08:44:23 GMT 1654245863
LumiRange 38 - 38
Type 2
X0 0.170043
Y0 -0.180749
Z0 0.237835
sigmaZ0 6.88023
dxdz 0.00017158
dydz 0.000148479
BeamWidthX 0.0142067
BeamWidthY 0.0157813
dxdy 0.038771
Cov(0,j) 4.31796e-08 1.88565e-10 0 0 0 0 0 0 0 
Cov(1,j) 1.88565e-10 4.22587e-08 0 0 0 0 0 0 0 
Cov(2,j) 0 0 0.143006 0 0 0 0 0 0 
Cov(3,j) 0 0 0 0.0714959 0 0 0 0 0 
Cov(4,j) 0 0 0 0 8.13016e-10 1.36425e-11 0 0 0 
Cov(5,j) 0 0 0 0 1.36425e-11 7.89466e-10 0 0 0 
Cov(6,j) 0 0 0 0 0 0 3.27219e-07 0 0 
Cov(7,j) 0 0 0 0 0 0 0 3.97032e-07 0 
Cov(8,j) 0 0 0 0 0 0 0 0 0.00320065 
EmittanceX 0
EmittanceY 0
BetaStar 0
