Runnumber 352505
BeginTimeOfFit 2022.05.28 09:51:15 GMT 1653731475
EndTimeOfFit 2022.05.28 09:51:38 GMT 1653731498
LumiRange 80 - 80
Type 2
X0 0.170323
Y0 -0.181441
Z0 -0.525974
sigmaZ0 7.37278
dxdz 0.000172366
dydz 0.000138147
BeamWidthX 0.0160812
BeamWidthY 0.0169661
dxdy -0.0248604
Cov(0,j) 6.93599e-08 8.7165e-10 0 0 0 0 0 0 0 
Cov(1,j) 8.7165e-10 6.91646e-08 0 0 0 0 0 0 0 
Cov(2,j) 0 0 0.260061 0 0 0 0 0 0 
Cov(3,j) 0 0 0 0.130009 0 0 0 0 0 
Cov(4,j) 0 0 0 0 1.25731e-09 1.67671e-11 0 0 0 
Cov(5,j) 0 0 0 0 1.67671e-11 1.25241e-09 0 0 0 
Cov(6,j) 0 0 0 0 0 0 6.50989e-07 0 0 
Cov(7,j) 0 0 0 0 0 0 0 7.28237e-07 0 
Cov(8,j) 0 0 0 0 0 0 0 0 0.0050267 
EmittanceX 0
EmittanceY 0
BetaStar 0
