Runnumber 352931
BeginTimeOfFit 2022.06.03 13:03:59 GMT 1654261439
EndTimeOfFit 2022.06.03 13:04:22 GMT 1654261462
LumiRange 247 - 247
Type 2
X0 0.165984
Y0 -0.180571
Z0 -1.05341
sigmaZ0 6.18955
dxdz 0.000173346
dydz 0.000181748
BeamWidthX 0.0151946
BeamWidthY 0.0181981
dxdy 0.163962
Cov(0,j) 2.31276e-07 -5.10223e-09 0 0 0 0 0 0 0 
Cov(1,j) -5.10223e-09 2.29702e-07 0 0 0 0 0 0 0 
Cov(2,j) 0 0 0.696377 0 0 0 0 0 0 
Cov(3,j) 0 0 0 0.347991 0 0 0 0 0 
Cov(4,j) 0 0 0 0 4.00535e-09 -1.40188e-10 0 0 0 
Cov(5,j) 0 0 0 0 -1.40188e-10 4.12585e-09 0 0 0 
Cov(6,j) 0 0 0 0 0 0 2.23528e-06 0 0 
Cov(7,j) 0 0 0 0 0 0 0 3.12769e-06 0 
Cov(8,j) 0 0 0 0 0 0 0 0 0.0179472 
EmittanceX 0
EmittanceY 0
BetaStar 0
