Runnumber 352568
BeginTimeOfFit 2022.05.29 09:17:35 GMT 1653815855
EndTimeOfFit 2022.05.29 09:17:58 GMT 1653815878
LumiRange 279 - 279
Type 2
X0 0.175972
Y0 -0.181211
Z0 0.100295
sigmaZ0 5.62739
dxdz 0.000219427
dydz 0.000183931
BeamWidthX 0.0164219
BeamWidthY 0.0141901
dxdy -0.039229
Cov(0,j) 7.06169e-08 6.67904e-10 0 0 0 0 0 0 0 
Cov(1,j) 6.67904e-10 6.98055e-08 0 0 0 0 0 0 0 
Cov(2,j) 0 0 0.199153 0 0 0 0 0 0 
Cov(3,j) 0 0 0 0.0995623 0 0 0 0 0 
Cov(4,j) 0 0 0 0 1.87831e-09 2.4344e-11 0 0 0 
Cov(5,j) 0 0 0 0 2.4344e-11 1.85582e-09 0 0 0 
Cov(6,j) 0 0 0 0 0 0 8.93931e-07 0 0 
Cov(7,j) 0 0 0 0 0 0 0 6.84304e-07 0 
Cov(8,j) 0 0 0 0 0 0 0 0 0.00665968 
EmittanceX 0
EmittanceY 0
BetaStar 0
