Runnumber 353087
BeginTimeOfFit 2022.06.05 16:16:18 GMT 1654445778
EndTimeOfFit 2022.06.05 16:16:42 GMT 1654445802
LumiRange 225 - 225
Type 2
X0 0.173058
Y0 -0.180466
Z0 -0.0489909
sigmaZ0 7.18238
dxdz 0.000229766
dydz 0.000211602
BeamWidthX 0.0142696
BeamWidthY 0.0151108
dxdy -0.146057
Cov(0,j) 4.5058e-08 -3.54879e-11 0 0 0 0 0 0 0 
Cov(1,j) -3.54879e-11 4.50653e-08 0 0 0 0 0 0 0 
Cov(2,j) 0 0 0.187575 0 0 0 0 0 0 
Cov(3,j) 0 0 0 0.0937767 0 0 0 0 0 
Cov(4,j) 0 0 0 0 8.28026e-10 2.27102e-12 0 0 0 
Cov(5,j) 0 0 0 0 2.27102e-12 8.25366e-10 0 0 0 
Cov(6,j) 0 0 0 0 0 0 3.98082e-07 0 0 
Cov(7,j) 0 0 0 0 0 0 0 4.41379e-07 0 
Cov(8,j) 0 0 0 0 0 0 0 0 0.00371841 
EmittanceX 0
EmittanceY 0
BetaStar 0
