Runnumber 352493
BeginTimeOfFit 2022.05.28 07:40:57 GMT 1653723657
EndTimeOfFit 2022.05.28 07:41:20 GMT 1653723680
LumiRange 215 - 215
Type 2
X0 0.169597
Y0 -0.181587
Z0 0.27882
sigmaZ0 6.94867
dxdz 8.23842e-05
dydz 0.000241604
BeamWidthX 0.0147191
BeamWidthY 0.0150723
dxdy 0.045668
Cov(0,j) 4.14764e-08 8.18892e-11 0 0 0 0 0 0 0 
Cov(1,j) 8.18892e-11 4.04362e-08 0 0 0 0 0 0 0 
Cov(2,j) 0 0 0.159872 0 0 0 0 0 0 
Cov(3,j) 0 0 0 0.0799273 0 0 0 0 0 
Cov(4,j) 0 0 0 0 8.81909e-10 7.36157e-13 0 0 0 
Cov(5,j) 0 0 0 0 7.36157e-13 8.48132e-10 0 0 0 
Cov(6,j) 0 0 0 0 0 0 3.81769e-07 0 0 
Cov(7,j) 0 0 0 0 0 0 0 3.98242e-07 0 
Cov(8,j) 0 0 0 0 0 0 0 0 0.0034958 
EmittanceX 0
EmittanceY 0
BetaStar 0
