Runnumber 352509
BeginTimeOfFit 2022.05.28 12:16:27 GMT 1653740187
EndTimeOfFit 2022.05.28 12:16:50 GMT 1653740210
LumiRange 257 - 257
Type 2
X0 0.169073
Y0 -0.180952
Z0 -0.897652
sigmaZ0 7.05658
dxdz 5.20357e-05
dydz 0.000178551
BeamWidthX 0.0151789
BeamWidthY 0.0163472
dxdy 0.0140742
Cov(0,j) 8.42274e-08 5.84466e-11 0 0 0 0 0 0 0 
Cov(1,j) 5.84466e-11 8.29643e-08 0 0 0 0 0 0 0 
Cov(2,j) 0 0 0.317131 0 0 0 0 0 0 
Cov(3,j) 0 0 0 0.158532 0 0 0 0 0 
Cov(4,j) 0 0 0 0 1.45011e-09 2.28367e-11 0 0 0 
Cov(5,j) 0 0 0 0 2.28367e-11 1.42679e-09 0 0 0 
Cov(6,j) 0 0 0 0 0 0 7.80501e-07 0 0 
Cov(7,j) 0 0 0 0 0 0 0 9.02351e-07 0 
Cov(8,j) 0 0 0 0 0 0 0 0 0.00676224 
EmittanceX 0
EmittanceY 0
BetaStar 0
