Runnumber 352425
BeginTimeOfFit 2022.05.27 10:04:46 GMT 1653645886
EndTimeOfFit 2022.05.27 10:05:09 GMT 1653645909
LumiRange 119 - 119
Type 2
X0 0.16946
Y0 -0.181814
Z0 -0.0198893
sigmaZ0 7.39845
dxdz 0.00012472
dydz 0.000321218
BeamWidthX 0.0136299
BeamWidthY 0.0168347
dxdy -0.033215
Cov(0,j) 9.84648e-08 -6.89046e-10 0 0 0 0 0 0 0 
Cov(1,j) -6.89046e-10 9.92984e-08 0 0 0 0 0 0 0 
Cov(2,j) 0 0 0.497519 0 0 0 0 0 0 
Cov(3,j) 0 0 0 0.248685 0 0 0 0 0 
Cov(4,j) 0 0 0 0 1.91643e-09 3.25117e-12 0 0 0 
Cov(5,j) 0 0 0 0 3.25117e-12 1.81332e-09 0 0 0 
Cov(6,j) 0 0 0 0 0 0 9.02408e-07 0 0 
Cov(7,j) 0 0 0 0 0 0 0 1.36039e-06 0 
Cov(8,j) 0 0 0 0 0 0 0 0 0.00960145 
EmittanceX 0
EmittanceY 0
BetaStar 0
