Runnumber 353706
BeginTimeOfFit 2022.06.13 10:45:03 GMT 1655117103
EndTimeOfFit 2022.06.13 10:45:27 GMT 1655117127
LumiRange 68 - 68
Type 2
X0 0.170939
Y0 -0.181509
Z0 0.979608
sigmaZ0 7.18481
dxdz 0.000176847
dydz 0.00016826
BeamWidthX 0.0168294
BeamWidthY 0.0171093
dxdy -0.0965684
Cov(0,j) 7.48954e-08 2.58358e-10 0 0 0 0 0 0 0 
Cov(1,j) 2.58358e-10 7.32889e-08 0 0 0 0 0 0 0 
Cov(2,j) 0 0 0.242333 0 0 0 0 0 0 
Cov(3,j) 0 0 0 0.121147 0 0 0 0 0 
Cov(4,j) 0 0 0 0 1.44747e-09 -6.41385e-14 0 0 0 
Cov(5,j) 0 0 0 0 -6.41385e-14 1.36441e-09 0 0 0 
Cov(6,j) 0 0 0 0 0 0 6.99426e-07 0 0 
Cov(7,j) 0 0 0 0 0 0 0 7.18775e-07 0 
Cov(8,j) 0 0 0 0 0 0 0 0 0.00482481 
EmittanceX 0
EmittanceY 0
BetaStar 0
