Runnumber 353018
BeginTimeOfFit 2022.06.04 07:38:23 GMT 1654328303
EndTimeOfFit 2022.06.04 07:38:46 GMT 1654328326
LumiRange 192 - 192
Type 2
X0 0.175286
Y0 -0.200535
Z0 0.0679477
sigmaZ0 6.74233
dxdz 0.000136928
dydz 0.000212984
BeamWidthX 0.0146509
BeamWidthY 0.0144856
dxdy -0.0521256
Cov(0,j) 7.51516e-08 2.40183e-10 0 0 0 0 0 0 0 
Cov(1,j) 2.40183e-10 7.45476e-08 0 0 0 0 0 0 0 
Cov(2,j) 0 0 0.295157 0 0 0 0 0 0 
Cov(3,j) 0 0 0 0.147553 0 0 0 0 0 
Cov(4,j) 0 0 0 0 1.6345e-09 -5.57854e-12 0 0 0 
Cov(5,j) 0 0 0 0 -5.57854e-12 1.63277e-09 0 0 0 
Cov(6,j) 0 0 0 0 0 0 7.49144e-07 0 0 
Cov(7,j) 0 0 0 0 0 0 0 7.27057e-07 0 
Cov(8,j) 0 0 0 0 0 0 0 0 0.00691869 
EmittanceX 0
EmittanceY 0
BetaStar 0
