Runnumber 352509
BeginTimeOfFit 2022.05.28 11:27:53 GMT 1653737273
EndTimeOfFit 2022.05.28 11:28:17 GMT 1653737297
LumiRange 132 - 132
Type 2
X0 0.170079
Y0 -0.181149
Z0 -0.548142
sigmaZ0 7.06291
dxdz 0.000199283
dydz 0.000175333
BeamWidthX 0.0165733
BeamWidthY 0.0168723
dxdy 0.06501
Cov(0,j) 8.21585e-08 -2.76127e-10 0 0 0 0 0 0 0 
Cov(1,j) -2.76127e-10 8.27766e-08 0 0 0 0 0 0 0 
Cov(2,j) 0 0 0.307895 0 0 0 0 0 0 
Cov(3,j) 0 0 0 0.153916 0 0 0 0 0 
Cov(4,j) 0 0 0 0 1.41381e-09 1.36563e-11 0 0 0 
Cov(5,j) 0 0 0 0 1.36563e-11 1.43036e-09 0 0 0 
Cov(6,j) 0 0 0 0 0 0 8.93969e-07 0 0 
Cov(7,j) 0 0 0 0 0 0 0 9.29354e-07 0 
Cov(8,j) 0 0 0 0 0 0 0 0 0.00648545 
EmittanceX 0
EmittanceY 0
BetaStar 0
