Runnumber 353706
BeginTimeOfFit 2022.06.13 10:40:00 GMT 1655116800
EndTimeOfFit 2022.06.13 10:40:24 GMT 1655116824
LumiRange 55 - 55
Type 2
X0 0.171406
Y0 -0.181035
Z0 1.75567
sigmaZ0 6.74322
dxdz 0.000149641
dydz 0.000272545
BeamWidthX 0.0164095
BeamWidthY 0.0165854
dxdy -0.0804641
Cov(0,j) 7.38199e-08 2.57799e-10 0 0 0 0 0 0 0 
Cov(1,j) 2.57799e-10 7.36173e-08 0 0 0 0 0 0 0 
Cov(2,j) 0 0 0.249818 0 0 0 0 0 0 
Cov(3,j) 0 0 0 0.124887 0 0 0 0 0 
Cov(4,j) 0 0 0 0 1.43943e-09 -6.2591e-12 0 0 0 
Cov(5,j) 0 0 0 0 -6.2591e-12 1.44865e-09 0 0 0 
Cov(6,j) 0 0 0 0 0 0 7.78065e-07 0 0 
Cov(7,j) 0 0 0 0 0 0 0 7.93595e-07 0 
Cov(8,j) 0 0 0 0 0 0 0 0 0.00570309 
EmittanceX 0
EmittanceY 0
BetaStar 0
