Runnumber 353689
BeginTimeOfFit 2022.06.13 09:08:54 GMT 1655111334
EndTimeOfFit 2022.06.13 09:09:17 GMT 1655111357
LumiRange 186 - 186
Type 2
X0 0.171381
Y0 -0.180388
Z0 1.53628
sigmaZ0 6.13295
dxdz 0.000141502
dydz 0.00024616
BeamWidthX 0.0154538
BeamWidthY 0.0161603
dxdy -0.120506
Cov(0,j) 6.99354e-08 -7.12439e-10 0 0 0 0 0 0 0 
Cov(1,j) -7.12439e-10 6.80986e-08 0 0 0 0 0 0 0 
Cov(2,j) 0 0 0.184366 0 0 0 0 0 0 
Cov(3,j) 0 0 0 0.0921667 0 0 0 0 0 
Cov(4,j) 0 0 0 0 1.55028e-09 1.04481e-11 0 0 0 
Cov(5,j) 0 0 0 0 1.04481e-11 1.52777e-09 0 0 0 
Cov(6,j) 0 0 0 0 0 0 6.15934e-07 0 0 
Cov(7,j) 0 0 0 0 0 0 0 6.74186e-07 0 
Cov(8,j) 0 0 0 0 0 0 0 0 0.00501565 
EmittanceX 0
EmittanceY 0
BetaStar 0
