Runnumber 352568
BeginTimeOfFit 2022.05.29 08:46:53 GMT 1653814013
EndTimeOfFit 2022.05.29 08:47:17 GMT 1653814037
LumiRange 200 - 200
Type 2
X0 0.176968
Y0 -0.182419
Z0 -0.627428
sigmaZ0 7.36023
dxdz 0.000119724
dydz 0.000214533
BeamWidthX 0.0142967
BeamWidthY 0.0155752
dxdy -0.051245
Cov(0,j) 6.52685e-08 1.14864e-09 0 0 0 0 0 0 0 
Cov(1,j) 1.14864e-09 6.47186e-08 0 0 0 0 0 0 0 
Cov(2,j) 0 0 0.309525 0 0 0 0 0 0 
Cov(3,j) 0 0 0 0.154732 0 0 0 0 0 
Cov(4,j) 0 0 0 0 1.15882e-09 5.63703e-12 0 0 0 
Cov(5,j) 0 0 0 0 5.63703e-12 1.21854e-09 0 0 0 
Cov(6,j) 0 0 0 0 0 0 6.28476e-07 0 0 
Cov(7,j) 0 0 0 0 0 0 0 7.36055e-07 0 
Cov(8,j) 0 0 0 0 0 0 0 0 0.00605127 
EmittanceX 0
EmittanceY 0
BetaStar 0
