Runnumber 353087
BeginTimeOfFit 2022.06.05 15:09:29 GMT 1654441769
EndTimeOfFit 2022.06.05 15:09:52 GMT 1654441792
LumiRange 53 - 53
Type 2
X0 0.173347
Y0 -0.180864
Z0 0.216191
sigmaZ0 6.53653
dxdz 0.00014333
dydz 0.000192643
BeamWidthX 0.0132485
BeamWidthY 0.0137938
dxdy -0.0721945
Cov(0,j) 3.06717e-08 2.46587e-10 0 0 0 0 0 0 0 
Cov(1,j) 2.46587e-10 2.9983e-08 0 0 0 0 0 0 0 
Cov(2,j) 0 0 0.129861 0 0 0 0 0 0 
Cov(3,j) 0 0 0 0.0649246 0 0 0 0 0 
Cov(4,j) 0 0 0 0 6.51263e-10 9.16123e-12 0 0 0 
Cov(5,j) 0 0 0 0 9.16123e-12 6.64565e-10 0 0 0 
Cov(6,j) 0 0 0 0 0 0 2.89289e-07 0 0 
Cov(7,j) 0 0 0 0 0 0 0 3.12027e-07 0 
Cov(8,j) 0 0 0 0 0 0 0 0 0.00324843 
EmittanceX 0
EmittanceY 0
BetaStar 0
