Runnumber 353060
BeginTimeOfFit 2022.06.05 12:20:03 GMT 1654431603
EndTimeOfFit 2022.06.05 12:20:26 GMT 1654431626
LumiRange 1185 - 1185
Type 2
X0 0.165361
Y0 -0.179836
Z0 1.11331
sigmaZ0 6.61362
dxdz -0.000204884
dydz 0.00025434
BeamWidthX 0.0113195
BeamWidthY 0.0174758
dxdy -0.0170539
Cov(0,j) 3.47247e-07 3.97368e-09 0 0 0 0 0 0 0 
Cov(1,j) 3.97368e-09 3.42615e-07 0 0 0 0 0 0 0 
Cov(2,j) 0 0 1.18165 0 0 0 0 0 0 
Cov(3,j) 0 0 0 0.590214 0 0 0 0 0 
Cov(4,j) 0 0 0 0 6.42656e-09 -1.23804e-11 0 0 0 
Cov(5,j) 0 0 0 0 -1.23804e-11 6.18666e-09 0 0 0 
Cov(6,j) 0 0 0 0 0 0 1.8942e-06 0 0 
Cov(7,j) 0 0 0 0 0 0 0 4.2799e-06 0 
Cov(8,j) 0 0 0 0 0 0 0 0 0.0285692 
EmittanceX 0
EmittanceY 0
BetaStar 0
