Runnumber 353018
BeginTimeOfFit 2022.06.04 08:33:33 GMT 1654331613
EndTimeOfFit 2022.06.04 08:33:56 GMT 1654331636
LumiRange 334 - 334
Type 2
X0 0.175542
Y0 -0.179353
Z0 -0.235821
sigmaZ0 6.79915
dxdz 0.000130285
dydz 0.000116002
BeamWidthX 0.0145295
BeamWidthY 0.0163497
dxdy -0.0849901
Cov(0,j) 1.15102e-07 1.15426e-09 0 0 0 0 0 0 0 
Cov(1,j) 1.15426e-09 1.09678e-07 0 0 0 0 0 0 0 
Cov(2,j) 0 0 0.385183 0 0 0 0 0 0 
Cov(3,j) 0 0 0 0.192541 0 0 0 0 0 
Cov(4,j) 0 0 0 0 2.38342e-09 -1.29785e-11 0 0 0 
Cov(5,j) 0 0 0 0 -1.29785e-11 2.20102e-09 0 0 0 
Cov(6,j) 0 0 0 0 0 0 9.41078e-07 0 0 
Cov(7,j) 0 0 0 0 0 0 0 1.17102e-06 0 
Cov(8,j) 0 0 0 0 0 0 0 0 0.00870855 
EmittanceX 0
EmittanceY 0
BetaStar 0
