Runnumber 353018
BeginTimeOfFit 2022.06.04 07:50:02 GMT 1654329002
EndTimeOfFit 2022.06.04 07:50:25 GMT 1654329025
LumiRange 222 - 222
Type 2
X0 0.17714
Y0 -0.179871
Z0 -0.106256
sigmaZ0 6.96165
dxdz 0.000269887
dydz 0.000256618
BeamWidthX 0.0145281
BeamWidthY 0.0144284
dxdy 0.0315918
Cov(0,j) 3.71346e-08 8.79066e-12 0 0 0 0 0 0 0 
Cov(1,j) 8.79066e-12 3.68964e-08 0 0 0 0 0 0 0 
Cov(2,j) 0 0 0.171242 0 0 0 0 0 0 
Cov(3,j) 0 0 0 0.085609 0 0 0 0 0 
Cov(4,j) 0 0 0 0 7.70152e-10 -2.41387e-12 0 0 0 
Cov(5,j) 0 0 0 0 -2.41387e-12 7.60771e-10 0 0 0 
Cov(6,j) 0 0 0 0 0 0 3.99943e-07 0 0 
Cov(7,j) 0 0 0 0 0 0 0 3.95708e-07 0 
Cov(8,j) 0 0 0 0 0 0 0 0 0.00377211 
EmittanceX 0
EmittanceY 0
BetaStar 0
