Runnumber 353015
BeginTimeOfFit 2022.06.04 04:31:30 GMT 1654317090
EndTimeOfFit 2022.06.04 04:31:53 GMT 1654317113
LumiRange 121 - 121
Type 2
X0 0.176524
Y0 -0.178483
Z0 0.294089
sigmaZ0 6.55951
dxdz 0.000106628
dydz 0.000279181
BeamWidthX 0.0143316
BeamWidthY 0.0139045
dxdy -0.0451592
Cov(0,j) 2.5558e-08 6.39314e-11 0 0 0 0 0 0 0 
Cov(1,j) 6.39314e-11 2.51324e-08 0 0 0 0 0 0 0 
Cov(2,j) 0 0 0.104178 0 0 0 0 0 0 
Cov(3,j) 0 0 0 0.0520845 0 0 0 0 0 
Cov(4,j) 0 0 0 0 5.71229e-10 -5.53813e-12 0 0 0 
Cov(5,j) 0 0 0 0 -5.53813e-12 5.73093e-10 0 0 0 
Cov(6,j) 0 0 0 0 0 0 2.68583e-07 0 0 
Cov(7,j) 0 0 0 0 0 0 0 2.52746e-07 0 
Cov(8,j) 0 0 0 0 0 0 0 0 0.00258028 
EmittanceX 0
EmittanceY 0
BetaStar 0
