Runnumber 352425
BeginTimeOfFit 2022.05.27 10:14:52 GMT 1653646492
EndTimeOfFit 2022.05.27 10:15:15 GMT 1653646515
LumiRange 145 - 145
Type 2
X0 0.16903
Y0 -0.181331
Z0 0.592835
sigmaZ0 7.31491
dxdz 0.000166824
dydz 0.000230194
BeamWidthX 0.0160484
BeamWidthY 0.0154635
dxdy -0.0524609
Cov(0,j) 1.00345e-07 -1.67035e-09 0 0 0 0 0 0 0 
Cov(1,j) -1.67035e-09 1.01991e-07 0 0 0 0 0 0 0 
Cov(2,j) 0 0 0.408395 0 0 0 0 0 0 
Cov(3,j) 0 0 0 0.204147 0 0 0 0 0 
Cov(4,j) 0 0 0 0 1.91259e-09 -2.47845e-11 0 0 0 
Cov(5,j) 0 0 0 0 -2.47845e-11 1.84939e-09 0 0 0 
Cov(6,j) 0 0 0 0 0 0 1.03454e-06 0 0 
Cov(7,j) 0 0 0 0 0 0 0 9.64698e-07 0 
Cov(8,j) 0 0 0 0 0 0 0 0 0.00798419 
EmittanceX 0
EmittanceY 0
BetaStar 0
