Runnumber 353060
BeginTimeOfFit 2022.06.05 12:22:46 GMT 1654431766
EndTimeOfFit 2022.06.05 12:23:10 GMT 1654431790
LumiRange 1192 - 1192
Type 2
X0 0.164794
Y0 -0.181566
Z0 -0.0271996
sigmaZ0 7.68792
dxdz 0.000101374
dydz 0.000161466
BeamWidthX 0.0194117
BeamWidthY 0.0205177
dxdy -0.161261
Cov(0,j) 2.33162e-07 1.68676e-09 0 0 0 0 0 0 0 
Cov(1,j) 1.68676e-09 2.27621e-07 0 0 0 0 0 0 0 
Cov(2,j) 0 0 0.832196 0 0 0 0 0 0 
Cov(3,j) 0 0 0 0.415886 0 0 0 0 0 
Cov(4,j) 0 0 0 0 4.1017e-09 2.93976e-11 0 0 0 
Cov(5,j) 0 0 0 0 2.93976e-11 4.12908e-09 0 0 0 
Cov(6,j) 0 0 0 0 0 0 2.76268e-06 0 0 
Cov(7,j) 0 0 0 0 0 0 0 3.07079e-06 0 
Cov(8,j) 0 0 0 0 0 0 0 0 0.013803 
EmittanceX 0
EmittanceY 0
BetaStar 0
