Runnumber 353087
BeginTimeOfFit 2022.06.05 16:00:46 GMT 1654444846
EndTimeOfFit 2022.06.05 16:01:09 GMT 1654444869
LumiRange 185 - 185
Type 2
X0 0.173114
Y0 -0.181071
Z0 0.252958
sigmaZ0 6.96075
dxdz 0.000106373
dydz 0.000175859
BeamWidthX 0.0143039
BeamWidthY 0.0143403
dxdy -0.0614116
Cov(0,j) 4.00648e-08 -1.13649e-10 0 0 0 0 0 0 0 
Cov(1,j) -1.13649e-10 3.88645e-08 0 0 0 0 0 0 0 
Cov(2,j) 0 0 0.164234 0 0 0 0 0 0 
Cov(3,j) 0 0 0 0.0821077 0 0 0 0 0 
Cov(4,j) 0 0 0 0 7.52623e-10 -2.82974e-12 0 0 0 
Cov(5,j) 0 0 0 0 -2.82974e-12 7.55739e-10 0 0 0 
Cov(6,j) 0 0 0 0 0 0 3.73265e-07 0 0 
Cov(7,j) 0 0 0 0 0 0 0 3.71898e-07 0 
Cov(8,j) 0 0 0 0 0 0 0 0 0.00359137 
EmittanceX 0
EmittanceY 0
BetaStar 0
