Runnumber 352493
BeginTimeOfFit 2022.05.28 07:41:44 GMT 1653723704
EndTimeOfFit 2022.05.28 07:42:07 GMT 1653723727
LumiRange 217 - 217
Type 2
X0 0.170196
Y0 -0.182508
Z0 0.298066
sigmaZ0 7.03964
dxdz 6.28716e-05
dydz 0.000266273
BeamWidthX 0.0144319
BeamWidthY 0.0155523
dxdy -0.0317808
Cov(0,j) 4.32089e-08 -6.42429e-10 0 0 0 0 0 0 0 
Cov(1,j) -6.42429e-10 4.3057e-08 0 0 0 0 0 0 0 
Cov(2,j) 0 0 0.174484 0 0 0 0 0 0 
Cov(3,j) 0 0 0 0.0872318 0 0 0 0 0 
Cov(4,j) 0 0 0 0 8.72207e-10 -5.63159e-12 0 0 0 
Cov(5,j) 0 0 0 0 -5.63159e-12 8.62568e-10 0 0 0 
Cov(6,j) 0 0 0 0 0 0 3.91818e-07 0 0 
Cov(7,j) 0 0 0 0 0 0 0 4.52152e-07 0 
Cov(8,j) 0 0 0 0 0 0 0 0 0.00373351 
EmittanceX 0
EmittanceY 0
BetaStar 0
