Runnumber 352509
BeginTimeOfFit 2022.05.28 11:59:45 GMT 1653739185
EndTimeOfFit 2022.05.28 12:00:08 GMT 1653739208
LumiRange 214 - 214
Type 2
X0 0.168924
Y0 -0.181136
Z0 0.000409105
sigmaZ0 6.78909
dxdz -1.34044e-05
dydz 0.000177397
BeamWidthX 0.0174882
BeamWidthY 0.0165503
dxdy 0.0780238
Cov(0,j) 9.15351e-08 -2.35992e-10 0 0 0 0 0 0 0 
Cov(1,j) -2.35992e-10 9.36222e-08 0 0 0 0 0 0 0 
Cov(2,j) 0 0 0.274328 0 0 0 0 0 0 
Cov(3,j) 0 0 0 0.137138 0 0 0 0 0 
Cov(4,j) 0 0 0 0 1.64521e-09 -1.07616e-12 0 0 0 
Cov(5,j) 0 0 0 0 -1.07616e-12 1.67039e-09 0 0 0 
Cov(6,j) 0 0 0 0 0 0 9.52395e-07 0 0 
Cov(7,j) 0 0 0 0 0 0 0 8.64148e-07 0 
Cov(8,j) 0 0 0 0 0 0 0 0 0.00617448 
EmittanceX 0
EmittanceY 0
BetaStar 0
