Runnumber 352568
BeginTimeOfFit 2022.05.29 09:44:23 GMT 1653817463
EndTimeOfFit 2022.05.29 09:44:47 GMT 1653817487
LumiRange 348 - 348
Type 2
X0 0.176771
Y0 -0.182275
Z0 0.514532
sigmaZ0 6.54452
dxdz 0.000277153
dydz 0.000210069
BeamWidthX 0.0162622
BeamWidthY 0.0143515
dxdy 0.0383094
Cov(0,j) 7.21433e-08 1.088e-09 0 0 0 0 0 0 0 
Cov(1,j) 1.088e-09 7.18888e-08 0 0 0 0 0 0 0 
Cov(2,j) 0 0 0.221903 0 0 0 0 0 0 
Cov(3,j) 0 0 0 0.110934 0 0 0 0 0 
Cov(4,j) 0 0 0 0 1.73662e-09 1.47139e-13 0 0 0 
Cov(5,j) 0 0 0 0 1.47139e-13 1.75069e-09 0 0 0 
Cov(6,j) 0 0 0 0 0 0 7.20243e-07 0 0 
Cov(7,j) 0 0 0 0 0 0 0 5.70149e-07 0 
Cov(8,j) 0 0 0 0 0 0 0 0 0.00545851 
EmittanceX 0
EmittanceY 0
BetaStar 0
