Runnumber 353018
BeginTimeOfFit 2022.06.04 07:52:45 GMT 1654329165
EndTimeOfFit 2022.06.04 07:53:09 GMT 1654329189
LumiRange 229 - 229
Type 2
X0 0.198224
Y0 -0.179429
Z0 0.678504
sigmaZ0 6.94026
dxdz 0.00011586
dydz 0.000220613
BeamWidthX 0.0152274
BeamWidthY 0.0149619
dxdy 0.00881243
Cov(0,j) 8.58108e-08 -1.96174e-10 0 0 0 0 0 0 0 
Cov(1,j) -1.96174e-10 8.64796e-08 0 0 0 0 0 0 0 
Cov(2,j) 0 0 0.376255 0 0 0 0 0 0 
Cov(3,j) 0 0 0 0.188075 0 0 0 0 0 
Cov(4,j) 0 0 0 0 1.81166e-09 -1.71539e-11 0 0 0 
Cov(5,j) 0 0 0 0 -1.71539e-11 1.83018e-09 0 0 0 
Cov(6,j) 0 0 0 0 0 0 9.55265e-07 0 0 
Cov(7,j) 0 0 0 0 0 0 0 9.39981e-07 0 
Cov(8,j) 0 0 0 0 0 0 0 0 0.0082676 
EmittanceX 0
EmittanceY 0
BetaStar 0
