Runnumber 353060
BeginTimeOfFit 2022.06.05 12:37:32 GMT 1654432652
EndTimeOfFit 2022.06.05 12:37:56 GMT 1654432676
LumiRange 1230 - 1230
Type 2
X0 0.165704
Y0 -0.180292
Z0 0.443293
sigmaZ0 6.4388
dxdz 0.000171833
dydz 0.00035028
BeamWidthX 0.0147582
BeamWidthY 0.0171329
dxdy -0.0927524
Cov(0,j) 1.61505e-07 2.56558e-09 0 0 0 0 0 0 0 
Cov(1,j) 2.56558e-09 1.63214e-07 0 0 0 0 0 0 0 
Cov(2,j) 0 0 0.567801 0 0 0 0 0 0 
Cov(3,j) 0 0 0 0.283778 0 0 0 0 0 
Cov(4,j) 0 0 0 0 2.84219e-09 -3.59738e-11 0 0 0 
Cov(5,j) 0 0 0 0 -3.59738e-11 2.91993e-09 0 0 0 
Cov(6,j) 0 0 0 0 0 0 1.58586e-06 0 0 
Cov(7,j) 0 0 0 0 0 0 0 2.12161e-06 0 
Cov(8,j) 0 0 0 0 0 0 0 0 0.0142198 
EmittanceX 0
EmittanceY 0
BetaStar 0
