Runnumber 352931
BeginTimeOfFit 2022.06.03 13:27:40 GMT 1654262860
EndTimeOfFit 2022.06.03 13:28:04 GMT 1654262884
LumiRange 308 - 308
Type 2
X0 0.169265
Y0 -0.180344
Z0 1.83538
sigmaZ0 7.30613
dxdz 9.51829e-05
dydz 0.000223064
BeamWidthX 0.0164829
BeamWidthY 0.0171705
dxdy 0.249294
Cov(0,j) 1.07235e-07 5.75804e-10 0 0 0 0 0 0 0 
Cov(1,j) 5.75804e-10 1.06571e-07 0 0 0 0 0 0 0 
Cov(2,j) 0 0 0.39244 0 0 0 0 0 0 
Cov(3,j) 0 0 0 0.196159 0 0 0 0 0 
Cov(4,j) 0 0 0 0 1.83381e-09 8.50253e-12 0 0 0 
Cov(5,j) 0 0 0 0 8.50253e-12 1.91398e-09 0 0 0 
Cov(6,j) 0 0 0 0 0 0 1.04953e-06 0 0 
Cov(7,j) 0 0 0 0 0 0 0 1.13502e-06 0 
Cov(8,j) 0 0 0 0 0 0 0 0 0.00679683 
EmittanceX 0
EmittanceY 0
BetaStar 0
