Runnumber 353015
BeginTimeOfFit 2022.06.04 05:37:56 GMT 1654321076
EndTimeOfFit 2022.06.04 05:38:19 GMT 1654321099
LumiRange 292 - 292
Type 2
X0 0.175123
Y0 -0.179232
Z0 0.33656
sigmaZ0 6.64609
dxdz 9.87408e-05
dydz 0.000201175
BeamWidthX 0.0145531
BeamWidthY 0.0145015
dxdy 0.0171055
Cov(0,j) 3.2896e-08 4.31921e-11 0 0 0 0 0 0 0 
Cov(1,j) 4.31921e-11 3.21922e-08 0 0 0 0 0 0 0 
Cov(2,j) 0 0 0.11654 0 0 0 0 0 0 
Cov(3,j) 0 0 0 0.0582653 0 0 0 0 0 
Cov(4,j) 0 0 0 0 6.56119e-10 -2.29882e-12 0 0 0 
Cov(5,j) 0 0 0 0 -2.29882e-12 6.62219e-10 0 0 0 
Cov(6,j) 0 0 0 0 0 0 2.98763e-07 0 0 
Cov(7,j) 0 0 0 0 0 0 0 2.93738e-07 0 
Cov(8,j) 0 0 0 0 0 0 0 0 0.00279775 
EmittanceX 0
EmittanceY 0
BetaStar 0
