Runnumber 353709
BeginTimeOfFit 2022.06.13 12:30:57 GMT 1655123457
EndTimeOfFit 2022.06.13 12:31:20 GMT 1655123480
LumiRange 141 - 141
Type 2
X0 0.172698
Y0 -0.178519
Z0 0.315014
sigmaZ0 6.94927
dxdz 0.000141228
dydz 0.000171589
BeamWidthX 0.0168604
BeamWidthY 0.0172285
dxdy 0.162811
Cov(0,j) 9.5768e-08 -7.77166e-10 0 0 0 0 0 0 0 
Cov(1,j) -7.77166e-10 9.60396e-08 0 0 0 0 0 0 0 
Cov(2,j) 0 0 0.30756 0 0 0 0 0 0 
Cov(3,j) 0 0 0 0.153745 0 0 0 0 0 
Cov(4,j) 0 0 0 0 1.80274e-09 -2.25094e-11 0 0 0 
Cov(5,j) 0 0 0 0 -2.25094e-11 1.75497e-09 0 0 0 
Cov(6,j) 0 0 0 0 0 0 9.52199e-07 0 0 
Cov(7,j) 0 0 0 0 0 0 0 9.90377e-07 0 
Cov(8,j) 0 0 0 0 0 0 0 0 0.00634293 
EmittanceX 0
EmittanceY 0
BetaStar 0
