Runnumber 352568
BeginTimeOfFit 2022.05.29 11:47:10 GMT 1653824830
EndTimeOfFit 2022.05.29 11:47:33 GMT 1653824853
LumiRange 664 - 664
Type 2
X0 0.176892
Y0 -0.181015
Z0 -0.0175868
sigmaZ0 6.26786
dxdz 6.76706e-05
dydz 0.000259396
BeamWidthX 0.0153481
BeamWidthY 0.0168635
dxdy -0.0573259
Cov(0,j) 9.07361e-08 -1.17275e-09 0 0 0 0 0 0 0 
Cov(1,j) -1.17275e-09 9.09394e-08 0 0 0 0 0 0 0 
Cov(2,j) 0 0 0.269057 0 0 0 0 0 0 
Cov(3,j) 0 0 0 0.134501 0 0 0 0 0 
Cov(4,j) 0 0 0 0 1.91073e-09 -2.32177e-11 0 0 0 
Cov(5,j) 0 0 0 0 -2.32177e-11 1.85837e-09 0 0 0 
Cov(6,j) 0 0 0 0 0 0 8.54489e-07 0 0 
Cov(7,j) 0 0 0 0 0 0 0 1.02444e-06 0 
Cov(8,j) 0 0 0 0 0 0 0 0 0.00715737 
EmittanceX 0
EmittanceY 0
BetaStar 0
