Runnumber 353015
BeginTimeOfFit 2022.06.04 05:22:47 GMT 1654320167
EndTimeOfFit 2022.06.04 05:23:10 GMT 1654320190
LumiRange 253 - 253
Type 2
X0 0.176141
Y0 -0.178417
Z0 -0.230147
sigmaZ0 6.7246
dxdz 0.000158352
dydz 0.000190471
BeamWidthX 0.0151373
BeamWidthY 0.01534
dxdy -0.0140226
Cov(0,j) 3.47279e-08 1.66982e-10 0 0 0 0 0 0 0 
Cov(1,j) 1.66982e-10 3.42926e-08 0 0 0 0 0 0 0 
Cov(2,j) 0 0 0.126662 0 0 0 0 0 0 
Cov(3,j) 0 0 0 0.0633255 0 0 0 0 0 
Cov(4,j) 0 0 0 0 7.26916e-10 8.77577e-12 0 0 0 
Cov(5,j) 0 0 0 0 8.77577e-12 7.20136e-10 0 0 0 
Cov(6,j) 0 0 0 0 0 0 3.41342e-07 0 0 
Cov(7,j) 0 0 0 0 0 0 0 3.50814e-07 0 
Cov(8,j) 0 0 0 0 0 0 0 0 0.00297134 
EmittanceX 0
EmittanceY 0
BetaStar 0
