Runnumber 352509
BeginTimeOfFit 2022.05.28 12:27:20 GMT 1653740840
EndTimeOfFit 2022.05.28 12:27:43 GMT 1653740863
LumiRange 285 - 285
Type 2
X0 0.170525
Y0 -0.181213
Z0 -0.328729
sigmaZ0 7.05538
dxdz -4.7072e-05
dydz 0.000119819
BeamWidthX 0.0178835
BeamWidthY 0.0172038
dxdy 0.229196
Cov(0,j) 1.00031e-07 1.43192e-09 0 0 0 0 0 0 0 
Cov(1,j) 1.43192e-09 9.71723e-08 0 0 0 0 0 0 0 
Cov(2,j) 0 0 0.379935 0 0 0 0 0 0 
Cov(3,j) 0 0 0 0.189921 0 0 0 0 0 
Cov(4,j) 0 0 0 0 1.77164e-09 2.27247e-11 0 0 0 
Cov(5,j) 0 0 0 0 2.27247e-11 1.75678e-09 0 0 0 
Cov(6,j) 0 0 0 0 0 0 1.27124e-06 0 0 
Cov(7,j) 0 0 0 0 0 0 0 1.18738e-06 0 
Cov(8,j) 0 0 0 0 0 0 0 0 0.00719668 
EmittanceX 0
EmittanceY 0
BetaStar 0
