Runnumber 352425
BeginTimeOfFit 2022.05.27 11:30:14 GMT 1653651014
EndTimeOfFit 2022.05.27 11:30:38 GMT 1653651038
LumiRange 339 - 339
Type 2
X0 0.170569
Y0 -0.182201
Z0 0.0234225
sigmaZ0 8.48299
dxdz -0.000187922
dydz 0.000148317
BeamWidthX 0.0149753
BeamWidthY 0.0154117
dxdy -0.321607
Cov(0,j) 2.56513e-07 -9.42784e-09 0 0 0 0 0 0 0 
Cov(1,j) -9.42784e-09 2.4253e-07 0 0 0 0 0 0 0 
Cov(2,j) 0 0 1.67249 0 0 0 0 0 0 
Cov(3,j) 0 0 0 0.835924 0 0 0 0 0 
Cov(4,j) 0 0 0 0 4.77406e-09 -1.77024e-10 0 0 0 
Cov(5,j) 0 0 0 0 -1.77024e-10 4.54073e-09 0 0 0 
Cov(6,j) 0 0 0 0 0 0 2.78455e-06 0 0 
Cov(7,j) 0 0 0 0 0 0 0 2.97713e-06 0 
Cov(8,j) 0 0 0 0 0 0 0 0 0.0200008 
EmittanceX 0
EmittanceY 0
BetaStar 0
