Runnumber 352425
BeginTimeOfFit 2022.05.27 11:30:38 GMT 1653651038
EndTimeOfFit 2022.05.27 11:31:01 GMT 1653651061
LumiRange 340 - 340
Type 2
X0 0.169482
Y0 -0.180524
Z0 -0.589516
sigmaZ0 6.64247
dxdz 0.000219563
dydz 0.000216992
BeamWidthX 0.0152395
BeamWidthY 0.0185624
dxdy 0.0385532
Cov(0,j) 3.04903e-07 2.32943e-09 0 0 0 0 0 0 0 
Cov(1,j) 2.32943e-09 2.88787e-07 0 0 0 0 0 0 0 
Cov(2,j) 0 0 0.735175 0 0 0 0 0 0 
Cov(3,j) 0 0 0 0.367398 0 0 0 0 0 
Cov(4,j) 0 0 0 0 5.48887e-09 -7.11048e-11 0 0 0 
Cov(5,j) 0 0 0 0 -7.11048e-11 5.379e-09 0 0 0 
Cov(6,j) 0 0 0 0 0 0 2.05317e-06 0 0 
Cov(7,j) 0 0 0 0 0 0 0 2.97822e-06 0 
Cov(8,j) 0 0 0 0 0 0 0 0 0.0173409 
EmittanceX 0
EmittanceY 0
BetaStar 0
