Runnumber 353060
BeginTimeOfFit 2022.06.05 07:07:18 GMT 1654412838
EndTimeOfFit 2022.06.05 07:07:41 GMT 1654412861
LumiRange 380 - 380
Type 2
X0 0.164788
Y0 -0.178944
Z0 0.141324
sigmaZ0 7.07452
dxdz 0.000130816
dydz 0.000231932
BeamWidthX 0.0142921
BeamWidthY 0.0158931
dxdy -0.0145673
Cov(0,j) 5.33981e-08 2.87063e-11 0 0 0 0 0 0 0 
Cov(1,j) 2.87063e-11 5.3934e-08 0 0 0 0 0 0 0 
Cov(2,j) 0 0 0.213867 0 0 0 0 0 0 
Cov(3,j) 0 0 0 0.106917 0 0 0 0 0 
Cov(4,j) 0 0 0 0 9.41962e-10 -1.15264e-11 0 0 0 
Cov(5,j) 0 0 0 0 -1.15264e-11 9.68397e-10 0 0 0 
Cov(6,j) 0 0 0 0 0 0 4.67315e-07 0 0 
Cov(7,j) 0 0 0 0 0 0 0 5.72274e-07 0 
Cov(8,j) 0 0 0 0 0 0 0 0 0.00454573 
EmittanceX 0
EmittanceY 0
BetaStar 0
