Runnumber 352568
BeginTimeOfFit 2022.05.29 10:47:43 GMT 1653821263
EndTimeOfFit 2022.05.29 10:48:06 GMT 1653821286
LumiRange 511 - 511
Type 2
X0 0.176387
Y0 -0.18111
Z0 0.0397917
sigmaZ0 6.45843
dxdz 0.000144547
dydz 0.000301889
BeamWidthX 0.01677
BeamWidthY 0.0151968
dxdy -0.00548923
Cov(0,j) 8.15805e-08 1.32321e-09 0 0 0 0 0 0 0 
Cov(1,j) 1.32321e-09 8.34996e-08 0 0 0 0 0 0 0 
Cov(2,j) 0 0 0.23833 0 0 0 0 0 0 
Cov(3,j) 0 0 0 0.119145 0 0 0 0 0 
Cov(4,j) 0 0 0 0 1.8229e-09 1.26842e-11 0 0 0 
Cov(5,j) 0 0 0 0 1.26842e-11 1.95527e-09 0 0 0 
Cov(6,j) 0 0 0 0 0 0 8.46591e-07 0 0 
Cov(7,j) 0 0 0 0 0 0 0 7.00697e-07 0 
Cov(8,j) 0 0 0 0 0 0 0 0 0.00602323 
EmittanceX 0
EmittanceY 0
BetaStar 0
