Runnumber 353018
BeginTimeOfFit 2022.06.04 07:15:04 GMT 1654326904
EndTimeOfFit 2022.06.04 07:15:27 GMT 1654326927
LumiRange 132 - 132
Type 2
X0 0.175237
Y0 -0.205096
Z0 0.375951
sigmaZ0 6.41145
dxdz 0.000162762
dydz 0.000194879
BeamWidthX 0.0154798
BeamWidthY 0.015847
dxdy 0.00474517
Cov(0,j) 3.33453e-08 -4.18866e-10 0 0 0 0 0 0 0 
Cov(1,j) -4.18866e-10 3.23391e-08 0 0 0 0 0 0 0 
Cov(2,j) 0 0 0.0876449 0 0 0 0 0 0 
Cov(3,j) 0 0 0 0.0438196 0 0 0 0 0 
Cov(4,j) 0 0 0 0 7.71973e-10 -8.89415e-12 0 0 0 
Cov(5,j) 0 0 0 0 -8.89415e-12 7.2862e-10 0 0 0 
Cov(6,j) 0 0 0 0 0 0 2.71418e-07 0 0 
Cov(7,j) 0 0 0 0 0 0 0 2.83726e-07 0 
Cov(8,j) 0 0 0 0 0 0 0 0 0.00225474 
EmittanceX 0
EmittanceY 0
BetaStar 0
