Runnumber 352493
BeginTimeOfFit 2022.05.28 07:39:00 GMT 1653723540
EndTimeOfFit 2022.05.28 07:39:24 GMT 1653723564
LumiRange 210 - 210
Type 2
X0 0.16922
Y0 -0.181518
Z0 0.437418
sigmaZ0 6.67571
dxdz 7.4837e-05
dydz 0.000216277
BeamWidthX 0.0145388
BeamWidthY 0.0140384
dxdy -0.0607236
Cov(0,j) 3.69617e-08 1.22771e-10 0 0 0 0 0 0 0 
Cov(1,j) 1.22771e-10 3.62081e-08 0 0 0 0 0 0 0 
Cov(2,j) 0 0 0.12553 0 0 0 0 0 0 
Cov(3,j) 0 0 0 0.0627594 0 0 0 0 0 
Cov(4,j) 0 0 0 0 7.65275e-10 8.57379e-12 0 0 0 
Cov(5,j) 0 0 0 0 8.57379e-12 7.72465e-10 0 0 0 
Cov(6,j) 0 0 0 0 0 0 3.17465e-07 0 0 
Cov(7,j) 0 0 0 0 0 0 0 2.97363e-07 0 
Cov(8,j) 0 0 0 0 0 0 0 0 0.00298244 
EmittanceX 0
EmittanceY 0
BetaStar 0
