Runnumber 352568
BeginTimeOfFit 2022.05.29 11:30:27 GMT 1653823827
EndTimeOfFit 2022.05.29 11:30:51 GMT 1653823851
LumiRange 621 - 621
Type 2
X0 0.176977
Y0 -0.182052
Z0 -0.462235
sigmaZ0 6.78907
dxdz 0.000251112
dydz 0.000309588
BeamWidthX 0.0157375
BeamWidthY 0.016002
dxdy 0.0478606
Cov(0,j) 8.79018e-08 9.12552e-10 0 0 0 0 0 0 0 
Cov(1,j) 9.12552e-10 8.5211e-08 0 0 0 0 0 0 0 
Cov(2,j) 0 0 0.301219 0 0 0 0 0 0 
Cov(3,j) 0 0 0 0.15058 0 0 0 0 0 
Cov(4,j) 0 0 0 0 1.92562e-09 3.59379e-11 0 0 0 
Cov(5,j) 0 0 0 0 3.59379e-11 1.90952e-09 0 0 0 
Cov(6,j) 0 0 0 0 0 0 8.58638e-07 0 0 
Cov(7,j) 0 0 0 0 0 0 0 8.8954e-07 0 
Cov(8,j) 0 0 0 0 0 0 0 0 0.0069181 
EmittanceX 0
EmittanceY 0
BetaStar 0
