Runnumber 352568
BeginTimeOfFit 2022.05.29 10:48:06 GMT 1653821286
EndTimeOfFit 2022.05.29 10:48:30 GMT 1653821310
LumiRange 512 - 512
Type 2
X0 0.177319
Y0 -0.182082
Z0 -0.0221984
sigmaZ0 6.90247
dxdz 0.000131734
dydz 0.000178681
BeamWidthX 0.0171468
BeamWidthY 0.0158831
dxdy -0.0704638
Cov(0,j) 1.09765e-07 1.16454e-09 0 0 0 0 0 0 0 
Cov(1,j) 1.16454e-09 1.08322e-07 0 0 0 0 0 0 0 
Cov(2,j) 0 0 0.37217 0 0 0 0 0 0 
Cov(3,j) 0 0 0 0.186024 0 0 0 0 0 
Cov(4,j) 0 0 0 0 2.49725e-09 4.63462e-11 0 0 0 
Cov(5,j) 0 0 0 0 4.63462e-11 2.41163e-09 0 0 0 
Cov(6,j) 0 0 0 0 0 0 1.22186e-06 0 0 
Cov(7,j) 0 0 0 0 0 0 0 1.04444e-06 0 
Cov(8,j) 0 0 0 0 0 0 0 0 0.00816414 
EmittanceX 0
EmittanceY 0
BetaStar 0
