Runnumber 353060
BeginTimeOfFit 2022.06.05 07:36:49 GMT 1654414609
EndTimeOfFit 2022.06.05 07:37:13 GMT 1654414633
LumiRange 456 - 456
Type 2
X0 0.164189
Y0 -0.179185
Z0 1.36826
sigmaZ0 7.13505
dxdz 0.000186411
dydz 0.000144323
BeamWidthX 0.0143866
BeamWidthY 0.0157023
dxdy -0.0577574
Cov(0,j) 6.00872e-08 -4.11751e-10 0 0 0 0 0 0 0 
Cov(1,j) -4.11751e-10 5.95505e-08 0 0 0 0 0 0 0 
Cov(2,j) 0 0 0.243562 0 0 0 0 0 0 
Cov(3,j) 0 0 0 0.121758 0 0 0 0 0 
Cov(4,j) 0 0 0 0 1.09853e-09 -1.44603e-11 0 0 0 
Cov(5,j) 0 0 0 0 -1.44603e-11 1.10335e-09 0 0 0 
Cov(6,j) 0 0 0 0 0 0 5.28901e-07 0 0 
Cov(7,j) 0 0 0 0 0 0 0 6.25508e-07 0 
Cov(8,j) 0 0 0 0 0 0 0 0 0.00503877 
EmittanceX 0
EmittanceY 0
BetaStar 0
