Runnumber 353018
BeginTimeOfFit 2022.06.04 09:11:14 GMT 1654333874
EndTimeOfFit 2022.06.04 09:11:37 GMT 1654333897
LumiRange 431 - 431
Type 2
X0 0.174995
Y0 -0.179577
Z0 -0.158565
sigmaZ0 7.12013
dxdz 0.000103069
dydz 0.000165802
BeamWidthX 0.0147872
BeamWidthY 0.0158952
dxdy 0.0247115
Cov(0,j) 7.39164e-08 2.24171e-10 0 0 0 0 0 0 0 
Cov(1,j) 2.24171e-10 7.51393e-08 0 0 0 0 0 0 0 
Cov(2,j) 0 0 0.310985 0 0 0 0 0 0 
Cov(3,j) 0 0 0 0.155462 0 0 0 0 0 
Cov(4,j) 0 0 0 0 1.4229e-09 1.72252e-11 0 0 0 
Cov(5,j) 0 0 0 0 1.72252e-11 1.47402e-09 0 0 0 
Cov(6,j) 0 0 0 0 0 0 7.09897e-07 0 0 
Cov(7,j) 0 0 0 0 0 0 0 8.26671e-07 0 
Cov(8,j) 0 0 0 0 0 0 0 0 0.00651989 
EmittanceX 0
EmittanceY 0
BetaStar 0
