Runnumber 352509
BeginTimeOfFit 2022.05.28 11:19:20 GMT 1653736760
EndTimeOfFit 2022.05.28 11:19:44 GMT 1653736784
LumiRange 110 - 110
Type 2
X0 0.170324
Y0 -0.181293
Z0 0.601108
sigmaZ0 7.2668
dxdz 7.26543e-05
dydz 0.000145556
BeamWidthX 0.0183154
BeamWidthY 0.0169783
dxdy 0.046138
Cov(0,j) 9.16788e-08 1.82561e-09 0 0 0 0 0 0 0 
Cov(1,j) 1.82561e-09 9.10099e-08 0 0 0 0 0 0 0 
Cov(2,j) 0 0 0.294976 0 0 0 0 0 0 
Cov(3,j) 0 0 0 0.14746 0 0 0 0 0 
Cov(4,j) 0 0 0 0 1.55201e-09 4.18028e-11 0 0 0 
Cov(5,j) 0 0 0 0 4.18028e-11 1.57331e-09 0 0 0 
Cov(6,j) 0 0 0 0 0 0 9.78602e-07 0 0 
Cov(7,j) 0 0 0 0 0 0 0 8.47498e-07 0 
Cov(8,j) 0 0 0 0 0 0 0 0 0.00580989 
EmittanceX 0
EmittanceY 0
BetaStar 0
