Runnumber 353706
BeginTimeOfFit 2022.06.13 10:39:14 GMT 1655116754
EndTimeOfFit 2022.06.13 10:39:37 GMT 1655116777
LumiRange 53 - 53
Type 2
X0 0.171212
Y0 -0.181949
Z0 0.0559678
sigmaZ0 6.71191
dxdz 9.64558e-05
dydz 0.000100672
BeamWidthX 0.0161853
BeamWidthY 0.0151489
dxdy 0.0225743
Cov(0,j) 6.4833e-08 5.16642e-10 0 0 0 0 0 0 0 
Cov(1,j) 5.16642e-10 6.56075e-08 0 0 0 0 0 0 0 
Cov(2,j) 0 0 0.221902 0 0 0 0 0 0 
Cov(3,j) 0 0 0 0.110931 0 0 0 0 0 
Cov(4,j) 0 0 0 0 1.19228e-09 -1.37347e-12 0 0 0 
Cov(5,j) 0 0 0 0 -1.37347e-12 1.20855e-09 0 0 0 
Cov(6,j) 0 0 0 0 0 0 6.83223e-07 0 0 
Cov(7,j) 0 0 0 0 0 0 0 5.99904e-07 0 
Cov(8,j) 0 0 0 0 0 0 0 0 0.00520454 
EmittanceX 0
EmittanceY 0
BetaStar 0
