Runnumber 353018
BeginTimeOfFit 2022.06.04 07:55:28 GMT 1654329328
EndTimeOfFit 2022.06.04 07:55:52 GMT 1654329352
LumiRange 236 - 236
Type 2
X0 0.173533
Y0 -0.179875
Z0 0.433717
sigmaZ0 6.86634
dxdz 0.000108028
dydz 0.00020325
BeamWidthX 0.013849
BeamWidthY 0.0150728
dxdy -0.0660858
Cov(0,j) 3.3508e-08 1.9296e-10 0 0 0 0 0 0 0 
Cov(1,j) 1.9296e-10 3.35828e-08 0 0 0 0 0 0 0 
Cov(2,j) 0 0 0.133554 0 0 0 0 0 0 
Cov(3,j) 0 0 0 0.0667705 0 0 0 0 0 
Cov(4,j) 0 0 0 0 6.63578e-10 -2.02006e-12 0 0 0 
Cov(5,j) 0 0 0 0 -2.02006e-12 6.81802e-10 0 0 0 
Cov(6,j) 0 0 0 0 0 0 2.94292e-07 0 0 
Cov(7,j) 0 0 0 0 0 0 0 3.41107e-07 0 
Cov(8,j) 0 0 0 0 0 0 0 0 0.00299453 
EmittanceX 0
EmittanceY 0
BetaStar 0
