Runnumber 353060
BeginTimeOfFit 2022.06.05 08:46:22 GMT 1654418782
EndTimeOfFit 2022.06.05 08:46:45 GMT 1654418805
LumiRange 635 - 635
Type 2
X0 0.167023
Y0 -0.180662
Z0 0.465002
sigmaZ0 6.38924
dxdz 9.60475e-05
dydz 0.000200283
BeamWidthX 0.0173923
BeamWidthY 0.0157892
dxdy 0.0215153
Cov(0,j) 9.51016e-08 5.50143e-10 0 0 0 0 0 0 0 
Cov(1,j) 5.50143e-10 9.33479e-08 0 0 0 0 0 0 0 
Cov(2,j) 0 0 0.323949 0 0 0 0 0 0 
Cov(3,j) 0 0 0 0.161934 0 0 0 0 0 
Cov(4,j) 0 0 0 0 1.73555e-09 -1.29411e-11 0 0 0 
Cov(5,j) 0 0 0 0 -1.29411e-11 1.73353e-09 0 0 0 
Cov(6,j) 0 0 0 0 0 0 1.25459e-06 0 0 
Cov(7,j) 0 0 0 0 0 0 0 1.03569e-06 0 
Cov(8,j) 0 0 0 0 0 0 0 0 0.00828501 
EmittanceX 0
EmittanceY 0
BetaStar 0
