Runnumber 353060
BeginTimeOfFit 2022.06.05 06:21:27 GMT 1654410087
EndTimeOfFit 2022.06.05 06:21:50 GMT 1654410110
LumiRange 262 - 262
Type 2
X0 0.167147
Y0 -0.17881
Z0 0.632008
sigmaZ0 7.30196
dxdz 0.000128256
dydz 0.000190449
BeamWidthX 0.0131733
BeamWidthY 0.0142921
dxdy 0.0491332
Cov(0,j) 4.08146e-08 1.54964e-11 0 0 0 0 0 0 0 
Cov(1,j) 1.54964e-11 4.01073e-08 0 0 0 0 0 0 0 
Cov(2,j) 0 0 0.204271 0 0 0 0 0 0 
Cov(3,j) 0 0 0 0.102122 0 0 0 0 0 
Cov(4,j) 0 0 0 0 7.25995e-10 4.00315e-12 0 0 0 
Cov(5,j) 0 0 0 0 4.00315e-12 7.34977e-10 0 0 0 
Cov(6,j) 0 0 0 0 0 0 3.59531e-07 0 0 
Cov(7,j) 0 0 0 0 0 0 0 4.18607e-07 0 
Cov(8,j) 0 0 0 0 0 0 0 0 0.00409681 
EmittanceX 0
EmittanceY 0
BetaStar 0
