Runnumber 353060
BeginTimeOfFit 2022.06.05 06:17:11 GMT 1654409831
EndTimeOfFit 2022.06.05 06:17:34 GMT 1654409854
LumiRange 251 - 251
Type 2
X0 0.168142
Y0 -0.179333
Z0 0.722057
sigmaZ0 7.42009
dxdz 0.000135168
dydz 0.000148995
BeamWidthX 0.0142113
BeamWidthY 0.0156421
dxdy -0.0733745
Cov(0,j) 4.54981e-08 -2.24571e-10 0 0 0 0 0 0 0 
Cov(1,j) -2.24571e-10 4.43651e-08 0 0 0 0 0 0 0 
Cov(2,j) 0 0 0.19875 0 0 0 0 0 0 
Cov(3,j) 0 0 0 0.0993625 0 0 0 0 0 
Cov(4,j) 0 0 0 0 8.51335e-10 -6.42969e-12 0 0 0 
Cov(5,j) 0 0 0 0 -6.42969e-12 8.3255e-10 0 0 0 
Cov(6,j) 0 0 0 0 0 0 3.91519e-07 0 0 
Cov(7,j) 0 0 0 0 0 0 0 4.68477e-07 0 
Cov(8,j) 0 0 0 0 0 0 0 0 0.00380223 
EmittanceX 0
EmittanceY 0
BetaStar 0
