Runnumber 353015
BeginTimeOfFit 2022.06.04 05:43:22 GMT 1654321402
EndTimeOfFit 2022.06.04 05:43:46 GMT 1654321426
LumiRange 306 - 306
Type 2
X0 0.174584
Y0 -0.179363
Z0 0.456657
sigmaZ0 7.30411
dxdz 0.000110775
dydz 0.000237313
BeamWidthX 0.0157752
BeamWidthY 0.0161034
dxdy 0.0472196
Cov(0,j) 4.00981e-08 2.2012e-12 0 0 0 0 0 0 0 
Cov(1,j) 2.2012e-12 3.94263e-08 0 0 0 0 0 0 0 
Cov(2,j) 0 0 0.147776 0 0 0 0 0 0 
Cov(3,j) 0 0 0 0.0738809 0 0 0 0 0 
Cov(4,j) 0 0 0 0 7.88418e-10 -6.55692e-12 0 0 0 
Cov(5,j) 0 0 0 0 -6.55692e-12 7.80832e-10 0 0 0 
Cov(6,j) 0 0 0 0 0 0 3.6647e-07 0 0 
Cov(7,j) 0 0 0 0 0 0 0 3.78319e-07 0 
Cov(8,j) 0 0 0 0 0 0 0 0 0.00291634 
EmittanceX 0
EmittanceY 0
BetaStar 0
