Runnumber 353705
BeginTimeOfFit 2022.06.13 10:11:09 GMT 1655115069
EndTimeOfFit 2022.06.13 10:11:32 GMT 1655115092
LumiRange 10 - 10
Type 2
X0 0.172015
Y0 -0.181296
Z0 0.571772
sigmaZ0 6.73706
dxdz 8.97876e-05
dydz 0.000274795
BeamWidthX 0.0146427
BeamWidthY 0.0174529
dxdy 0.0197315
Cov(0,j) 6.28182e-08 2.00089e-10 0 0 0 0 0 0 0 
Cov(1,j) 2.00089e-10 6.18822e-08 0 0 0 0 0 0 0 
Cov(2,j) 0 0 0.21715 0 0 0 0 0 0 
Cov(3,j) 0 0 0 0.108559 0 0 0 0 0 
Cov(4,j) 0 0 0 0 1.22835e-09 1.33348e-12 0 0 0 
Cov(5,j) 0 0 0 0 1.33348e-12 1.21891e-09 0 0 0 
Cov(6,j) 0 0 0 0 0 0 5.49212e-07 0 0 
Cov(7,j) 0 0 0 0 0 0 0 7.64158e-07 0 
Cov(8,j) 0 0 0 0 0 0 0 0 0.00504303 
EmittanceX 0
EmittanceY 0
BetaStar 0
