Runnumber 352567
BeginTimeOfFit 2022.05.29 07:02:22 GMT 1653807742
EndTimeOfFit 2022.05.29 07:02:45 GMT 1653807765
LumiRange 59 - 59
Type 2
X0 0.176612
Y0 -0.181566
Z0 0.473313
sigmaZ0 6.56605
dxdz 0.000110842
dydz 0.000225086
BeamWidthX 0.0147592
BeamWidthY 0.0138228
dxdy -0.00498594
Cov(0,j) 4.19499e-08 6.60139e-10 0 0 0 0 0 0 0 
Cov(1,j) 6.60139e-10 4.1115e-08 0 0 0 0 0 0 0 
Cov(2,j) 0 0 0.150737 0 0 0 0 0 0 
Cov(3,j) 0 0 0 0.07536 0 0 0 0 0 
Cov(4,j) 0 0 0 0 9.45612e-10 7.41439e-12 0 0 0 
Cov(5,j) 0 0 0 0 7.41439e-12 9.026e-10 0 0 0 
Cov(6,j) 0 0 0 0 0 0 4.07334e-07 0 0 
Cov(7,j) 0 0 0 0 0 0 0 3.59899e-07 0 
Cov(8,j) 0 0 0 0 0 0 0 0 0.00374968 
EmittanceX 0
EmittanceY 0
BetaStar 0
