Runnumber 352509
BeginTimeOfFit 2022.05.28 11:43:49 GMT 1653738229
EndTimeOfFit 2022.05.28 11:44:12 GMT 1653738252
LumiRange 173 - 173
Type 2
X0 0.170716
Y0 -0.181956
Z0 -0.181663
sigmaZ0 7.27559
dxdz 0.000240134
dydz 0.000233379
BeamWidthX 0.0174371
BeamWidthY 0.0164499
dxdy 0.122934
Cov(0,j) 8.81237e-08 1.54709e-11 0 0 0 0 0 0 0 
Cov(1,j) 1.54709e-11 8.67507e-08 0 0 0 0 0 0 0 
Cov(2,j) 0 0 0.367549 0 0 0 0 0 0 
Cov(3,j) 0 0 0 0.183731 0 0 0 0 0 
Cov(4,j) 0 0 0 0 1.53047e-09 1.53584e-12 0 0 0 
Cov(5,j) 0 0 0 0 1.53584e-12 1.51549e-09 0 0 0 
Cov(6,j) 0 0 0 0 0 0 1.10582e-06 0 0 
Cov(7,j) 0 0 0 0 0 0 0 9.9487e-07 0 
Cov(8,j) 0 0 0 0 0 0 0 0 0.00704337 
EmittanceX 0
EmittanceY 0
BetaStar 0
