Runnumber 353015
BeginTimeOfFit 2022.06.04 03:54:58 GMT 1654314898
EndTimeOfFit 2022.06.04 03:55:22 GMT 1654314922
LumiRange 27 - 27
Type 2
X0 0.177678
Y0 -0.180004
Z0 -0.354707
sigmaZ0 5.9914
dxdz 0.000111443
dydz 0.000158151
BeamWidthX 0.0145533
BeamWidthY 0.0146883
dxdy 0.00705149
Cov(0,j) 2.40558e-08 -1.11995e-10 0 0 0 0 0 0 0 
Cov(1,j) -1.11995e-10 2.37905e-08 0 0 0 0 0 0 0 
Cov(2,j) 0 0 0.0688984 0 0 0 0 0 0 
Cov(3,j) 0 0 0 0.0344474 0 0 0 0 0 
Cov(4,j) 0 0 0 0 6.43368e-10 -4.18034e-12 0 0 0 
Cov(5,j) 0 0 0 0 -4.18034e-12 6.40994e-10 0 0 0 
Cov(6,j) 0 0 0 0 0 0 2.16665e-07 0 0 
Cov(7,j) 0 0 0 0 0 0 0 2.21189e-07 0 
Cov(8,j) 0 0 0 0 0 0 0 0 0.0020513 
EmittanceX 0
EmittanceY 0
BetaStar 0
