Runnumber 352931
BeginTimeOfFit 2022.06.03 12:07:15 GMT 1654258035
EndTimeOfFit 2022.06.03 12:07:38 GMT 1654258058
LumiRange 101 - 101
Type 2
X0 0.169294
Y0 -0.180637
Z0 -0.476276
sigmaZ0 7.55812
dxdz 0.000160696
dydz 0.000299555
BeamWidthX 0.0163308
BeamWidthY 0.0171885
dxdy 0.0287335
Cov(0,j) 8.66074e-08 -1.47606e-09 0 0 0 0 0 0 0 
Cov(1,j) -1.47606e-09 8.5741e-08 0 0 0 0 0 0 0 
Cov(2,j) 0 0 0.335989 0 0 0 0 0 0 
Cov(3,j) 0 0 0 0.167959 0 0 0 0 0 
Cov(4,j) 0 0 0 0 1.52772e-09 -1.51812e-11 0 0 0 
Cov(5,j) 0 0 0 0 -1.51812e-11 1.46766e-09 0 0 0 
Cov(6,j) 0 0 0 0 0 0 8.29181e-07 0 0 
Cov(7,j) 0 0 0 0 0 0 0 9.14666e-07 0 
Cov(8,j) 0 0 0 0 0 0 0 0 0.00616661 
EmittanceX 0
EmittanceY 0
BetaStar 0
