Runnumber 353689
BeginTimeOfFit 2022.06.13 08:38:12 GMT 1655109492
EndTimeOfFit 2022.06.13 08:38:36 GMT 1655109516
LumiRange 107 - 107
Type 2
X0 0.171582
Y0 -0.181555
Z0 0.981149
sigmaZ0 6.16677
dxdz 0.000147406
dydz 0.000239905
BeamWidthX 0.0151091
BeamWidthY 0.0143382
dxdy -0.0425314
Cov(0,j) 4.0677e-08 -1.13819e-10 0 0 0 0 0 0 0 
Cov(1,j) -1.13819e-10 4.01335e-08 0 0 0 0 0 0 0 
Cov(2,j) 0 0 0.131582 0 0 0 0 0 0 
Cov(3,j) 0 0 0 0.0657848 0 0 0 0 0 
Cov(4,j) 0 0 0 0 9.68994e-10 3.66326e-12 0 0 0 
Cov(5,j) 0 0 0 0 3.66326e-12 9.76808e-10 0 0 0 
Cov(6,j) 0 0 0 0 0 0 4.19287e-07 0 0 
Cov(7,j) 0 0 0 0 0 0 0 3.80766e-07 0 
Cov(8,j) 0 0 0 0 0 0 0 0 0.00367144 
EmittanceX 0
EmittanceY 0
BetaStar 0
