Runnumber 353689
BeginTimeOfFit 2022.06.13 09:05:24 GMT 1655111124
EndTimeOfFit 2022.06.13 09:05:47 GMT 1655111147
LumiRange 177 - 177
Type 2
X0 0.171915
Y0 -0.180885
Z0 1.40306
sigmaZ0 6.44532
dxdz 0.000262391
dydz 0.000190058
BeamWidthX 0.0150923
BeamWidthY 0.0153982
dxdy -0.0544802
Cov(0,j) 6.49029e-08 3.62065e-12 0 0 0 0 0 0 0 
Cov(1,j) 3.62065e-12 6.51252e-08 0 0 0 0 0 0 0 
Cov(2,j) 0 0 0.211933 0 0 0 0 0 0 
Cov(3,j) 0 0 0 0.10595 0 0 0 0 0 
Cov(4,j) 0 0 0 0 1.44406e-09 1.01272e-11 0 0 0 
Cov(5,j) 0 0 0 0 1.01272e-11 1.45579e-09 0 0 0 
Cov(6,j) 0 0 0 0 0 0 6.15994e-07 0 0 
Cov(7,j) 0 0 0 0 0 0 0 6.41226e-07 0 
Cov(8,j) 0 0 0 0 0 0 0 0 0.00537609 
EmittanceX 0
EmittanceY 0
BetaStar 0
