Runnumber 353060
BeginTimeOfFit 2022.06.05 06:14:28 GMT 1654409668
EndTimeOfFit 2022.06.05 06:14:51 GMT 1654409691
LumiRange 244 - 244
Type 2
X0 0.167481
Y0 -0.179792
Z0 0.231798
sigmaZ0 7.25291
dxdz 0.000185931
dydz 0.00017966
BeamWidthX 0.0150242
BeamWidthY 0.0145545
dxdy 0.0611392
Cov(0,j) 4.36785e-08 -1.23947e-10 0 0 0 0 0 0 0 
Cov(1,j) -1.23947e-10 4.30119e-08 0 0 0 0 0 0 0 
Cov(2,j) 0 0 0.177707 0 0 0 0 0 0 
Cov(3,j) 0 0 0 0.0888427 0 0 0 0 0 
Cov(4,j) 0 0 0 0 8.14225e-10 -1.33701e-11 0 0 0 
Cov(5,j) 0 0 0 0 -1.33701e-11 7.90744e-10 0 0 0 
Cov(6,j) 0 0 0 0 0 0 4.05378e-07 0 0 
Cov(7,j) 0 0 0 0 0 0 0 3.83376e-07 0 
Cov(8,j) 0 0 0 0 0 0 0 0 0.00357823 
EmittanceX 0
EmittanceY 0
BetaStar 0
