Runnumber 353689
BeginTimeOfFit 2022.06.13 09:10:04 GMT 1655111404
EndTimeOfFit 2022.06.13 09:10:27 GMT 1655111427
LumiRange 189 - 189
Type 2
X0 0.171698
Y0 -0.180565
Z0 0.48961
sigmaZ0 6.3181
dxdz 0.000182079
dydz 0.000197829
BeamWidthX 0.0155582
BeamWidthY 0.0163582
dxdy 0.0775881
Cov(0,j) 7.27454e-08 -3.56156e-10 0 0 0 0 0 0 0 
Cov(1,j) -3.56156e-10 7.12971e-08 0 0 0 0 0 0 0 
Cov(2,j) 0 0 0.204695 0 0 0 0 0 0 
Cov(3,j) 0 0 0 0.102332 0 0 0 0 0 
Cov(4,j) 0 0 0 0 1.57557e-09 -9.28501e-12 0 0 0 
Cov(5,j) 0 0 0 0 -9.28501e-12 1.58048e-09 0 0 0 
Cov(6,j) 0 0 0 0 0 0 6.59684e-07 0 0 
Cov(7,j) 0 0 0 0 0 0 0 7.23905e-07 0 
Cov(8,j) 0 0 0 0 0 0 0 0 0.00532094 
EmittanceX 0
EmittanceY 0
BetaStar 0
