Runnumber 352567
BeginTimeOfFit 2022.05.29 06:57:19 GMT 1653807439
EndTimeOfFit 2022.05.29 06:57:42 GMT 1653807462
LumiRange 46 - 46
Type 2
X0 0.176637
Y0 -0.181306
Z0 -0.671407
sigmaZ0 6.98332
dxdz 0.000173013
dydz 0.000199629
BeamWidthX 0.0139659
BeamWidthY 0.0140933
dxdy -0.0114845
Cov(0,j) 3.8931e-08 2.30258e-10 0 0 0 0 0 0 0 
Cov(1,j) 2.30258e-10 3.84839e-08 0 0 0 0 0 0 0 
Cov(2,j) 0 0 0.169909 0 0 0 0 0 0 
Cov(3,j) 0 0 0 0.0849439 0 0 0 0 0 
Cov(4,j) 0 0 0 0 8.24594e-10 -1.05334e-11 0 0 0 
Cov(5,j) 0 0 0 0 -1.05334e-11 8.17196e-10 0 0 0 
Cov(6,j) 0 0 0 0 0 0 3.68322e-07 0 0 
Cov(7,j) 0 0 0 0 0 0 0 3.72333e-07 0 
Cov(8,j) 0 0 0 0 0 0 0 0 0.00372765 
EmittanceX 0
EmittanceY 0
BetaStar 0
