Runnumber 353087
BeginTimeOfFit 2022.06.05 15:07:56 GMT 1654441676
EndTimeOfFit 2022.06.05 15:08:19 GMT 1654441699
LumiRange 49 - 49
Type 2
X0 0.172738
Y0 -0.180724
Z0 0.103467
sigmaZ0 6.67371
dxdz 0.00013364
dydz 0.00022022
BeamWidthX 0.0133384
BeamWidthY 0.0143904
dxdy 0.0491168
Cov(0,j) 3.05294e-08 -1.39401e-10 0 0 0 0 0 0 0 
Cov(1,j) -1.39401e-10 3.01622e-08 0 0 0 0 0 0 0 
Cov(2,j) 0 0 0.125102 0 0 0 0 0 0 
Cov(3,j) 0 0 0 0.0625456 0 0 0 0 0 
Cov(4,j) 0 0 0 0 6.41611e-10 -3.88694e-12 0 0 0 
Cov(5,j) 0 0 0 0 -3.88694e-12 6.37028e-10 0 0 0 
Cov(6,j) 0 0 0 0 0 0 2.70174e-07 0 0 
Cov(7,j) 0 0 0 0 0 0 0 3.12893e-07 0 
Cov(8,j) 0 0 0 0 0 0 0 0 0.00301716 
EmittanceX 0
EmittanceY 0
BetaStar 0
