Runnumber 353018
BeginTimeOfFit 2022.06.04 09:06:34 GMT 1654333594
EndTimeOfFit 2022.06.04 09:06:58 GMT 1654333618
LumiRange 419 - 419
Type 2
X0 0.174775
Y0 -0.180826
Z0 0.249107
sigmaZ0 7.51482
dxdz 0.000141276
dydz 0.000258354
BeamWidthX 0.0152779
BeamWidthY 0.0151892
dxdy -0.0506773
Cov(0,j) 4.65051e-08 -1.854e-10 0 0 0 0 0 0 0 
Cov(1,j) -1.854e-10 4.60225e-08 0 0 0 0 0 0 0 
Cov(2,j) 0 0 0.200243 0 0 0 0 0 0 
Cov(3,j) 0 0 0 0.100108 0 0 0 0 0 
Cov(4,j) 0 0 0 0 8.52882e-10 7.27778e-12 0 0 0 
Cov(5,j) 0 0 0 0 7.27778e-12 8.47125e-10 0 0 0 
Cov(6,j) 0 0 0 0 0 0 4.4105e-07 0 0 
Cov(7,j) 0 0 0 0 0 0 0 4.35346e-07 0 
Cov(8,j) 0 0 0 0 0 0 0 0 0.00374221 
EmittanceX 0
EmittanceY 0
BetaStar 0
