Runnumber 352425
BeginTimeOfFit 2022.05.27 12:07:09 GMT 1653653229
EndTimeOfFit 2022.05.27 12:07:32 GMT 1653653252
LumiRange 434 - 434
Type 2
X0 0.169369
Y0 -0.182139
Z0 0.0321236
sigmaZ0 7.07428
dxdz 0.000302952
dydz 0.000150687
BeamWidthX 0.0166714
BeamWidthY 0.0182897
dxdy 0.111966
Cov(0,j) 1.51524e-07 1.40488e-09 0 0 0 0 0 0 0 
Cov(1,j) 1.40488e-09 1.51286e-07 0 0 0 0 0 0 0 
Cov(2,j) 0 0 0.454882 0 0 0 0 0 0 
Cov(3,j) 0 0 0 0.227375 0 0 0 0 0 
Cov(4,j) 0 0 0 0 2.75402e-09 6.91853e-11 0 0 0 
Cov(5,j) 0 0 0 0 6.91853e-11 2.8563e-09 0 0 0 
Cov(6,j) 0 0 0 0 0 0 1.34152e-06 0 0 
Cov(7,j) 0 0 0 0 0 0 0 1.58326e-06 0 
Cov(8,j) 0 0 0 0 0 0 0 0 0.00926995 
EmittanceX 0
EmittanceY 0
BetaStar 0
