Runnumber 352493
BeginTimeOfFit 2022.05.28 07:39:47 GMT 1653723587
EndTimeOfFit 2022.05.28 07:40:10 GMT 1653723610
LumiRange 212 - 212
Type 2
X0 0.170393
Y0 -0.181986
Z0 0.109031
sigmaZ0 6.82394
dxdz 0.000199218
dydz 0.000211981
BeamWidthX 0.0149036
BeamWidthY 0.0144925
dxdy 0.145305
Cov(0,j) 4.06223e-08 -5.77506e-11 0 0 0 0 0 0 0 
Cov(1,j) -5.77506e-11 3.85737e-08 0 0 0 0 0 0 0 
Cov(2,j) 0 0 0.140676 0 0 0 0 0 0 
Cov(3,j) 0 0 0 0.0703308 0 0 0 0 0 
Cov(4,j) 0 0 0 0 8.81185e-10 -1.60833e-12 0 0 0 
Cov(5,j) 0 0 0 0 -1.60833e-12 8.30691e-10 0 0 0 
Cov(6,j) 0 0 0 0 0 0 3.57264e-07 0 0 
Cov(7,j) 0 0 0 0 0 0 0 3.36566e-07 0 
Cov(8,j) 0 0 0 0 0 0 0 0 0.00308326 
EmittanceX 0
EmittanceY 0
BetaStar 0
