Runnumber 352417
BeginTimeOfFit 2022.05.27 08:24:17 GMT 1653639857
EndTimeOfFit 2022.05.27 08:24:40 GMT 1653639880
LumiRange 71 - 71
Type 2
X0 0.169304
Y0 -0.181926
Z0 -0.0636837
sigmaZ0 6.39125
dxdz 0.000105726
dydz 0.000218948
BeamWidthX 0.0123064
BeamWidthY 0.0143722
dxdy -0.00232686
Cov(0,j) 6.01116e-08 2.81919e-11 0 0 0 0 0 0 0 
Cov(1,j) 2.81919e-11 6.02159e-08 0 0 0 0 0 0 0 
Cov(2,j) 0 0 0.265222 0 0 0 0 0 0 
Cov(3,j) 0 0 0 0.132585 0 0 0 0 0 
Cov(4,j) 0 0 0 0 1.38169e-09 -1.56161e-11 0 0 0 
Cov(5,j) 0 0 0 0 -1.56161e-11 1.39728e-09 0 0 0 
Cov(6,j) 0 0 0 0 0 0 5.33746e-07 0 0 
Cov(7,j) 0 0 0 0 0 0 0 7.18723e-07 0 
Cov(8,j) 0 0 0 0 0 0 0 0 0.00699806 
EmittanceX 0
EmittanceY 0
BetaStar 0
