Runnumber 353018
BeginTimeOfFit 2022.06.04 07:38:46 GMT 1654328326
EndTimeOfFit 2022.06.04 07:39:09 GMT 1654328349
LumiRange 193 - 193
Type 2
X0 0.175482
Y0 -0.198056
Z0 0.101611
sigmaZ0 6.36889
dxdz 0.000151152
dydz 0.000146486
BeamWidthX 0.0148405
BeamWidthY 0.0150029
dxdy -0.00492499
Cov(0,j) 6.32238e-08 -8.99607e-10 0 0 0 0 0 0 0 
Cov(1,j) -8.99607e-10 6.08823e-08 0 0 0 0 0 0 0 
Cov(2,j) 0 0 0.24287 0 0 0 0 0 0 
Cov(3,j) 0 0 0 0.121415 0 0 0 0 0 
Cov(4,j) 0 0 0 0 1.4005e-09 -3.15199e-11 0 0 0 
Cov(5,j) 0 0 0 0 -3.15199e-11 1.28332e-09 0 0 0 
Cov(6,j) 0 0 0 0 0 0 7.06104e-07 0 0 
Cov(7,j) 0 0 0 0 0 0 0 7.19731e-07 0 
Cov(8,j) 0 0 0 0 0 0 0 0 0.00637922 
EmittanceX 0
EmittanceY 0
BetaStar 0
