Runnumber 352499
BeginTimeOfFit 2022.05.28 08:26:33 GMT 1653726393
EndTimeOfFit 2022.05.28 08:26:57 GMT 1653726417
LumiRange 13 - 13
Type 2
X0 0.169105
Y0 -0.182454
Z0 -0.114252
sigmaZ0 7.07613
dxdz 3.47964e-05
dydz 0.000175969
BeamWidthX 0.0157702
BeamWidthY 0.0145493
dxdy 0.0426985
Cov(0,j) 4.81118e-08 6.61706e-10 0 0 0 0 0 0 0 
Cov(1,j) 6.61706e-10 4.78974e-08 0 0 0 0 0 0 0 
Cov(2,j) 0 0 0.187521 0 0 0 0 0 0 
Cov(3,j) 0 0 0 0.0937473 0 0 0 0 0 
Cov(4,j) 0 0 0 0 9.27167e-10 4.9964e-12 0 0 0 
Cov(5,j) 0 0 0 0 4.9964e-12 9.17685e-10 0 0 0 
Cov(6,j) 0 0 0 0 0 0 4.93477e-07 0 0 
Cov(7,j) 0 0 0 0 0 0 0 4.25148e-07 0 
Cov(8,j) 0 0 0 0 0 0 0 0 0.00397769 
EmittanceX 0
EmittanceY 0
BetaStar 0
