Runnumber 352417
BeginTimeOfFit 2022.05.27 08:45:16 GMT 1653641116
EndTimeOfFit 2022.05.27 08:45:39 GMT 1653641139
LumiRange 125 - 125
Type 2
X0 0.168871
Y0 -0.183179
Z0 0.664547
sigmaZ0 6.93436
dxdz 0.000138385
dydz 0.000159481
BeamWidthX 0.0140159
BeamWidthY 0.0150335
dxdy -0.0360467
Cov(0,j) 7.20537e-08 8.05071e-10 0 0 0 0 0 0 0 
Cov(1,j) 8.05071e-10 7.03139e-08 0 0 0 0 0 0 0 
Cov(2,j) 0 0 0.259896 0 0 0 0 0 0 
Cov(3,j) 0 0 0 0.129925 0 0 0 0 0 
Cov(4,j) 0 0 0 0 1.5342e-09 1.53005e-11 0 0 0 
Cov(5,j) 0 0 0 0 1.53005e-11 1.53104e-09 0 0 0 
Cov(6,j) 0 0 0 0 0 0 5.80316e-07 0 0 
Cov(7,j) 0 0 0 0 0 0 0 6.53484e-07 0 
Cov(8,j) 0 0 0 0 0 0 0 0 0.00582255 
EmittanceX 0
EmittanceY 0
BetaStar 0
