Runnumber 352425
BeginTimeOfFit 2022.05.27 10:14:05 GMT 1653646445
EndTimeOfFit 2022.05.27 10:14:29 GMT 1653646469
LumiRange 143 - 143
Type 2
X0 0.169567
Y0 -0.182404
Z0 0.13311
sigmaZ0 6.56467
dxdz 0.000363471
dydz 0.000116137
BeamWidthX 0.0152468
BeamWidthY 0.0143494
dxdy 0.179069
Cov(0,j) 9.40774e-08 -8.74933e-10 0 0 0 0 0 0 0 
Cov(1,j) -8.74933e-10 9.42968e-08 0 0 0 0 0 0 0 
Cov(2,j) 0 0 0.359077 0 0 0 0 0 0 
Cov(3,j) 0 0 0 0.179422 0 0 0 0 0 
Cov(4,j) 0 0 0 0 1.87061e-09 -1.76376e-11 0 0 0 
Cov(5,j) 0 0 0 0 -1.76376e-11 1.76911e-09 0 0 0 
Cov(6,j) 0 0 0 0 0 0 1.02533e-06 0 0 
Cov(7,j) 0 0 0 0 0 0 0 9.15763e-07 0 
Cov(8,j) 0 0 0 0 0 0 0 0 0.00829293 
EmittanceX 0
EmittanceY 0
BetaStar 0
