Runnumber 353689
BeginTimeOfFit 2022.06.13 08:50:38 GMT 1655110238
EndTimeOfFit 2022.06.13 08:51:01 GMT 1655110261
LumiRange 139 - 139
Type 2
X0 0.171429
Y0 -0.181531
Z0 1.21105
sigmaZ0 6.27927
dxdz 0.000101613
dydz 0.000186247
BeamWidthX 0.0145631
BeamWidthY 0.0142922
dxdy -0.038912
Cov(0,j) 4.00885e-08 -4.00768e-10 0 0 0 0 0 0 0 
Cov(1,j) -4.00768e-10 3.90601e-08 0 0 0 0 0 0 0 
Cov(2,j) 0 0 0.123986 0 0 0 0 0 0 
Cov(3,j) 0 0 0 0.061987 0 0 0 0 0 
Cov(4,j) 0 0 0 0 9.30107e-10 -9.48804e-12 0 0 0 
Cov(5,j) 0 0 0 0 -9.48804e-12 9.34453e-10 0 0 0 
Cov(6,j) 0 0 0 0 0 0 3.57305e-07 0 0 
Cov(7,j) 0 0 0 0 0 0 0 3.42449e-07 0 
Cov(8,j) 0 0 0 0 0 0 0 0 0.00334405 
EmittanceX 0
EmittanceY 0
BetaStar 0
