Runnumber 352505
BeginTimeOfFit 2022.05.28 09:30:40 GMT 1653730240
EndTimeOfFit 2022.05.28 09:31:03 GMT 1653730263
LumiRange 27 - 27
Type 2
X0 0.169553
Y0 -0.181487
Z0 -0.584698
sigmaZ0 7.09572
dxdz 0.000156984
dydz 0.00016826
BeamWidthX 0.0155057
BeamWidthY 0.0160497
dxdy 0.0491137
Cov(0,j) 6.26494e-08 4.39736e-10 0 0 0 0 0 0 0 
Cov(1,j) 4.39736e-10 6.15497e-08 0 0 0 0 0 0 0 
Cov(2,j) 0 0 0.21065 0 0 0 0 0 0 
Cov(3,j) 0 0 0 0.105311 0 0 0 0 0 
Cov(4,j) 0 0 0 0 1.12532e-09 -4.42317e-12 0 0 0 
Cov(5,j) 0 0 0 0 -4.42317e-12 1.13001e-09 0 0 0 
Cov(6,j) 0 0 0 0 0 0 5.32178e-07 0 0 
Cov(7,j) 0 0 0 0 0 0 0 5.69802e-07 0 
Cov(8,j) 0 0 0 0 0 0 0 0 0.00440612 
EmittanceX 0
EmittanceY 0
BetaStar 0
