Runnumber 352503
BeginTimeOfFit 2022.05.28 09:12:54 GMT 1653729174
EndTimeOfFit 2022.05.28 09:13:17 GMT 1653729197
LumiRange 31 - 31
Type 2
X0 0.17036
Y0 -0.181351
Z0 -0.36743
sigmaZ0 6.84458
dxdz 0.000119042
dydz 0.000208592
BeamWidthX 0.0166772
BeamWidthY 0.0164769
dxdy 0.00417201
Cov(0,j) 6.3296e-08 1.8158e-09 0 0 0 0 0 0 0 
Cov(1,j) 1.8158e-09 6.27515e-08 0 0 0 0 0 0 0 
Cov(2,j) 0 0 0.207277 0 0 0 0 0 0 
Cov(3,j) 0 0 0 0.103624 0 0 0 0 0 
Cov(4,j) 0 0 0 0 1.21598e-09 3.70372e-11 0 0 0 
Cov(5,j) 0 0 0 0 3.70372e-11 1.1972e-09 0 0 0 
Cov(6,j) 0 0 0 0 0 0 6.48096e-07 0 0 
Cov(7,j) 0 0 0 0 0 0 0 6.32964e-07 0 
Cov(8,j) 0 0 0 0 0 0 0 0 0.00465567 
EmittanceX 0
EmittanceY 0
BetaStar 0
