Runnumber 353060
BeginTimeOfFit 2022.06.05 05:31:43 GMT 1654407103
EndTimeOfFit 2022.06.05 05:32:07 GMT 1654407127
LumiRange 134 - 134
Type 2
X0 0.169026
Y0 -0.180217
Z0 -0.6109
sigmaZ0 7.11084
dxdz 0.000169848
dydz 0.000189494
BeamWidthX 0.0132099
BeamWidthY 0.0138473
dxdy 0.0746294
Cov(0,j) 3.29081e-08 -1.10116e-10 0 0 0 0 0 0 0 
Cov(1,j) -1.10116e-10 3.1972e-08 0 0 0 0 0 0 0 
Cov(2,j) 0 0 0.15048 0 0 0 0 0 0 
Cov(3,j) 0 0 0 0.0752325 0 0 0 0 0 
Cov(4,j) 0 0 0 0 6.43947e-10 -1.19418e-11 0 0 0 
Cov(5,j) 0 0 0 0 -1.19418e-11 6.30464e-10 0 0 0 
Cov(6,j) 0 0 0 0 0 0 2.81178e-07 0 0 
Cov(7,j) 0 0 0 0 0 0 0 3.06371e-07 0 
Cov(8,j) 0 0 0 0 0 0 0 0 0.00316165 
EmittanceX 0
EmittanceY 0
BetaStar 0
