Runnumber 353018
BeginTimeOfFit 2022.06.04 09:03:28 GMT 1654333408
EndTimeOfFit 2022.06.04 09:03:51 GMT 1654333431
LumiRange 411 - 411
Type 2
X0 0.175029
Y0 -0.25785
Z0 -1.25326
sigmaZ0 6.62916
dxdz 0.000148969
dydz 0.000166882
BeamWidthX 0.0148234
BeamWidthY 0.0145721
dxdy -0.115261
Cov(0,j) 4.34794e-08 -3.06842e-10 0 0 0 0 0 0 0 
Cov(1,j) -3.06842e-10 4.33814e-08 0 0 0 0 0 0 0 
Cov(2,j) 0 0 0.256969 0 0 0 0 0 0 
Cov(3,j) 0 0 0 0.128462 0 0 0 0 0 
Cov(4,j) 0 0 0 0 8.41226e-10 -5.14405e-12 0 0 0 
Cov(5,j) 0 0 0 0 -5.14405e-12 8.65009e-10 0 0 0 
Cov(6,j) 0 0 0 0 0 0 6.87265e-07 0 0 
Cov(7,j) 0 0 0 0 0 0 0 6.65572e-07 0 
Cov(8,j) 0 0 0 0 0 0 0 0 0.00610641 
EmittanceX 0
EmittanceY 0
BetaStar 0
