Runnumber 353060
BeginTimeOfFit 2022.06.05 12:07:14 GMT 1654430834
EndTimeOfFit 2022.06.05 12:07:37 GMT 1654430857
LumiRange 1152 - 1152
Type 2
X0 0.165874
Y0 -0.180874
Z0 0.743936
sigmaZ0 7.47782
dxdz 7.7755e-05
dydz 0.000359264
BeamWidthX 0.0166478
BeamWidthY 0.0162247
dxdy -0.0424517
Cov(0,j) 1.56245e-07 1.45825e-09 0 0 0 0 0 0 0 
Cov(1,j) 1.45825e-09 1.49706e-07 0 0 0 0 0 0 0 
Cov(2,j) 0 0 0.607666 0 0 0 0 0 0 
Cov(3,j) 0 0 0 0.303732 0 0 0 0 0 
Cov(4,j) 0 0 0 0 2.712e-09 2.78872e-11 0 0 0 
Cov(5,j) 0 0 0 0 2.78872e-11 2.56594e-09 0 0 0 
Cov(6,j) 0 0 0 0 0 0 1.58573e-06 0 0 
Cov(7,j) 0 0 0 0 0 0 0 1.51884e-06 0 
Cov(8,j) 0 0 0 0 0 0 0 0 0.0113664 
EmittanceX 0
EmittanceY 0
BetaStar 0
