Runnumber 353087
BeginTimeOfFit 2022.06.05 15:20:45 GMT 1654442445
EndTimeOfFit 2022.06.05 15:21:08 GMT 1654442468
LumiRange 82 - 82
Type 2
X0 0.173149
Y0 -0.181604
Z0 -0.477129
sigmaZ0 6.75808
dxdz 0.000115156
dydz 0.000202244
BeamWidthX 0.0141748
BeamWidthY 0.0140586
dxdy -0.00375287
Cov(0,j) 3.26912e-08 -5.35534e-10 0 0 0 0 0 0 0 
Cov(1,j) -5.35534e-10 3.2514e-08 0 0 0 0 0 0 0 
Cov(2,j) 0 0 0.127569 0 0 0 0 0 0 
Cov(3,j) 0 0 0 0.0637789 0 0 0 0 0 
Cov(4,j) 0 0 0 0 6.77019e-10 -1.97039e-11 0 0 0 
Cov(5,j) 0 0 0 0 -1.97039e-11 6.84338e-10 0 0 0 
Cov(6,j) 0 0 0 0 0 0 3.00198e-07 0 0 
Cov(7,j) 0 0 0 0 0 0 0 2.94382e-07 0 
Cov(8,j) 0 0 0 0 0 0 0 0 0.00297689 
EmittanceX 0
EmittanceY 0
BetaStar 0
