Runnumber 353689
BeginTimeOfFit 2022.06.13 08:37:26 GMT 1655109446
EndTimeOfFit 2022.06.13 08:37:49 GMT 1655109469
LumiRange 105 - 105
Type 2
X0 0.172372
Y0 -0.182286
Z0 1.30146
sigmaZ0 5.55512
dxdz 0.000140363
dydz 0.000164964
BeamWidthX 0.014546
BeamWidthY 0.0155334
dxdy -0.0160341
Cov(0,j) 5.74878e-08 -2.47175e-10 0 0 0 0 0 0 0 
Cov(1,j) -2.47175e-10 5.77529e-08 0 0 0 0 0 0 0 
Cov(2,j) 0 0 0.142202 0 0 0 0 0 0 
Cov(3,j) 0 0 0 0.0710939 0 0 0 0 0 
Cov(4,j) 0 0 0 0 1.43198e-09 -2.49889e-11 0 0 0 
Cov(5,j) 0 0 0 0 -2.49889e-11 1.40447e-09 0 0 0 
Cov(6,j) 0 0 0 0 0 0 5.2088e-07 0 0 
Cov(7,j) 0 0 0 0 0 0 0 5.89151e-07 0 
Cov(8,j) 0 0 0 0 0 0 0 0 0.00488285 
EmittanceX 0
EmittanceY 0
BetaStar 0
