Runnumber 352568
BeginTimeOfFit 2022.05.29 11:37:04 GMT 1653824224
EndTimeOfFit 2022.05.29 11:37:27 GMT 1653824247
LumiRange 638 - 638
Type 2
X0 0.176835
Y0 -0.181392
Z0 0.593501
sigmaZ0 6.88516
dxdz 0.000138557
dydz 0.000212633
BeamWidthX 0.0148737
BeamWidthY 0.0157575
dxdy 0.032879
Cov(0,j) 8.18409e-08 9.54403e-10 0 0 0 0 0 0 0 
Cov(1,j) 9.54403e-10 8.22961e-08 0 0 0 0 0 0 0 
Cov(2,j) 0 0 0.309804 0 0 0 0 0 0 
Cov(3,j) 0 0 0 0.15487 0 0 0 0 0 
Cov(4,j) 0 0 0 0 1.7262e-09 4.63545e-11 0 0 0 
Cov(5,j) 0 0 0 0 4.63545e-11 1.76285e-09 0 0 0 
Cov(6,j) 0 0 0 0 0 0 7.72049e-07 0 0 
Cov(7,j) 0 0 0 0 0 0 0 8.57169e-07 0 
Cov(8,j) 0 0 0 0 0 0 0 0 0.006936 
EmittanceX 0
EmittanceY 0
BetaStar 0
