Runnumber 353060
BeginTimeOfFit 2022.06.05 12:10:44 GMT 1654431044
EndTimeOfFit 2022.06.05 12:11:07 GMT 1654431067
LumiRange 1161 - 1161
Type 2
X0 0.164284
Y0 -0.180242
Z0 -1.49223
sigmaZ0 7.53452
dxdz 0.000222157
dydz 0.000141317
BeamWidthX 0.018505
BeamWidthY 0.0158141
dxdy 0.0396105
Cov(0,j) 5.0805e-07 -7.07879e-09 0 0 0 0 0 0 0 
Cov(1,j) -7.07879e-09 5.07721e-07 0 0 0 0 0 0 0 
Cov(2,j) 0 0 1.95614 0 0 0 0 0 0 
Cov(3,j) 0 0 0 0.976817 0 0 0 0 0 
Cov(4,j) 0 0 0 0 1.05564e-08 -2.86236e-10 0 0 0 
Cov(5,j) 0 0 0 0 -2.86236e-10 9.83074e-09 0 0 0 
Cov(6,j) 0 0 0 0 0 0 6.20127e-06 0 0 
Cov(7,j) 0 0 0 0 0 0 0 4.52483e-06 0 
Cov(8,j) 0 0 0 0 0 0 0 0 0.0356161 
EmittanceX 0
EmittanceY 0
BetaStar 0
