Runnumber 352568
BeginTimeOfFit 2022.05.29 08:22:25 GMT 1653812545
EndTimeOfFit 2022.05.29 08:22:48 GMT 1653812568
LumiRange 137 - 137
Type 2
X0 0.17622
Y0 -0.181244
Z0 0.603397
sigmaZ0 7.43296
dxdz 1.70754e-06
dydz 0.000147875
BeamWidthX 0.0143287
BeamWidthY 0.0150413
dxdy -0.132847
Cov(0,j) 5.75072e-08 3.95054e-10 0 0 0 0 0 0 0 
Cov(1,j) 3.95054e-10 5.8713e-08 0 0 0 0 0 0 0 
Cov(2,j) 0 0 0.273482 0 0 0 0 0 0 
Cov(3,j) 0 0 0 0.136716 0 0 0 0 0 
Cov(4,j) 0 0 0 0 1.06809e-09 4.69258e-12 0 0 0 
Cov(5,j) 0 0 0 0 4.69258e-12 1.10468e-09 0 0 0 
Cov(6,j) 0 0 0 0 0 0 5.41152e-07 0 0 
Cov(7,j) 0 0 0 0 0 0 0 5.95126e-07 0 
Cov(8,j) 0 0 0 0 0 0 0 0 0.00510212 
EmittanceX 0
EmittanceY 0
BetaStar 0
