Runnumber 353060
BeginTimeOfFit 2022.06.05 10:58:51 GMT 1654426731
EndTimeOfFit 2022.06.05 10:59:15 GMT 1654426755
LumiRange 976 - 976
Type 2
X0 0.167702
Y0 -0.180328
Z0 0.670678
sigmaZ0 6.76509
dxdz 0.000154673
dydz 0.000281057
BeamWidthX 0.0173733
BeamWidthY 0.0172275
dxdy 0.0334028
Cov(0,j) 1.34391e-07 8.29168e-10 0 0 0 0 0 0 0 
Cov(1,j) 8.29168e-10 1.35942e-07 0 0 0 0 0 0 0 
Cov(2,j) 0 0 0.408568 0 0 0 0 0 0 
Cov(3,j) 0 0 0 0.204237 0 0 0 0 0 
Cov(4,j) 0 0 0 0 2.43095e-09 -1.69885e-11 0 0 0 
Cov(5,j) 0 0 0 0 -1.69885e-11 2.4397e-09 0 0 0 
Cov(6,j) 0 0 0 0 0 0 1.41458e-06 0 0 
Cov(7,j) 0 0 0 0 0 0 0 1.39009e-06 0 
Cov(8,j) 0 0 0 0 0 0 0 0 0.00932458 
EmittanceX 0
EmittanceY 0
BetaStar 0
