Runnumber 352908
BeginTimeOfFit 2022.06.03 08:22:11 GMT 1654244531
EndTimeOfFit 2022.06.03 08:22:34 GMT 1654244554
LumiRange 31 - 31
Type 2
X0 0.170099
Y0 -0.181866
Z0 0.901938
sigmaZ0 7.28466
dxdz 0.000108814
dydz 0.000220687
BeamWidthX 0.0137794
BeamWidthY 0.014441
dxdy 0.0706856
Cov(0,j) 3.68399e-08 -5.04692e-11 0 0 0 0 0 0 0 
Cov(1,j) -5.04692e-11 3.55984e-08 0 0 0 0 0 0 0 
Cov(2,j) 0 0 0.163271 0 0 0 0 0 0 
Cov(3,j) 0 0 0 0.0816276 0 0 0 0 0 
Cov(4,j) 0 0 0 0 7.20895e-10 4.27967e-12 0 0 0 
Cov(5,j) 0 0 0 0 4.27967e-12 7.02884e-10 0 0 0 
Cov(6,j) 0 0 0 0 0 0 3.15648e-07 0 0 
Cov(7,j) 0 0 0 0 0 0 0 3.4598e-07 0 
Cov(8,j) 0 0 0 0 0 0 0 0 0.00327664 
EmittanceX 0
EmittanceY 0
BetaStar 0
