Runnumber 352509
BeginTimeOfFit 2022.05.28 11:21:17 GMT 1653736877
EndTimeOfFit 2022.05.28 11:21:40 GMT 1653736900
LumiRange 115 - 115
Type 2
X0 0.171015
Y0 -0.181468
Z0 0.619033
sigmaZ0 7.14396
dxdz 5.96208e-05
dydz 0.000161196
BeamWidthX 0.0155998
BeamWidthY 0.0170097
dxdy -0.0546477
Cov(0,j) 7.89343e-08 1.05877e-09 0 0 0 0 0 0 0 
Cov(1,j) 1.05877e-09 7.87195e-08 0 0 0 0 0 0 0 
Cov(2,j) 0 0 0.288309 0 0 0 0 0 0 
Cov(3,j) 0 0 0 0.144129 0 0 0 0 0 
Cov(4,j) 0 0 0 0 1.37048e-09 2.63829e-11 0 0 0 
Cov(5,j) 0 0 0 0 2.63829e-11 1.3924e-09 0 0 0 
Cov(6,j) 0 0 0 0 0 0 7.29901e-07 0 0 
Cov(7,j) 0 0 0 0 0 0 0 8.6314e-07 0 
Cov(8,j) 0 0 0 0 0 0 0 0 0.00591671 
EmittanceX 0
EmittanceY 0
BetaStar 0
