Runnumber 353087
BeginTimeOfFit 2022.06.05 16:20:35 GMT 1654446035
EndTimeOfFit 2022.06.05 16:20:58 GMT 1654446058
LumiRange 236 - 236
Type 2
X0 0.170849
Y0 -0.180707
Z0 -0.885894
sigmaZ0 7.06784
dxdz 0.000184458
dydz 0.000168659
BeamWidthX 0.0142578
BeamWidthY 0.0147002
dxdy 0.104664
Cov(0,j) 4.40563e-08 -4.75876e-10 0 0 0 0 0 0 0 
Cov(1,j) -4.75876e-10 4.30436e-08 0 0 0 0 0 0 0 
Cov(2,j) 0 0 0.179036 0 0 0 0 0 0 
Cov(3,j) 0 0 0 0.0895068 0 0 0 0 0 
Cov(4,j) 0 0 0 0 7.99746e-10 -9.96342e-12 0 0 0 
Cov(5,j) 0 0 0 0 -9.96342e-12 7.87153e-10 0 0 0 
Cov(6,j) 0 0 0 0 0 0 3.93443e-07 0 0 
Cov(7,j) 0 0 0 0 0 0 0 4.13269e-07 0 
Cov(8,j) 0 0 0 0 0 0 0 0 0.00376726 
EmittanceX 0
EmittanceY 0
BetaStar 0
