Runnumber 353060
BeginTimeOfFit 2022.06.05 05:26:40 GMT 1654406800
EndTimeOfFit 2022.06.05 05:27:04 GMT 1654406824
LumiRange 121 - 121
Type 2
X0 0.168874
Y0 -0.179296
Z0 0.233723
sigmaZ0 6.93895
dxdz 0.000123231
dydz 0.000229338
BeamWidthX 0.0140428
BeamWidthY 0.0147165
dxdy 0.00364948
Cov(0,j) 3.6151e-08 4.3074e-11 0 0 0 0 0 0 0 
Cov(1,j) 4.3074e-11 3.59485e-08 0 0 0 0 0 0 0 
Cov(2,j) 0 0 0.152846 0 0 0 0 0 0 
Cov(3,j) 0 0 0 0.076415 0 0 0 0 0 
Cov(4,j) 0 0 0 0 7.10332e-10 -1.14713e-11 0 0 0 
Cov(5,j) 0 0 0 0 -1.14713e-11 7.05126e-10 0 0 0 
Cov(6,j) 0 0 0 0 0 0 3.35808e-07 0 0 
Cov(7,j) 0 0 0 0 0 0 0 3.65677e-07 0 
Cov(8,j) 0 0 0 0 0 0 0 0 0.00339341 
EmittanceX 0
EmittanceY 0
BetaStar 0
