Runnumber 352931
BeginTimeOfFit 2022.06.03 12:49:36 GMT 1654260576
EndTimeOfFit 2022.06.03 12:49:59 GMT 1654260599
LumiRange 210 - 210
Type 2
X0 0.168058
Y0 -0.179847
Z0 1.36897
sigmaZ0 7.43025
dxdz 0.000132315
dydz 0.000222736
BeamWidthX 0.0146063
BeamWidthY 0.0169846
dxdy -0.0370161
Cov(0,j) 1.25452e-07 1.01575e-09 0 0 0 0 0 0 0 
Cov(1,j) 1.01575e-09 1.25235e-07 0 0 0 0 0 0 0 
Cov(2,j) 0 0 0.61329 0 0 0 0 0 0 
Cov(3,j) 0 0 0 0.306465 0 0 0 0 0 
Cov(4,j) 0 0 0 0 2.13753e-09 -4.25455e-12 0 0 0 
Cov(5,j) 0 0 0 0 -4.25455e-12 2.13173e-09 0 0 0 
Cov(6,j) 0 0 0 0 0 0 1.26833e-06 0 0 
Cov(7,j) 0 0 0 0 0 0 0 1.70514e-06 0 
Cov(8,j) 0 0 0 0 0 0 0 0 0.0117717 
EmittanceX 0
EmittanceY 0
BetaStar 0
