Runnumber 352903
BeginTimeOfFit 2022.06.03 07:29:16 GMT 1654241356
EndTimeOfFit 2022.06.03 07:29:39 GMT 1654241379
LumiRange 43 - 43
Type 2
X0 0.170324
Y0 -0.181661
Z0 0.189477
sigmaZ0 6.88373
dxdz 0.00013672
dydz 0.000234461
BeamWidthX 0.0136167
BeamWidthY 0.0141524
dxdy 0.0547188
Cov(0,j) 3.06371e-08 -2.19516e-10 0 0 0 0 0 0 0 
Cov(1,j) -2.19516e-10 2.97464e-08 0 0 0 0 0 0 0 
Cov(2,j) 0 0 0.131621 0 0 0 0 0 0 
Cov(3,j) 0 0 0 0.0658032 0 0 0 0 0 
Cov(4,j) 0 0 0 0 7.39487e-10 -1.44653e-11 0 0 0 
Cov(5,j) 0 0 0 0 -1.44653e-11 7.27603e-10 0 0 0 
Cov(6,j) 0 0 0 0 0 0 2.7707e-07 0 0 
Cov(7,j) 0 0 0 0 0 0 0 2.98833e-07 0 
Cov(8,j) 0 0 0 0 0 0 0 0 0.0029637 
EmittanceX 0
EmittanceY 0
BetaStar 0
