Runnumber 353015
BeginTimeOfFit 2022.06.04 04:42:46 GMT 1654317766
EndTimeOfFit 2022.06.04 04:43:09 GMT 1654317789
LumiRange 150 - 150
Type 2
X0 0.176111
Y0 -0.178207
Z0 0.0722031
sigmaZ0 6.73701
dxdz 0.000197812
dydz 0.00020257
BeamWidthX 0.014445
BeamWidthY 0.0149918
dxdy 0.00768022
Cov(0,j) 2.89338e-08 -3.58013e-10 0 0 0 0 0 0 0 
Cov(1,j) -3.58013e-10 2.81033e-08 0 0 0 0 0 0 0 
Cov(2,j) 0 0 0.100857 0 0 0 0 0 0 
Cov(3,j) 0 0 0 0.0504251 0 0 0 0 0 
Cov(4,j) 0 0 0 0 6.35144e-10 -1.49516e-11 0 0 0 
Cov(5,j) 0 0 0 0 -1.49516e-11 6.25245e-10 0 0 0 
Cov(6,j) 0 0 0 0 0 0 2.47711e-07 0 0 
Cov(7,j) 0 0 0 0 0 0 0 2.6599e-07 0 
Cov(8,j) 0 0 0 0 0 0 0 0 0.00237301 
EmittanceX 0
EmittanceY 0
BetaStar 0
