Runnumber 352499
BeginTimeOfFit 2022.05.28 08:35:30 GMT 1653726930
EndTimeOfFit 2022.05.28 08:35:53 GMT 1653726953
LumiRange 36 - 36
Type 2
X0 0.169982
Y0 -0.1815
Z0 -0.0714806
sigmaZ0 6.83789
dxdz 0.000147911
dydz 0.000231016
BeamWidthX 0.0158605
BeamWidthY 0.0158803
dxdy 0.0199642
Cov(0,j) 5.39464e-08 5.20345e-10 0 0 0 0 0 0 0 
Cov(1,j) 5.20345e-10 5.20258e-08 0 0 0 0 0 0 0 
Cov(2,j) 0 0 0.165794 0 0 0 0 0 0 
Cov(3,j) 0 0 0 0.0828871 0 0 0 0 0 
Cov(4,j) 0 0 0 0 1.06378e-09 -1.81638e-11 0 0 0 
Cov(5,j) 0 0 0 0 -1.81638e-11 1.04895e-09 0 0 0 
Cov(6,j) 0 0 0 0 0 0 4.74751e-07 0 0 
Cov(7,j) 0 0 0 0 0 0 0 4.72001e-07 0 
Cov(8,j) 0 0 0 0 0 0 0 0 0.00375591 
EmittanceX 0
EmittanceY 0
BetaStar 0
