Runnumber 353015
BeginTimeOfFit 2022.06.04 04:38:53 GMT 1654317533
EndTimeOfFit 2022.06.04 04:39:16 GMT 1654317556
LumiRange 140 - 140
Type 2
X0 0.176702
Y0 -0.177926
Z0 0.296911
sigmaZ0 6.78823
dxdz 0.000109753
dydz 0.00024483
BeamWidthX 0.0137225
BeamWidthY 0.0155707
dxdy -0.0420435
Cov(0,j) 2.89991e-08 3.02775e-11 0 0 0 0 0 0 0 
Cov(1,j) 3.02775e-11 2.81792e-08 0 0 0 0 0 0 0 
Cov(2,j) 0 0 0.106663 0 0 0 0 0 0 
Cov(3,j) 0 0 0 0.0533268 0 0 0 0 0 
Cov(4,j) 0 0 0 0 6.31218e-10 2.3252e-12 0 0 0 
Cov(5,j) 0 0 0 0 2.3252e-12 6.18294e-10 0 0 0 
Cov(6,j) 0 0 0 0 0 0 2.34777e-07 0 0 
Cov(7,j) 0 0 0 0 0 0 0 2.96966e-07 0 
Cov(8,j) 0 0 0 0 0 0 0 0 0.00245723 
EmittanceX 0
EmittanceY 0
BetaStar 0
