Runnumber 352509
BeginTimeOfFit 2022.05.28 11:22:50 GMT 1653736970
EndTimeOfFit 2022.05.28 11:23:14 GMT 1653736994
LumiRange 119 - 119
Type 2
X0 0.169513
Y0 -0.181983
Z0 -0.955599
sigmaZ0 7.83036
dxdz 0.000195659
dydz 0.000309875
BeamWidthX 0.0166813
BeamWidthY 0.0174613
dxdy 0.00881606
Cov(0,j) 8.81307e-08 -9.3138e-11 0 0 0 0 0 0 0 
Cov(1,j) -9.3138e-11 8.83345e-08 0 0 0 0 0 0 0 
Cov(2,j) 0 0 0.335011 0 0 0 0 0 0 
Cov(3,j) 0 0 0 0.167473 0 0 0 0 0 
Cov(4,j) 0 0 0 0 1.56257e-09 5.17887e-13 0 0 0 
Cov(5,j) 0 0 0 0 5.17887e-13 1.57038e-09 0 0 0 
Cov(6,j) 0 0 0 0 0 0 8.03003e-07 0 0 
Cov(7,j) 0 0 0 0 0 0 0 8.69947e-07 0 
Cov(8,j) 0 0 0 0 0 0 0 0 0.00571901 
EmittanceX 0
EmittanceY 0
BetaStar 0
