Runnumber 353706
BeginTimeOfFit 2022.06.13 11:00:36 GMT 1655118036
EndTimeOfFit 2022.06.13 11:00:59 GMT 1655118059
LumiRange 108 - 108
Type 2
X0 0.171222
Y0 -0.181916
Z0 1.50155
sigmaZ0 7.38255
dxdz 0.00010975
dydz 3.70129e-05
BeamWidthX 0.0157015
BeamWidthY 0.0160442
dxdy -0.0258551
Cov(0,j) 7.10675e-08 3.55531e-10 0 0 0 0 0 0 0 
Cov(1,j) 3.55531e-10 6.92497e-08 0 0 0 0 0 0 0 
Cov(2,j) 0 0 0.309635 0 0 0 0 0 0 
Cov(3,j) 0 0 0 0.154788 0 0 0 0 0 
Cov(4,j) 0 0 0 0 1.28203e-09 2.46373e-12 0 0 0 
Cov(5,j) 0 0 0 0 2.46373e-12 1.27238e-09 0 0 0 
Cov(6,j) 0 0 0 0 0 0 7.39928e-07 0 0 
Cov(7,j) 0 0 0 0 0 0 0 7.73633e-07 0 
Cov(8,j) 0 0 0 0 0 0 0 0 0.00597953 
EmittanceX 0
EmittanceY 0
BetaStar 0
