Runnumber 352417
BeginTimeOfFit 2022.05.27 08:43:19 GMT 1653640999
EndTimeOfFit 2022.05.27 08:43:42 GMT 1653641022
LumiRange 120 - 120
Type 2
X0 0.169184
Y0 -0.181215
Z0 -0.510662
sigmaZ0 6.24799
dxdz 0.000213571
dydz 0.000287041
BeamWidthX 0.014946
BeamWidthY 0.0150539
dxdy -0.164751
Cov(0,j) 7.68816e-08 -6.23009e-10 0 0 0 0 0 0 0 
Cov(1,j) -6.23009e-10 7.55044e-08 0 0 0 0 0 0 0 
Cov(2,j) 0 0 0.250217 0 0 0 0 0 0 
Cov(3,j) 0 0 0 0.125082 0 0 0 0 0 
Cov(4,j) 0 0 0 0 1.70983e-09 9.94846e-12 0 0 0 
Cov(5,j) 0 0 0 0 9.94846e-12 1.7136e-09 0 0 0 
Cov(6,j) 0 0 0 0 0 0 7.58625e-07 0 0 
Cov(7,j) 0 0 0 0 0 0 0 7.83125e-07 0 
Cov(8,j) 0 0 0 0 0 0 0 0 0.00648293 
EmittanceX 0
EmittanceY 0
BetaStar 0
