Runnumber 352572
BeginTimeOfFit 2022.05.29 12:21:54 GMT 1653826914
EndTimeOfFit 2022.05.29 12:22:18 GMT 1653826938
LumiRange 80 - 80
Type 2
X0 0.176015
Y0 -0.181967
Z0 -0.768506
sigmaZ0 7.10145
dxdz 0.000185761
dydz 0.000180334
BeamWidthX 0.0158718
BeamWidthY 0.01665
dxdy -0.0263026
Cov(0,j) 1.09609e-07 5.58509e-10 0 0 0 0 0 0 0 
Cov(1,j) 5.58509e-10 1.07627e-07 0 0 0 0 0 0 0 
Cov(2,j) 0 0 0.413303 0 0 0 0 0 0 
Cov(3,j) 0 0 0 0.206596 0 0 0 0 0 
Cov(4,j) 0 0 0 0 2.31386e-09 5.52096e-11 0 0 0 
Cov(5,j) 0 0 0 0 5.52096e-11 2.20309e-09 0 0 0 
Cov(6,j) 0 0 0 0 0 0 1.10981e-06 0 0 
Cov(7,j) 0 0 0 0 0 0 0 1.21142e-06 0 
Cov(8,j) 0 0 0 0 0 0 0 0 0.00869677 
EmittanceX 0
EmittanceY 0
BetaStar 0
