Runnumber 353689
BeginTimeOfFit 2022.06.13 08:01:41 GMT 1655107301
EndTimeOfFit 2022.06.13 08:02:04 GMT 1655107324
LumiRange 13 - 13
Type 2
X0 0.172411
Y0 -0.181228
Z0 1.39313
sigmaZ0 5.8085
dxdz 0.000125226
dydz 0.000278959
BeamWidthX 0.0145195
BeamWidthY 0.0152348
dxdy 0.122217
Cov(0,j) 3.45795e-08 -3.32068e-10 0 0 0 0 0 0 0 
Cov(1,j) -3.32068e-10 3.37559e-08 0 0 0 0 0 0 0 
Cov(2,j) 0 0 0.0841338 0 0 0 0 0 0 
Cov(3,j) 0 0 0 0.042064 0 0 0 0 0 
Cov(4,j) 0 0 0 0 1.02083e-09 -1.56757e-11 0 0 0 
Cov(5,j) 0 0 0 0 -1.56757e-11 1.00882e-09 0 0 0 
Cov(6,j) 0 0 0 0 0 0 2.79915e-07 0 0 
Cov(7,j) 0 0 0 0 0 0 0 3.07281e-07 0 
Cov(8,j) 0 0 0 0 0 0 0 0 0.00257138 
EmittanceX 0
EmittanceY 0
BetaStar 0
