Runnumber 352425
BeginTimeOfFit 2022.05.27 10:34:17 GMT 1653647657
EndTimeOfFit 2022.05.27 10:34:41 GMT 1653647681
LumiRange 195 - 195
Type 2
X0 0.171188
Y0 -0.1826
Z0 -0.225764
sigmaZ0 6.34022
dxdz 0.000337437
dydz 0.000237282
BeamWidthX 0.0164001
BeamWidthY 0.0155715
dxdy 0.0719611
Cov(0,j) 1.18623e-07 7.05689e-10 0 0 0 0 0 0 0 
Cov(1,j) 7.05689e-10 1.20918e-07 0 0 0 0 0 0 0 
Cov(2,j) 0 0 0.355692 0 0 0 0 0 0 
Cov(3,j) 0 0 0 0.177773 0 0 0 0 0 
Cov(4,j) 0 0 0 0 2.34919e-09 3.35707e-11 0 0 0 
Cov(5,j) 0 0 0 0 3.35707e-11 2.41241e-09 0 0 0 
Cov(6,j) 0 0 0 0 0 0 1.25007e-06 0 0 
Cov(7,j) 0 0 0 0 0 0 0 1.14068e-06 0 
Cov(8,j) 0 0 0 0 0 0 0 0 0.00920324 
EmittanceX 0
EmittanceY 0
BetaStar 0
