Runnumber 353689
BeginTimeOfFit 2022.06.13 08:55:41 GMT 1655110541
EndTimeOfFit 2022.06.13 08:56:05 GMT 1655110565
LumiRange 152 - 152
Type 2
X0 0.171153
Y0 -0.181592
Z0 1.04092
sigmaZ0 6.24418
dxdz 3.22728e-05
dydz 0.000195054
BeamWidthX 0.0163025
BeamWidthY 0.0156781
dxdy -0.0262247
Cov(0,j) 4.80789e-08 -3.50075e-10 0 0 0 0 0 0 0 
Cov(1,j) -3.50075e-10 4.67645e-08 0 0 0 0 0 0 0 
Cov(2,j) 0 0 0.127412 0 0 0 0 0 0 
Cov(3,j) 0 0 0 0.0636998 0 0 0 0 0 
Cov(4,j) 0 0 0 0 1.11567e-09 -2.39405e-11 0 0 0 
Cov(5,j) 0 0 0 0 -2.39405e-11 1.07501e-09 0 0 0 
Cov(6,j) 0 0 0 0 0 0 4.57487e-07 0 0 
Cov(7,j) 0 0 0 0 0 0 0 4.26883e-07 0 
Cov(8,j) 0 0 0 0 0 0 0 0 0.00345622 
EmittanceX 0
EmittanceY 0
BetaStar 0
