Runnumber 352931
BeginTimeOfFit 2022.06.03 12:22:48 GMT 1654258968
EndTimeOfFit 2022.06.03 12:23:11 GMT 1654258991
LumiRange 141 - 141
Type 2
X0 0.169244
Y0 -0.180476
Z0 0.315277
sigmaZ0 7.5439
dxdz 0.000144512
dydz 0.000203801
BeamWidthX 0.0167345
BeamWidthY 0.0154999
dxdy 0.0251042
Cov(0,j) 8.44777e-08 3.17365e-11 0 0 0 0 0 0 0 
Cov(1,j) 3.17365e-11 8.43153e-08 0 0 0 0 0 0 0 
Cov(2,j) 0 0 0.32149 0 0 0 0 0 0 
Cov(3,j) 0 0 0 0.160711 0 0 0 0 0 
Cov(4,j) 0 0 0 0 1.47712e-09 -7.38312e-12 0 0 0 
Cov(5,j) 0 0 0 0 -7.38312e-12 1.4563e-09 0 0 0 
Cov(6,j) 0 0 0 0 0 0 8.27129e-07 0 0 
Cov(7,j) 0 0 0 0 0 0 0 7.13482e-07 0 
Cov(8,j) 0 0 0 0 0 0 0 0 0.00591782 
EmittanceX 0
EmittanceY 0
BetaStar 0
