Runnumber 353087
BeginTimeOfFit 2022.06.05 16:02:42 GMT 1654444962
EndTimeOfFit 2022.06.05 16:03:06 GMT 1654444986
LumiRange 190 - 190
Type 2
X0 0.172008
Y0 -0.179877
Z0 0.119691
sigmaZ0 7.14495
dxdz 0.000130893
dydz 0.00027769
BeamWidthX 0.0140616
BeamWidthY 0.0134562
dxdy 0.0219155
Cov(0,j) 3.68777e-08 -6.43536e-11 0 0 0 0 0 0 0 
Cov(1,j) -6.43536e-11 3.65359e-08 0 0 0 0 0 0 0 
Cov(2,j) 0 0 0.179743 0 0 0 0 0 0 
Cov(3,j) 0 0 0 0.0898615 0 0 0 0 0 
Cov(4,j) 0 0 0 0 6.89837e-10 -1.5151e-12 0 0 0 
Cov(5,j) 0 0 0 0 -1.5151e-12 7.14292e-10 0 0 0 
Cov(6,j) 0 0 0 0 0 0 3.73671e-07 0 0 
Cov(7,j) 0 0 0 0 0 0 0 3.4352e-07 0 
Cov(8,j) 0 0 0 0 0 0 0 0 0.00379006 
EmittanceX 0
EmittanceY 0
BetaStar 0
