Runnumber 352425
BeginTimeOfFit 2022.05.27 10:17:12 GMT 1653646632
EndTimeOfFit 2022.05.27 10:17:35 GMT 1653646655
LumiRange 151 - 151
Type 2
X0 0.169838
Y0 -0.181056
Z0 -0.203211
sigmaZ0 7.1217
dxdz 0.000200254
dydz 0.000301012
BeamWidthX 0.0161381
BeamWidthY 0.0164522
dxdy 0.0637198
Cov(0,j) 1.12304e-07 -1.07559e-09 0 0 0 0 0 0 0 
Cov(1,j) -1.07559e-09 1.08457e-07 0 0 0 0 0 0 0 
Cov(2,j) 0 0 0.415663 0 0 0 0 0 0 
Cov(3,j) 0 0 0 0.207773 0 0 0 0 0 
Cov(4,j) 0 0 0 0 2.20928e-09 -3.07427e-11 0 0 0 
Cov(5,j) 0 0 0 0 -3.07427e-11 2.08651e-09 0 0 0 
Cov(6,j) 0 0 0 0 0 0 1.1263e-06 0 0 
Cov(7,j) 0 0 0 0 0 0 0 1.17231e-06 0 
Cov(8,j) 0 0 0 0 0 0 0 0 0.00856229 
EmittanceX 0
EmittanceY 0
BetaStar 0
