Runnumber 353060
BeginTimeOfFit 2022.06.05 06:51:22 GMT 1654411882
EndTimeOfFit 2022.06.05 06:51:45 GMT 1654411905
LumiRange 339 - 339
Type 2
X0 0.16535
Y0 -0.178448
Z0 -1.34262
sigmaZ0 7.22371
dxdz 0.000145721
dydz 0.000219384
BeamWidthX 0.014768
BeamWidthY 0.0162531
dxdy 0.0742602
Cov(0,j) 8.27961e-08 9.63925e-11 0 0 0 0 0 0 0 
Cov(1,j) 9.63925e-11 8.22186e-08 0 0 0 0 0 0 0 
Cov(2,j) 0 0 0.350171 0 0 0 0 0 0 
Cov(3,j) 0 0 0 0.175055 0 0 0 0 0 
Cov(4,j) 0 0 0 0 1.4274e-09 4.25544e-12 0 0 0 
Cov(5,j) 0 0 0 0 4.25544e-12 1.44075e-09 0 0 0 
Cov(6,j) 0 0 0 0 0 0 7.77177e-07 0 0 
Cov(7,j) 0 0 0 0 0 0 0 9.33312e-07 0 
Cov(8,j) 0 0 0 0 0 0 0 0 0.00698123 
EmittanceX 0
EmittanceY 0
BetaStar 0
