Runnumber 353060
BeginTimeOfFit 2022.06.05 08:41:42 GMT 1654418502
EndTimeOfFit 2022.06.05 08:42:06 GMT 1654418526
LumiRange 623 - 623
Type 2
X0 0.167071
Y0 -0.179573
Z0 0.0686729
sigmaZ0 7.8845
dxdz 0.000179957
dydz 0.000309183
BeamWidthX 0.0145554
BeamWidthY 0.0161219
dxdy -0.150313
Cov(0,j) 9.53832e-08 -7.49464e-10 0 0 0 0 0 0 0 
Cov(1,j) -7.49464e-10 9.44163e-08 0 0 0 0 0 0 0 
Cov(2,j) 0 0 0.767257 0 0 0 0 0 0 
Cov(3,j) 0 0 0 0.38356 0 0 0 0 0 
Cov(4,j) 0 0 0 0 1.71391e-09 -5.92847e-11 0 0 0 
Cov(5,j) 0 0 0 0 -5.92847e-11 1.67447e-09 0 0 0 
Cov(6,j) 0 0 0 0 0 0 1.39067e-06 0 0 
Cov(7,j) 0 0 0 0 0 0 0 1.69987e-06 0 
Cov(8,j) 0 0 0 0 0 0 0 0 0.0125089 
EmittanceX 0
EmittanceY 0
BetaStar 0
