Runnumber 352509
BeginTimeOfFit 2022.05.28 11:35:40 GMT 1653737740
EndTimeOfFit 2022.05.28 11:36:03 GMT 1653737763
LumiRange 152 - 152
Type 2
X0 0.170235
Y0 -0.181144
Z0 0.500894
sigmaZ0 6.55938
dxdz 3.49797e-06
dydz 0.000218783
BeamWidthX 0.0168526
BeamWidthY 0.0197334
dxdy -0.0328266
Cov(0,j) 1.04762e-07 1.83849e-09 0 0 0 0 0 0 0 
Cov(1,j) 1.83849e-09 1.03877e-07 0 0 0 0 0 0 0 
Cov(2,j) 0 0 0.245838 0 0 0 0 0 0 
Cov(3,j) 0 0 0 0.122897 0 0 0 0 0 
Cov(4,j) 0 0 0 0 1.89952e-09 6.25924e-11 0 0 0 
Cov(5,j) 0 0 0 0 6.25924e-11 1.78873e-09 0 0 0 
Cov(6,j) 0 0 0 0 0 0 8.4536e-07 0 0 
Cov(7,j) 0 0 0 0 0 0 0 1.15184e-06 0 
Cov(8,j) 0 0 0 0 0 0 0 0 0.0059198 
EmittanceX 0
EmittanceY 0
BetaStar 0
