Runnumber 353087
BeginTimeOfFit 2022.06.05 15:59:36 GMT 1654444776
EndTimeOfFit 2022.06.05 15:59:59 GMT 1654444799
LumiRange 182 - 182
Type 2
X0 0.172625
Y0 -0.180902
Z0 0.400136
sigmaZ0 6.87321
dxdz 0.00012148
dydz 0.000193096
BeamWidthX 0.0145965
BeamWidthY 0.0148147
dxdy -0.021016
Cov(0,j) 4.0513e-08 1.84778e-10 0 0 0 0 0 0 0 
Cov(1,j) 1.84778e-10 3.99179e-08 0 0 0 0 0 0 0 
Cov(2,j) 0 0 0.165748 0 0 0 0 0 0 
Cov(3,j) 0 0 0 0.0828647 0 0 0 0 0 
Cov(4,j) 0 0 0 0 7.86118e-10 6.11811e-12 0 0 0 
Cov(5,j) 0 0 0 0 6.11811e-12 7.72042e-10 0 0 0 
Cov(6,j) 0 0 0 0 0 0 3.993e-07 0 0 
Cov(7,j) 0 0 0 0 0 0 0 4.09863e-07 0 
Cov(8,j) 0 0 0 0 0 0 0 0 0.00374998 
EmittanceX 0
EmittanceY 0
BetaStar 0
