Runnumber 353018
BeginTimeOfFit 2022.06.04 07:39:33 GMT 1654328373
EndTimeOfFit 2022.06.04 07:39:56 GMT 1654328396
LumiRange 195 - 195
Type 2
X0 0.174789
Y0 -0.191346
Z0 0.143898
sigmaZ0 6.5529
dxdz 0.000125005
dydz 0.000281666
BeamWidthX 0.0135788
BeamWidthY 0.0150212
dxdy 0.0787874
Cov(0,j) 4.17767e-08 -3.67828e-10 0 0 0 0 0 0 0 
Cov(1,j) -3.67828e-10 4.19311e-08 0 0 0 0 0 0 0 
Cov(2,j) 0 0 0.151725 0 0 0 0 0 0 
Cov(3,j) 0 0 0 0.0758536 0 0 0 0 0 
Cov(4,j) 0 0 0 0 9.13001e-10 -2.52351e-11 0 0 0 
Cov(5,j) 0 0 0 0 -2.52351e-11 9.03077e-10 0 0 0 
Cov(6,j) 0 0 0 0 0 0 3.5007e-07 0 0 
Cov(7,j) 0 0 0 0 0 0 0 4.28994e-07 0 
Cov(8,j) 0 0 0 0 0 0 0 0 0.00374659 
EmittanceX 0
EmittanceY 0
BetaStar 0
