Runnumber 353060
BeginTimeOfFit 2022.06.05 05:05:41 GMT 1654405541
EndTimeOfFit 2022.06.05 05:06:05 GMT 1654405565
LumiRange 67 - 67
Type 2
X0 0.169655
Y0 -0.179551
Z0 -0.216878
sigmaZ0 6.90414
dxdz 0.000116263
dydz 0.000191492
BeamWidthX 0.0136164
BeamWidthY 0.0136132
dxdy 0.0528118
Cov(0,j) 3.06868e-08 -1.43116e-10 0 0 0 0 0 0 0 
Cov(1,j) -1.43116e-10 3.04586e-08 0 0 0 0 0 0 0 
Cov(2,j) 0 0 0.133515 0 0 0 0 0 0 
Cov(3,j) 0 0 0 0.0667513 0 0 0 0 0 
Cov(4,j) 0 0 0 0 6.25911e-10 -4.77245e-12 0 0 0 
Cov(5,j) 0 0 0 0 -4.77245e-12 6.06353e-10 0 0 0 
Cov(6,j) 0 0 0 0 0 0 2.8195e-07 0 0 
Cov(7,j) 0 0 0 0 0 0 0 2.79511e-07 0 
Cov(8,j) 0 0 0 0 0 0 0 0 0.00301191 
EmittanceX 0
EmittanceY 0
BetaStar 0
