Runnumber 353060
BeginTimeOfFit 2022.06.05 07:06:31 GMT 1654412791
EndTimeOfFit 2022.06.05 07:06:54 GMT 1654412814
LumiRange 378 - 378
Type 2
X0 0.165173
Y0 -0.179394
Z0 0.23299
sigmaZ0 7.30921
dxdz 0.00018303
dydz 0.00024715
BeamWidthX 0.0145943
BeamWidthY 0.0156676
dxdy 0.0564009
Cov(0,j) 5.45774e-08 -5.45387e-11 0 0 0 0 0 0 0 
Cov(1,j) -5.45387e-11 5.29376e-08 0 0 0 0 0 0 0 
Cov(2,j) 0 0 0.211986 0 0 0 0 0 0 
Cov(3,j) 0 0 0 0.105978 0 0 0 0 0 
Cov(4,j) 0 0 0 0 9.84266e-10 7.3799e-12 0 0 0 
Cov(5,j) 0 0 0 0 7.3799e-12 9.62308e-10 0 0 0 
Cov(6,j) 0 0 0 0 0 0 4.50013e-07 0 0 
Cov(7,j) 0 0 0 0 0 0 0 5.18081e-07 0 
Cov(8,j) 0 0 0 0 0 0 0 0 0.00418019 
EmittanceX 0
EmittanceY 0
BetaStar 0
