Runnumber 353709
BeginTimeOfFit 2022.06.13 12:01:25 GMT 1655121685
EndTimeOfFit 2022.06.13 12:01:48 GMT 1655121708
LumiRange 65 - 65
Type 2
X0 0.173153
Y0 -0.180167
Z0 0.936606
sigmaZ0 7.53582
dxdz 0.00010249
dydz 0.000131242
BeamWidthX 0.0169583
BeamWidthY 0.0182801
dxdy 0.00925998
Cov(0,j) 9.3513e-08 7.50702e-10 0 0 0 0 0 0 0 
Cov(1,j) 7.50702e-10 9.28986e-08 0 0 0 0 0 0 0 
Cov(2,j) 0 0 0.310285 0 0 0 0 0 0 
Cov(3,j) 0 0 0 0.155113 0 0 0 0 0 
Cov(4,j) 0 0 0 0 1.70633e-09 1.22005e-11 0 0 0 
Cov(5,j) 0 0 0 0 1.22005e-11 1.62969e-09 0 0 0 
Cov(6,j) 0 0 0 0 0 0 8.276e-07 0 0 
Cov(7,j) 0 0 0 0 0 0 0 9.58989e-07 0 
Cov(8,j) 0 0 0 0 0 0 0 0 0.00574757 
EmittanceX 0
EmittanceY 0
BetaStar 0
