Runnumber 353060
BeginTimeOfFit 2022.06.05 09:42:19 GMT 1654422139
EndTimeOfFit 2022.06.05 09:42:42 GMT 1654422162
LumiRange 779 - 779
Type 2
X0 0.165101
Y0 -0.179644
Z0 1.23431
sigmaZ0 7.13863
dxdz 0.000177313
dydz 0.000157371
BeamWidthX 0.0162301
BeamWidthY 0.0168811
dxdy -0.0973133
Cov(0,j) 9.99406e-08 -2.18915e-11 0 0 0 0 0 0 0 
Cov(1,j) -2.18915e-11 9.54807e-08 0 0 0 0 0 0 0 
Cov(2,j) 0 0 0.322493 0 0 0 0 0 0 
Cov(3,j) 0 0 0 0.161213 0 0 0 0 0 
Cov(4,j) 0 0 0 0 1.67996e-09 7.03016e-12 0 0 0 
Cov(5,j) 0 0 0 0 7.03016e-12 1.60944e-09 0 0 0 
Cov(6,j) 0 0 0 0 0 0 8.83358e-07 0 0 
Cov(7,j) 0 0 0 0 0 0 0 9.44288e-07 0 
Cov(8,j) 0 0 0 0 0 0 0 0 0.00651837 
EmittanceX 0
EmittanceY 0
BetaStar 0
