Runnumber 353689
BeginTimeOfFit 2022.06.13 09:11:14 GMT 1655111474
EndTimeOfFit 2022.06.13 09:11:37 GMT 1655111497
LumiRange 192 - 192
Type 2
X0 0.170891
Y0 -0.179944
Z0 1.84476
sigmaZ0 6.82269
dxdz 0.000186437
dydz 0.000137136
BeamWidthX 0.0145215
BeamWidthY 0.0154289
dxdy -0.0906458
Cov(0,j) 6.62739e-08 -1.0958e-09 0 0 0 0 0 0 0 
Cov(1,j) -1.0958e-09 6.61888e-08 0 0 0 0 0 0 0 
Cov(2,j) 0 0 0.237475 0 0 0 0 0 0 
Cov(3,j) 0 0 0 0.118718 0 0 0 0 0 
Cov(4,j) 0 0 0 0 1.42536e-09 -2.43686e-11 0 0 0 
Cov(5,j) 0 0 0 0 -2.43686e-11 1.47154e-09 0 0 0 
Cov(6,j) 0 0 0 0 0 0 5.71109e-07 0 0 
Cov(7,j) 0 0 0 0 0 0 0 6.42013e-07 0 
Cov(8,j) 0 0 0 0 0 0 0 0 0.00531936 
EmittanceX 0
EmittanceY 0
BetaStar 0
