Runnumber 353060
BeginTimeOfFit 2022.06.05 05:29:00 GMT 1654406940
EndTimeOfFit 2022.06.05 05:29:23 GMT 1654406963
LumiRange 127 - 127
Type 2
X0 0.169054
Y0 -0.18001
Z0 -0.462154
sigmaZ0 6.97289
dxdz 0.000160516
dydz 0.000183302
BeamWidthX 0.0141115
BeamWidthY 0.0140821
dxdy 0.0899705
Cov(0,j) 3.51686e-08 6.9871e-12 0 0 0 0 0 0 0 
Cov(1,j) 6.9871e-12 3.38532e-08 0 0 0 0 0 0 0 
Cov(2,j) 0 0 0.147777 0 0 0 0 0 0 
Cov(3,j) 0 0 0 0.0738802 0 0 0 0 0 
Cov(4,j) 0 0 0 0 7.00393e-10 -1.05334e-11 0 0 0 
Cov(5,j) 0 0 0 0 -1.05334e-11 6.6187e-10 0 0 0 
Cov(6,j) 0 0 0 0 0 0 3.26491e-07 0 0 
Cov(7,j) 0 0 0 0 0 0 0 3.24393e-07 0 
Cov(8,j) 0 0 0 0 0 0 0 0 0.00321534 
EmittanceX 0
EmittanceY 0
BetaStar 0
