Runnumber 352931
BeginTimeOfFit 2022.06.03 12:00:15 GMT 1654257615
EndTimeOfFit 2022.06.03 12:00:39 GMT 1654257639
LumiRange 83 - 83
Type 2
X0 0.170222
Y0 -0.181466
Z0 -0.132829
sigmaZ0 7.81376
dxdz 0.000162559
dydz 0.000161416
BeamWidthX 0.0139692
BeamWidthY 0.0157214
dxdy -0.0159927
Cov(0,j) 7.24423e-08 2.24818e-10 0 0 0 0 0 0 0 
Cov(1,j) 2.24818e-10 6.91034e-08 0 0 0 0 0 0 0 
Cov(2,j) 0 0 0.354924 0 0 0 0 0 0 
Cov(3,j) 0 0 0 0.177425 0 0 0 0 0 
Cov(4,j) 0 0 0 0 1.29089e-09 -1.33293e-11 0 0 0 
Cov(5,j) 0 0 0 0 -1.33293e-11 1.21614e-09 0 0 0 
Cov(6,j) 0 0 0 0 0 0 6.10314e-07 0 0 
Cov(7,j) 0 0 0 0 0 0 0 7.59009e-07 0 
Cov(8,j) 0 0 0 0 0 0 0 0 0.00619984 
EmittanceX 0
EmittanceY 0
BetaStar 0
