Runnumber 352931
BeginTimeOfFit 2022.06.03 13:21:28 GMT 1654262488
EndTimeOfFit 2022.06.03 13:21:51 GMT 1654262511
LumiRange 292 - 292
Type 2
X0 0.169594
Y0 -0.17973
Z0 0.221853
sigmaZ0 7.28278
dxdz 5.51023e-05
dydz 0.000187038
BeamWidthX 0.0181487
BeamWidthY 0.0162361
dxdy -0.0131286
Cov(0,j) 1.05461e-07 5.78839e-10 0 0 0 0 0 0 0 
Cov(1,j) 5.78839e-10 1.05841e-07 0 0 0 0 0 0 0 
Cov(2,j) 0 0 0.404817 0 0 0 0 0 0 
Cov(3,j) 0 0 0 0.202357 0 0 0 0 0 
Cov(4,j) 0 0 0 0 1.81859e-09 2.33233e-11 0 0 0 
Cov(5,j) 0 0 0 0 2.33233e-11 1.8839e-09 0 0 0 
Cov(6,j) 0 0 0 0 0 0 1.31692e-06 0 0 
Cov(7,j) 0 0 0 0 0 0 0 1.06152e-06 0 
Cov(8,j) 0 0 0 0 0 0 0 0 0.00798411 
EmittanceX 0
EmittanceY 0
BetaStar 0
