Runnumber 353702
BeginTimeOfFit 2022.06.13 09:38:36 GMT 1655113116
EndTimeOfFit 2022.06.13 09:39:00 GMT 1655113140
LumiRange 20 - 20
Type 2
X0 0.171608
Y0 -0.181182
Z0 0.293666
sigmaZ0 6.3993
dxdz 0.000224264
dydz 0.000277878
BeamWidthX 0.0158418
BeamWidthY 0.0158737
dxdy 0.0998703
Cov(0,j) 5.39035e-08 -6.23998e-10 0 0 0 0 0 0 0 
Cov(1,j) -6.23998e-10 5.2935e-08 0 0 0 0 0 0 0 
Cov(2,j) 0 0 0.153943 0 0 0 0 0 0 
Cov(3,j) 0 0 0 0.0769628 0 0 0 0 0 
Cov(4,j) 0 0 0 0 1.14141e-09 5.61013e-12 0 0 0 
Cov(5,j) 0 0 0 0 5.61013e-12 1.12064e-09 0 0 0 
Cov(6,j) 0 0 0 0 0 0 5.00327e-07 0 0 
Cov(7,j) 0 0 0 0 0 0 0 5.02365e-07 0 
Cov(8,j) 0 0 0 0 0 0 0 0 0.00390457 
EmittanceX 0
EmittanceY 0
BetaStar 0
