Runnumber 352509
BeginTimeOfFit 2022.05.28 10:39:19 GMT 1653734359
EndTimeOfFit 2022.05.28 10:39:43 GMT 1653734383
LumiRange 7 - 7
Type 2
X0 0.170191
Y0 -0.181296
Z0 -0.0864716
sigmaZ0 7.67939
dxdz 8.84705e-05
dydz 0.000179225
BeamWidthX 0.0161271
BeamWidthY 0.0179113
dxdy 0.0164861
Cov(0,j) 7.88076e-08 7.77877e-10 0 0 0 0 0 0 0 
Cov(1,j) 7.77877e-10 7.95349e-08 0 0 0 0 0 0 0 
Cov(2,j) 0 0 0.311991 0 0 0 0 0 0 
Cov(3,j) 0 0 0 0.155967 0 0 0 0 0 
Cov(4,j) 0 0 0 0 1.33775e-09 1.65892e-14 0 0 0 
Cov(5,j) 0 0 0 0 1.65892e-14 1.36852e-09 0 0 0 
Cov(6,j) 0 0 0 0 0 0 7.33194e-07 0 0 
Cov(7,j) 0 0 0 0 0 0 0 8.87556e-07 0 
Cov(8,j) 0 0 0 0 0 0 0 0 0.00554975 
EmittanceX 0
EmittanceY 0
BetaStar 0
