Runnumber 352566
BeginTimeOfFit 2022.05.29 06:35:04 GMT 1653806104
EndTimeOfFit 2022.05.29 06:35:27 GMT 1653806127
LumiRange 2 - 2
Type 2
X0 0.176586
Y0 -0.181743
Z0 -0.0747082
sigmaZ0 6.84532
dxdz 6.98665e-05
dydz 0.000149391
BeamWidthX 0.0143665
BeamWidthY 0.0133256
dxdy 0.0922538
Cov(0,j) 4.58058e-08 6.03671e-10 0 0 0 0 0 0 0 
Cov(1,j) 6.03671e-10 4.56503e-08 0 0 0 0 0 0 0 
Cov(2,j) 0 0 0.18161 0 0 0 0 0 0 
Cov(3,j) 0 0 0 0.0907937 0 0 0 0 0 
Cov(4,j) 0 0 0 0 1.08497e-09 2.00384e-11 0 0 0 
Cov(5,j) 0 0 0 0 2.00384e-11 1.07314e-09 0 0 0 
Cov(6,j) 0 0 0 0 0 0 4.31791e-07 0 0 
Cov(7,j) 0 0 0 0 0 0 0 3.76374e-07 0 
Cov(8,j) 0 0 0 0 0 0 0 0 0.00412772 
EmittanceX 0
EmittanceY 0
BetaStar 0
