Runnumber 352568
BeginTimeOfFit 2022.05.29 11:25:01 GMT 1653823501
EndTimeOfFit 2022.05.29 11:25:24 GMT 1653823524
LumiRange 607 - 607
Type 2
X0 0.176939
Y0 -0.180339
Z0 -0.540209
sigmaZ0 6.60775
dxdz 0.000218139
dydz 0.000182978
BeamWidthX 0.0158987
BeamWidthY 0.0172437
dxdy -0.0231021
Cov(0,j) 9.56765e-08 1.46764e-09 0 0 0 0 0 0 0 
Cov(1,j) 1.46764e-09 9.43432e-08 0 0 0 0 0 0 0 
Cov(2,j) 0 0 0.316357 0 0 0 0 0 0 
Cov(3,j) 0 0 0 0.158143 0 0 0 0 0 
Cov(4,j) 0 0 0 0 2.1884e-09 2.13604e-11 0 0 0 
Cov(5,j) 0 0 0 0 2.13604e-11 2.10712e-09 0 0 0 
Cov(6,j) 0 0 0 0 0 0 9.69686e-07 0 0 
Cov(7,j) 0 0 0 0 0 0 0 1.12953e-06 0 
Cov(8,j) 0 0 0 0 0 0 0 0 0.00760562 
EmittanceX 0
EmittanceY 0
BetaStar 0
