Runnumber 353015
BeginTimeOfFit 2022.06.04 04:04:18 GMT 1654315458
EndTimeOfFit 2022.06.04 04:04:41 GMT 1654315481
LumiRange 51 - 51
Type 2
X0 0.178022
Y0 -0.179282
Z0 -0.0539292
sigmaZ0 6.20369
dxdz 0.000126864
dydz 0.000237931
BeamWidthX 0.0138463
BeamWidthY 0.0144019
dxdy -0.0428627
Cov(0,j) 2.35666e-08 -1.30859e-10 0 0 0 0 0 0 0 
Cov(1,j) -1.30859e-10 2.34762e-08 0 0 0 0 0 0 0 
Cov(2,j) 0 0 0.081363 0 0 0 0 0 0 
Cov(3,j) 0 0 0 0.0406791 0 0 0 0 0 
Cov(4,j) 0 0 0 0 5.90598e-10 -7.77419e-12 0 0 0 
Cov(5,j) 0 0 0 0 -7.77419e-12 6.02551e-10 0 0 0 
Cov(6,j) 0 0 0 0 0 0 2.18609e-07 0 0 
Cov(7,j) 0 0 0 0 0 0 0 2.34994e-07 0 
Cov(8,j) 0 0 0 0 0 0 0 0 0.00226334 
EmittanceX 0
EmittanceY 0
BetaStar 0
