Runnumber 353015
BeginTimeOfFit 2022.06.04 04:27:37 GMT 1654316857
EndTimeOfFit 2022.06.04 04:28:00 GMT 1654316880
LumiRange 111 - 111
Type 2
X0 0.17654
Y0 -0.177561
Z0 0.372805
sigmaZ0 6.62128
dxdz 8.92151e-05
dydz 0.000198334
BeamWidthX 0.0139489
BeamWidthY 0.015298
dxdy -0.0638755
Cov(0,j) 2.76676e-08 4.29602e-11 0 0 0 0 0 0 0 
Cov(1,j) 4.29602e-11 2.7667e-08 0 0 0 0 0 0 0 
Cov(2,j) 0 0 0.0974218 0 0 0 0 0 0 
Cov(3,j) 0 0 0 0.0487077 0 0 0 0 0 
Cov(4,j) 0 0 0 0 6.2984e-10 5.89677e-12 0 0 0 
Cov(5,j) 0 0 0 0 5.89677e-12 6.42353e-10 0 0 0 
Cov(6,j) 0 0 0 0 0 0 2.33319e-07 0 0 
Cov(7,j) 0 0 0 0 0 0 0 2.77098e-07 0 
Cov(8,j) 0 0 0 0 0 0 0 0 0.00235978 
EmittanceX 0
EmittanceY 0
BetaStar 0
