Runnumber 352509
BeginTimeOfFit 2022.05.28 11:15:51 GMT 1653736551
EndTimeOfFit 2022.05.28 11:16:14 GMT 1653736574
LumiRange 101 - 101
Type 2
X0 0.170316
Y0 -0.181212
Z0 -1.07511
sigmaZ0 7.54641
dxdz 0.00010667
dydz 0.000285984
BeamWidthX 0.0158401
BeamWidthY 0.0178449
dxdy 0.0446256
Cov(0,j) 8.30128e-08 1.85068e-09 0 0 0 0 0 0 0 
Cov(1,j) 1.85068e-09 8.12994e-08 0 0 0 0 0 0 0 
Cov(2,j) 0 0 0.32538 0 0 0 0 0 0 
Cov(3,j) 0 0 0 0.162657 0 0 0 0 0 
Cov(4,j) 0 0 0 0 1.44349e-09 8.77484e-12 0 0 0 
Cov(5,j) 0 0 0 0 8.77484e-12 1.36173e-09 0 0 0 
Cov(6,j) 0 0 0 0 0 0 7.6517e-07 0 0 
Cov(7,j) 0 0 0 0 0 0 0 9.53976e-07 0 
Cov(8,j) 0 0 0 0 0 0 0 0 0.00600637 
EmittanceX 0
EmittanceY 0
BetaStar 0
