Runnumber 352931
BeginTimeOfFit 2022.06.03 12:44:56 GMT 1654260296
EndTimeOfFit 2022.06.03 12:45:20 GMT 1654260320
LumiRange 198 - 198
Type 2
X0 0.168567
Y0 -0.180075
Z0 -0.681612
sigmaZ0 7.02651
dxdz 0.000218203
dydz 0.000131914
BeamWidthX 0.0171241
BeamWidthY 0.0137735
dxdy 0.0865226
Cov(0,j) 1.16616e-07 -4.19442e-09 0 0 0 0 0 0 0 
Cov(1,j) -4.19442e-09 1.14841e-07 0 0 0 0 0 0 0 
Cov(2,j) 0 0 0.448761 0 0 0 0 0 0 
Cov(3,j) 0 0 0 0.224305 0 0 0 0 0 
Cov(4,j) 0 0 0 0 2.16538e-09 -1.21746e-10 0 0 0 
Cov(5,j) 0 0 0 0 -1.21746e-10 2.08673e-09 0 0 0 
Cov(6,j) 0 0 0 0 0 0 1.39485e-06 0 0 
Cov(7,j) 0 0 0 0 0 0 0 9.26054e-07 0 
Cov(8,j) 0 0 0 0 0 0 0 0 0.00946319 
EmittanceX 0
EmittanceY 0
BetaStar 0
