Runnumber 352567
BeginTimeOfFit 2022.05.29 06:57:42 GMT 1653807462
EndTimeOfFit 2022.05.29 06:58:06 GMT 1653807486
LumiRange 47 - 47
Type 2
X0 0.176178
Y0 -0.18192
Z0 0.723476
sigmaZ0 6.49841
dxdz 0.00010644
dydz 0.000181424
BeamWidthX 0.0131724
BeamWidthY 0.0131871
dxdy 0.000960792
Cov(0,j) 3.56704e-08 4.61712e-10 0 0 0 0 0 0 0 
Cov(1,j) 4.61712e-10 3.54844e-08 0 0 0 0 0 0 0 
Cov(2,j) 0 0 0.168234 0 0 0 0 0 0 
Cov(3,j) 0 0 0 0.0841068 0 0 0 0 0 
Cov(4,j) 0 0 0 0 7.871e-10 8.68362e-12 0 0 0 
Cov(5,j) 0 0 0 0 8.68362e-12 8.07912e-10 0 0 0 
Cov(6,j) 0 0 0 0 0 0 3.73788e-07 0 0 
Cov(7,j) 0 0 0 0 0 0 0 3.7366e-07 0 
Cov(8,j) 0 0 0 0 0 0 0 0 0.00430833 
EmittanceX 0
EmittanceY 0
BetaStar 0
