Runnumber 352903
BeginTimeOfFit 2022.06.03 07:25:46 GMT 1654241146
EndTimeOfFit 2022.06.03 07:26:09 GMT 1654241169
LumiRange 34 - 34
Type 2
X0 0.170235
Y0 -0.181242
Z0 0.00752711
sigmaZ0 6.32593
dxdz 0.000175342
dydz 0.000211698
BeamWidthX 0.013425
BeamWidthY 0.0132508
dxdy 0.0327849
Cov(0,j) 2.80305e-08 -4.75875e-10 0 0 0 0 0 0 0 
Cov(1,j) -4.75875e-10 2.82281e-08 0 0 0 0 0 0 0 
Cov(2,j) 0 0 0.110847 0 0 0 0 0 0 
Cov(3,j) 0 0 0 0.055419 0 0 0 0 0 
Cov(4,j) 0 0 0 0 6.63457e-10 -1.14309e-11 0 0 0 
Cov(5,j) 0 0 0 0 -1.14309e-11 6.70479e-10 0 0 0 
Cov(6,j) 0 0 0 0 0 0 2.69793e-07 0 0 
Cov(7,j) 0 0 0 0 0 0 0 2.62716e-07 0 
Cov(8,j) 0 0 0 0 0 0 0 0 0.00298125 
EmittanceX 0
EmittanceY 0
BetaStar 0
