Runnumber 352505
BeginTimeOfFit 2022.05.28 09:36:53 GMT 1653730613
EndTimeOfFit 2022.05.28 09:37:16 GMT 1653730636
LumiRange 43 - 43
Type 2
X0 0.170831
Y0 -0.181681
Z0 0.285529
sigmaZ0 7.22416
dxdz 0.000101156
dydz 0.000125246
BeamWidthX 0.0154502
BeamWidthY 0.0145343
dxdy 0.0414297
Cov(0,j) 5.45604e-08 8.02039e-10 0 0 0 0 0 0 0 
Cov(1,j) 8.02039e-10 5.33213e-08 0 0 0 0 0 0 0 
Cov(2,j) 0 0 0.2372 0 0 0 0 0 0 
Cov(3,j) 0 0 0 0.118581 0 0 0 0 0 
Cov(4,j) 0 0 0 0 1.03609e-09 1.8507e-11 0 0 0 
Cov(5,j) 0 0 0 0 1.8507e-11 1.02517e-09 0 0 0 
Cov(6,j) 0 0 0 0 0 0 5.7612e-07 0 0 
Cov(7,j) 0 0 0 0 0 0 0 5.17914e-07 0 
Cov(8,j) 0 0 0 0 0 0 0 0 0.0048585 
EmittanceX 0
EmittanceY 0
BetaStar 0
