Runnumber 352509
BeginTimeOfFit 2022.05.28 11:29:03 GMT 1653737343
EndTimeOfFit 2022.05.28 11:29:27 GMT 1653737367
LumiRange 135 - 135
Type 2
X0 0.169606
Y0 -0.182626
Z0 -0.393827
sigmaZ0 7.41361
dxdz 0.000133163
dydz 0.000106291
BeamWidthX 0.0167275
BeamWidthY 0.0182721
dxdy 0.0283096
Cov(0,j) 9.19875e-08 1.76088e-09 0 0 0 0 0 0 0 
Cov(1,j) 1.76088e-09 9.49167e-08 0 0 0 0 0 0 0 
Cov(2,j) 0 0 0.325178 0 0 0 0 0 0 
Cov(3,j) 0 0 0 0.162554 0 0 0 0 0 
Cov(4,j) 0 0 0 0 1.59755e-09 2.34561e-11 0 0 0 
Cov(5,j) 0 0 0 0 2.34561e-11 1.61817e-09 0 0 0 
Cov(6,j) 0 0 0 0 0 0 8.69111e-07 0 0 
Cov(7,j) 0 0 0 0 0 0 0 1.03624e-06 0 
Cov(8,j) 0 0 0 0 0 0 0 0 0.00617811 
EmittanceX 0
EmittanceY 0
BetaStar 0
