Runnumber 352493
BeginTimeOfFit 2022.05.28 06:43:50 GMT 1653720230
EndTimeOfFit 2022.05.28 06:44:14 GMT 1653720254
LumiRange 68 - 68
Type 2
X0 0.170263
Y0 -0.182565
Z0 0.0808373
sigmaZ0 6.40371
dxdz 0.000183441
dydz 0.000189285
BeamWidthX 0.0133017
BeamWidthY 0.0147266
dxdy -0.0103043
Cov(0,j) 3.1896e-08 1.39846e-10 0 0 0 0 0 0 0 
Cov(1,j) 1.39846e-10 3.193e-08 0 0 0 0 0 0 0 
Cov(2,j) 0 0 0.112964 0 0 0 0 0 0 
Cov(3,j) 0 0 0 0.0564774 0 0 0 0 0 
Cov(4,j) 0 0 0 0 8.34911e-10 2.39251e-12 0 0 0 
Cov(5,j) 0 0 0 0 2.39251e-12 8.18829e-10 0 0 0 
Cov(6,j) 0 0 0 0 0 0 2.64151e-07 0 0 
Cov(7,j) 0 0 0 0 0 0 0 3.19857e-07 0 
Cov(8,j) 0 0 0 0 0 0 0 0 0.00296469 
EmittanceX 0
EmittanceY 0
BetaStar 0
