Runnumber 353015
BeginTimeOfFit 2022.06.04 05:02:11 GMT 1654318931
EndTimeOfFit 2022.06.04 05:02:35 GMT 1654318955
LumiRange 200 - 200
Type 2
X0 0.176106
Y0 -0.179012
Z0 -0.232832
sigmaZ0 6.36636
dxdz 0.000231218
dydz 0.000264028
BeamWidthX 0.0142593
BeamWidthY 0.0155456
dxdy 1.54037e-05
Cov(0,j) 3.23188e-08 -2.03841e-10 0 0 0 0 0 0 0 
Cov(1,j) -2.03841e-10 3.17577e-08 0 0 0 0 0 0 0 
Cov(2,j) 0 0 0.109538 0 0 0 0 0 0 
Cov(3,j) 0 0 0 0.0547647 0 0 0 0 0 
Cov(4,j) 0 0 0 0 6.80291e-10 -7.35602e-12 0 0 0 
Cov(5,j) 0 0 0 0 -7.35602e-12 6.72629e-10 0 0 0 
Cov(6,j) 0 0 0 0 0 0 2.94374e-07 0 0 
Cov(7,j) 0 0 0 0 0 0 0 3.45186e-07 0 
Cov(8,j) 0 0 0 0 0 0 0 0 0.00287483 
EmittanceX 0
EmittanceY 0
BetaStar 0
