Runnumber 353015
BeginTimeOfFit 2022.06.04 03:46:49 GMT 1654314409
EndTimeOfFit 2022.06.04 03:47:12 GMT 1654314432
LumiRange 6 - 6
Type 2
X0 0.178095
Y0 -0.179494
Z0 -0.449658
sigmaZ0 6.08955
dxdz 0.000145747
dydz 0.000229287
BeamWidthX 0.014086
BeamWidthY 0.0149128
dxdy -0.0552513
Cov(0,j) 2.34653e-08 -4.96475e-11 0 0 0 0 0 0 0 
Cov(1,j) -4.96475e-11 2.33643e-08 0 0 0 0 0 0 0 
Cov(2,j) 0 0 0.0753693 0 0 0 0 0 0 
Cov(3,j) 0 0 0 0.0376824 0 0 0 0 0 
Cov(4,j) 0 0 0 0 6.33432e-10 2.86757e-15 0 0 0 
Cov(5,j) 0 0 0 0 2.86757e-15 6.34387e-10 0 0 0 
Cov(6,j) 0 0 0 0 0 0 2.17299e-07 0 0 
Cov(7,j) 0 0 0 0 0 0 0 2.40734e-07 0 
Cov(8,j) 0 0 0 0 0 0 0 0 0.00216285 
EmittanceX 0
EmittanceY 0
BetaStar 0
