Runnumber 352909
BeginTimeOfFit 2022.06.03 08:37:23 GMT 1654245443
EndTimeOfFit 2022.06.03 08:37:47 GMT 1654245467
LumiRange 21 - 21
Type 2
X0 0.168675
Y0 -0.179313
Z0 0.339038
sigmaZ0 6.72368
dxdz 9.56506e-05
dydz 0.000132733
BeamWidthX 0.0145675
BeamWidthY 0.0143309
dxdy -0.0420461
Cov(0,j) 4.02936e-08 -1.65405e-12 0 0 0 0 0 0 0 
Cov(1,j) -1.65405e-12 4.00251e-08 0 0 0 0 0 0 0 
Cov(2,j) 0 0 0.162608 0 0 0 0 0 0 
Cov(3,j) 0 0 0 0.0812952 0 0 0 0 0 
Cov(4,j) 0 0 0 0 8.16489e-10 2.77293e-12 0 0 0 
Cov(5,j) 0 0 0 0 2.77293e-12 8.28524e-10 0 0 0 
Cov(6,j) 0 0 0 0 0 0 4.05444e-07 0 0 
Cov(7,j) 0 0 0 0 0 0 0 3.95551e-07 0 
Cov(8,j) 0 0 0 0 0 0 0 0 0.00382172 
EmittanceX 0
EmittanceY 0
BetaStar 0
