Runnumber 353087
BeginTimeOfFit 2022.06.05 15:46:47 GMT 1654444007
EndTimeOfFit 2022.06.05 15:47:10 GMT 1654444030
LumiRange 149 - 149
Type 2
X0 0.171213
Y0 -0.180992
Z0 -0.00514798
sigmaZ0 7.13479
dxdz 0.000146341
dydz 0.000171945
BeamWidthX 0.0130262
BeamWidthY 0.0145441
dxdy 0.0247206
Cov(0,j) 3.55199e-08 -3.11353e-10 0 0 0 0 0 0 0 
Cov(1,j) -3.11353e-10 3.53167e-08 0 0 0 0 0 0 0 
Cov(2,j) 0 0 0.166347 0 0 0 0 0 0 
Cov(3,j) 0 0 0 0.0831642 0 0 0 0 0 
Cov(4,j) 0 0 0 0 7.20286e-10 -2.31331e-12 0 0 0 
Cov(5,j) 0 0 0 0 -2.31331e-12 7.11668e-10 0 0 0 
Cov(6,j) 0 0 0 0 0 0 3.02889e-07 0 0 
Cov(7,j) 0 0 0 0 0 0 0 3.69425e-07 0 
Cov(8,j) 0 0 0 0 0 0 0 0 0.00352926 
EmittanceX 0
EmittanceY 0
BetaStar 0
