Runnumber 353018
BeginTimeOfFit 2022.06.04 06:31:57 GMT 1654324317
EndTimeOfFit 2022.06.04 06:32:20 GMT 1654324340
LumiRange 21 - 21
Type 2
X0 0.175014
Y0 -0.179914
Z0 -0.277845
sigmaZ0 5.87001
dxdz 0.000103554
dydz 0.000188011
BeamWidthX 0.0128756
BeamWidthY 0.0137717
dxdy -0.123648
Cov(0,j) 1.16735e-07 3.70163e-09 0 0 0 0 0 0 0 
Cov(1,j) 3.70163e-09 1.14163e-07 0 0 0 0 0 0 0 
Cov(2,j) 0 0 0.447422 0 0 0 0 0 0 
Cov(3,j) 0 0 0 0.223636 0 0 0 0 0 
Cov(4,j) 0 0 0 0 3.11122e-09 1.22922e-10 0 0 0 
Cov(5,j) 0 0 0 0 1.22922e-10 2.95951e-09 0 0 0 
Cov(6,j) 0 0 0 0 0 0 1.17805e-06 0 0 
Cov(7,j) 0 0 0 0 0 0 0 1.31621e-06 0 
Cov(8,j) 0 0 0 0 0 0 0 0 0.0135189 
EmittanceX 0
EmittanceY 0
BetaStar 0
