Runnumber 353018
BeginTimeOfFit 2022.06.04 07:55:52 GMT 1654329352
EndTimeOfFit 2022.06.04 07:56:15 GMT 1654329375
LumiRange 237 - 237
Type 2
X0 0.170305
Y0 -0.180407
Z0 0.27577
sigmaZ0 6.82074
dxdz 0.000142695
dydz 0.00023299
BeamWidthX 0.0148836
BeamWidthY 0.0160109
dxdy -0.00795578
Cov(0,j) 3.98622e-08 -3.90785e-10 0 0 0 0 0 0 0 
Cov(1,j) -3.90785e-10 3.89674e-08 0 0 0 0 0 0 0 
Cov(2,j) 0 0 0.151531 0 0 0 0 0 0 
Cov(3,j) 0 0 0 0.0757581 0 0 0 0 0 
Cov(4,j) 0 0 0 0 7.97533e-10 -1.82969e-11 0 0 0 
Cov(5,j) 0 0 0 0 -1.82969e-11 7.86161e-10 0 0 0 
Cov(6,j) 0 0 0 0 0 0 3.82834e-07 0 0 
Cov(7,j) 0 0 0 0 0 0 0 4.38106e-07 0 
Cov(8,j) 0 0 0 0 0 0 0 0 0.00343947 
EmittanceX 0
EmittanceY 0
BetaStar 0
