Runnumber 353689
BeginTimeOfFit 2022.06.13 08:03:14 GMT 1655107394
EndTimeOfFit 2022.06.13 08:03:38 GMT 1655107418
LumiRange 17 - 17
Type 2
X0 0.173072
Y0 -0.181463
Z0 1.29738
sigmaZ0 5.27417
dxdz 0.000121612
dydz 0.000199694
BeamWidthX 0.0139174
BeamWidthY 0.0151494
dxdy -0.0510927
Cov(0,j) 3.34208e-08 -3.16747e-10 0 0 0 0 0 0 0 
Cov(1,j) -3.16747e-10 3.34654e-08 0 0 0 0 0 0 0 
Cov(2,j) 0 0 0.0747747 0 0 0 0 0 0 
Cov(3,j) 0 0 0 0.0373847 0 0 0 0 0 
Cov(4,j) 0 0 0 0 1.00352e-09 -8.11968e-12 0 0 0 
Cov(5,j) 0 0 0 0 -8.11968e-12 9.96685e-10 0 0 0 
Cov(6,j) 0 0 0 0 0 0 2.79951e-07 0 0 
Cov(7,j) 0 0 0 0 0 0 0 3.26393e-07 0 
Cov(8,j) 0 0 0 0 0 0 0 0 0.00284995 
EmittanceX 0
EmittanceY 0
BetaStar 0
