Runnumber 353015
BeginTimeOfFit 2022.06.04 05:13:04 GMT 1654319584
EndTimeOfFit 2022.06.04 05:13:27 GMT 1654319607
LumiRange 228 - 228
Type 2
X0 0.17606
Y0 -0.17805
Z0 -0.327239
sigmaZ0 6.86663
dxdz 0.000112872
dydz 0.000201012
BeamWidthX 0.0143215
BeamWidthY 0.0156652
dxdy 0.0346741
Cov(0,j) 3.36508e-08 -1.09714e-10 0 0 0 0 0 0 0 
Cov(1,j) -1.09714e-10 3.32125e-08 0 0 0 0 0 0 0 
Cov(2,j) 0 0 0.127428 0 0 0 0 0 0 
Cov(3,j) 0 0 0 0.0637084 0 0 0 0 0 
Cov(4,j) 0 0 0 0 7.07728e-10 -2.41231e-13 0 0 0 
Cov(5,j) 0 0 0 0 -2.41231e-13 6.78398e-10 0 0 0 
Cov(6,j) 0 0 0 0 0 0 2.97901e-07 0 0 
Cov(7,j) 0 0 0 0 0 0 0 3.50823e-07 0 
Cov(8,j) 0 0 0 0 0 0 0 0 0.00286969 
EmittanceX 0
EmittanceY 0
BetaStar 0
