Runnumber 352493
BeginTimeOfFit 2022.05.28 07:42:54 GMT 1653723774
EndTimeOfFit 2022.05.28 07:43:17 GMT 1653723797
LumiRange 220 - 220
Type 2
X0 0.169922
Y0 -0.18213
Z0 -0.205336
sigmaZ0 6.48591
dxdz 3.49896e-05
dydz 0.000234983
BeamWidthX 0.0143995
BeamWidthY 0.0137958
dxdy -0.106642
Cov(0,j) 3.73073e-08 6.61728e-12 0 0 0 0 0 0 0 
Cov(1,j) 6.61728e-12 3.68334e-08 0 0 0 0 0 0 0 
Cov(2,j) 0 0 0.130232 0 0 0 0 0 0 
Cov(3,j) 0 0 0 0.0651109 0 0 0 0 0 
Cov(4,j) 0 0 0 0 7.73859e-10 -6.91192e-12 0 0 0 
Cov(5,j) 0 0 0 0 -6.91192e-12 7.72011e-10 0 0 0 
Cov(6,j) 0 0 0 0 0 0 3.42721e-07 0 0 
Cov(7,j) 0 0 0 0 0 0 0 3.17722e-07 0 
Cov(8,j) 0 0 0 0 0 0 0 0 0.00324652 
EmittanceX 0
EmittanceY 0
BetaStar 0
