Runnumber 352505
BeginTimeOfFit 2022.05.28 10:02:31 GMT 1653732151
EndTimeOfFit 2022.05.28 10:02:54 GMT 1653732174
LumiRange 109 - 109
Type 2
X0 0.170009
Y0 -0.181561
Z0 -0.739971
sigmaZ0 6.80441
dxdz 7.31749e-05
dydz 0.000287635
BeamWidthX 0.0154158
BeamWidthY 0.0163354
dxdy 0.00782713
Cov(0,j) 6.72663e-08 -8.29895e-11 0 0 0 0 0 0 0 
Cov(1,j) -8.29895e-11 6.43835e-08 0 0 0 0 0 0 0 
Cov(2,j) 0 0 0.270733 0 0 0 0 0 0 
Cov(3,j) 0 0 0 0.135341 0 0 0 0 0 
Cov(4,j) 0 0 0 0 1.22193e-09 -1.97037e-12 0 0 0 
Cov(5,j) 0 0 0 0 -1.97037e-12 1.15702e-09 0 0 0 
Cov(6,j) 0 0 0 0 0 0 7.39167e-07 0 0 
Cov(7,j) 0 0 0 0 0 0 0 8.2147e-07 0 
Cov(8,j) 0 0 0 0 0 0 0 0 0.00618194 
EmittanceX 0
EmittanceY 0
BetaStar 0
