Runnumber 353060
BeginTimeOfFit 2022.06.05 10:18:04 GMT 1654424284
EndTimeOfFit 2022.06.05 10:18:27 GMT 1654424307
LumiRange 871 - 871
Type 2
X0 0.168744
Y0 -0.180593
Z0 1.57433
sigmaZ0 7.97108
dxdz 0.0001846
dydz 0.000214432
BeamWidthX 0.0158539
BeamWidthY 0.0182168
dxdy 0.0800863
Cov(0,j) 1.09264e-07 -1.41913e-09 0 0 0 0 0 0 0 
Cov(1,j) -1.41913e-09 1.10382e-07 0 0 0 0 0 0 0 
Cov(2,j) 0 0 0.508209 0 0 0 0 0 0 
Cov(3,j) 0 0 0 0.254027 0 0 0 0 0 
Cov(4,j) 0 0 0 0 1.80931e-09 -7.16956e-11 0 0 0 
Cov(5,j) 0 0 0 0 -7.16956e-11 1.80467e-09 0 0 0 
Cov(6,j) 0 0 0 0 0 0 1.06483e-06 0 0 
Cov(7,j) 0 0 0 0 0 0 0 1.3837e-06 0 
Cov(8,j) 0 0 0 0 0 0 0 0 0.00825077 
EmittanceX 0
EmittanceY 0
BetaStar 0
