Runnumber 352900
BeginTimeOfFit 2022.06.03 07:02:59 GMT 1654239779
EndTimeOfFit 2022.06.03 07:03:22 GMT 1654239802
LumiRange 6 - 6
Type 2
X0 0.169529
Y0 -0.180869
Z0 0.115533
sigmaZ0 5.96052
dxdz 0.000168932
dydz 0.000188515
BeamWidthX 0.0119529
BeamWidthY 0.0132446
dxdy 0.0300277
Cov(0,j) 2.35836e-08 -1.39294e-10 0 0 0 0 0 0 0 
Cov(1,j) -1.39294e-10 2.36651e-08 0 0 0 0 0 0 0 
Cov(2,j) 0 0 0.0901692 0 0 0 0 0 0 
Cov(3,j) 0 0 0 0.0450812 0 0 0 0 0 
Cov(4,j) 0 0 0 0 6.54451e-10 2.2184e-12 0 0 0 
Cov(5,j) 0 0 0 0 2.2184e-12 6.81384e-10 0 0 0 
Cov(6,j) 0 0 0 0 0 0 1.98259e-07 0 0 
Cov(7,j) 0 0 0 0 0 0 0 2.3959e-07 0 
Cov(8,j) 0 0 0 0 0 0 0 0 0.00274556 
EmittanceX 0
EmittanceY 0
BetaStar 0
