Runnumber 353015
BeginTimeOfFit 2022.06.04 05:07:14 GMT 1654319234
EndTimeOfFit 2022.06.04 05:07:38 GMT 1654319258
LumiRange 213 - 213
Type 2
X0 0.176043
Y0 -0.176925
Z0 -0.532065
sigmaZ0 6.56763
dxdz 0.000156302
dydz 0.000236281
BeamWidthX 0.0148587
BeamWidthY 0.0151426
dxdy -0.0185976
Cov(0,j) 3.24227e-08 -2.01664e-10 0 0 0 0 0 0 0 
Cov(1,j) -2.01664e-10 3.152e-08 0 0 0 0 0 0 0 
Cov(2,j) 0 0 0.107028 0 0 0 0 0 0 
Cov(3,j) 0 0 0 0.0535098 0 0 0 0 0 
Cov(4,j) 0 0 0 0 6.78245e-10 -1.21041e-11 0 0 0 
Cov(5,j) 0 0 0 0 -1.21041e-11 6.81295e-10 0 0 0 
Cov(6,j) 0 0 0 0 0 0 2.92074e-07 0 0 
Cov(7,j) 0 0 0 0 0 0 0 3.03065e-07 0 
Cov(8,j) 0 0 0 0 0 0 0 0 0.00264439 
EmittanceX 0
EmittanceY 0
BetaStar 0
