Runnumber 353018
BeginTimeOfFit 2022.06.04 08:26:10 GMT 1654331170
EndTimeOfFit 2022.06.04 08:26:33 GMT 1654331193
LumiRange 315 - 315
Type 2
X0 0.175062
Y0 -0.179778
Z0 0.217476
sigmaZ0 7.0063
dxdz 9.91299e-05
dydz 0.00025291
BeamWidthX 0.0159644
BeamWidthY 0.0152153
dxdy 0.0433141
Cov(0,j) 4.19303e-08 -6.77418e-10 0 0 0 0 0 0 0 
Cov(1,j) -6.77418e-10 4.09915e-08 0 0 0 0 0 0 0 
Cov(2,j) 0 0 0.148744 0 0 0 0 0 0 
Cov(3,j) 0 0 0 0.0743648 0 0 0 0 0 
Cov(4,j) 0 0 0 0 8.15851e-10 -1.92272e-11 0 0 0 
Cov(5,j) 0 0 0 0 -1.92272e-11 8.01331e-10 0 0 0 
Cov(6,j) 0 0 0 0 0 0 4.09186e-07 0 0 
Cov(7,j) 0 0 0 0 0 0 0 3.71749e-07 0 
Cov(8,j) 0 0 0 0 0 0 0 0 0.00319208 
EmittanceX 0
EmittanceY 0
BetaStar 0
