Runnumber 352568
BeginTimeOfFit 2022.05.29 10:11:59 GMT 1653819119
EndTimeOfFit 2022.05.29 10:12:22 GMT 1653819142
LumiRange 419 - 419
Type 2
X0 0.177844
Y0 -0.182042
Z0 -0.614954
sigmaZ0 7.425
dxdz 0.000145758
dydz 0.000172877
BeamWidthX 0.0146234
BeamWidthY 0.014498
dxdy 0.0674133
Cov(0,j) 1.02901e-07 8.66905e-10 0 0 0 0 0 0 0 
Cov(1,j) 8.66905e-10 1.04926e-07 0 0 0 0 0 0 0 
Cov(2,j) 0 0 0.524952 0 0 0 0 0 0 
Cov(3,j) 0 0 0 0.26239 0 0 0 0 0 
Cov(4,j) 0 0 0 0 2.51289e-09 -1.62006e-11 0 0 0 
Cov(5,j) 0 0 0 0 -1.62006e-11 2.45637e-09 0 0 0 
Cov(6,j) 0 0 0 0 0 0 1.09213e-06 0 0 
Cov(7,j) 0 0 0 0 0 0 0 1.07107e-06 0 
Cov(8,j) 0 0 0 0 0 0 0 0 0.0100818 
EmittanceX 0
EmittanceY 0
BetaStar 0
