Runnumber 352509
BeginTimeOfFit 2022.05.28 12:21:30 GMT 1653740490
EndTimeOfFit 2022.05.28 12:21:54 GMT 1653740514
LumiRange 270 - 270
Type 2
X0 0.170064
Y0 -0.182388
Z0 0.031649
sigmaZ0 7.42051
dxdz 0.000168398
dydz 5.80188e-05
BeamWidthX 0.0171127
BeamWidthY 0.0142682
dxdy -0.0188346
Cov(0,j) 8.45606e-08 5.97559e-10 0 0 0 0 0 0 0 
Cov(1,j) 5.97559e-10 8.43025e-08 0 0 0 0 0 0 0 
Cov(2,j) 0 0 0.462644 0 0 0 0 0 0 
Cov(3,j) 0 0 0 0.231257 0 0 0 0 0 
Cov(4,j) 0 0 0 0 1.44768e-09 -2.66581e-11 0 0 0 
Cov(5,j) 0 0 0 0 -2.66581e-11 1.46932e-09 0 0 0 
Cov(6,j) 0 0 0 0 0 0 1.2965e-06 0 0 
Cov(7,j) 0 0 0 0 0 0 0 9.29667e-07 0 
Cov(8,j) 0 0 0 0 0 0 0 0 0.00894821 
EmittanceX 0
EmittanceY 0
BetaStar 0
