Runnumber 352572
BeginTimeOfFit 2022.05.29 11:58:12 GMT 1653825492
EndTimeOfFit 2022.05.29 11:58:36 GMT 1653825516
LumiRange 19 - 19
Type 2
X0 0.178248
Y0 -0.181554
Z0 -0.126279
sigmaZ0 7.07587
dxdz 0.000243224
dydz 0.000129461
BeamWidthX 0.0153777
BeamWidthY 0.0169198
dxdy 0.0943494
Cov(0,j) 9.62219e-08 6.17676e-10 0 0 0 0 0 0 0 
Cov(1,j) 6.17676e-10 9.22369e-08 0 0 0 0 0 0 0 
Cov(2,j) 0 0 0.352546 0 0 0 0 0 0 
Cov(3,j) 0 0 0 0.17623 0 0 0 0 0 
Cov(4,j) 0 0 0 0 2.09646e-09 -3.52428e-11 0 0 0 
Cov(5,j) 0 0 0 0 -3.52428e-11 1.99191e-09 0 0 0 
Cov(6,j) 0 0 0 0 0 0 8.8507e-07 0 0 
Cov(7,j) 0 0 0 0 0 0 0 1.06223e-06 0 
Cov(8,j) 0 0 0 0 0 0 0 0 0.00730971 
EmittanceX 0
EmittanceY 0
BetaStar 0
