Runnumber 353087
BeginTimeOfFit 2022.06.05 15:06:22 GMT 1654441582
EndTimeOfFit 2022.06.05 15:06:46 GMT 1654441606
LumiRange 45 - 45
Type 2
X0 0.171948
Y0 -0.180586
Z0 -0.278934
sigmaZ0 6.77756
dxdz 0.000112067
dydz 0.000124498
BeamWidthX 0.0121085
BeamWidthY 0.0136847
dxdy 0.0343215
Cov(0,j) 2.70361e-08 -2.26544e-10 0 0 0 0 0 0 0 
Cov(1,j) -2.26544e-10 2.65767e-08 0 0 0 0 0 0 0 
Cov(2,j) 0 0 0.115701 0 0 0 0 0 0 
Cov(3,j) 0 0 0 0.057846 0 0 0 0 0 
Cov(4,j) 0 0 0 0 5.74984e-10 -1.63591e-11 0 0 0 
Cov(5,j) 0 0 0 0 -1.63591e-11 5.55065e-10 0 0 0 
Cov(6,j) 0 0 0 0 0 0 2.04635e-07 0 0 
Cov(7,j) 0 0 0 0 0 0 0 2.53089e-07 0 
Cov(8,j) 0 0 0 0 0 0 0 0 0.00272392 
EmittanceX 0
EmittanceY 0
BetaStar 0
