Runnumber 353709
BeginTimeOfFit 2022.06.13 12:22:24 GMT 1655122944
EndTimeOfFit 2022.06.13 12:22:47 GMT 1655122967
LumiRange 119 - 119
Type 2
X0 0.172755
Y0 -0.180161
Z0 0.319046
sigmaZ0 7.16532
dxdz 0.000111091
dydz 0.000135302
BeamWidthX 0.0179511
BeamWidthY 0.0177398
dxdy 0.0443864
Cov(0,j) 1.02906e-07 -8.83715e-10 0 0 0 0 0 0 0 
Cov(1,j) -8.83715e-10 1.02668e-07 0 0 0 0 0 0 0 
Cov(2,j) 0 0 0.311127 0 0 0 0 0 0 
Cov(3,j) 0 0 0 0.15553 0 0 0 0 0 
Cov(4,j) 0 0 0 0 1.82941e-09 6.59495e-12 0 0 0 
Cov(5,j) 0 0 0 0 6.59495e-12 1.8694e-09 0 0 0 
Cov(6,j) 0 0 0 0 0 0 1.01688e-06 0 0 
Cov(7,j) 0 0 0 0 0 0 0 9.9612e-07 0 
Cov(8,j) 0 0 0 0 0 0 0 0 0.00628043 
EmittanceX 0
EmittanceY 0
BetaStar 0
