Runnumber 353018
BeginTimeOfFit 2022.06.04 08:47:09 GMT 1654332429
EndTimeOfFit 2022.06.04 08:47:32 GMT 1654332452
LumiRange 369 - 369
Type 2
X0 0.196004
Y0 -0.179647
Z0 0.700491
sigmaZ0 7.09617
dxdz 0.000113494
dydz 0.000206829
BeamWidthX 0.0141926
BeamWidthY 0.0162278
dxdy -0.0939192
Cov(0,j) 4.47283e-08 -3.75007e-10 0 0 0 0 0 0 0 
Cov(1,j) -3.75007e-10 4.37737e-08 0 0 0 0 0 0 0 
Cov(2,j) 0 0 0.243242 0 0 0 0 0 0 
Cov(3,j) 0 0 0 0.121604 0 0 0 0 0 
Cov(4,j) 0 0 0 0 8.57786e-10 -3.33643e-12 0 0 0 
Cov(5,j) 0 0 0 0 -3.33643e-12 8.2409e-10 0 0 0 
Cov(6,j) 0 0 0 0 0 0 5.26924e-07 0 0 
Cov(7,j) 0 0 0 0 0 0 0 6.76344e-07 0 
Cov(8,j) 0 0 0 0 0 0 0 0 0.00510174 
EmittanceX 0
EmittanceY 0
BetaStar 0
