Runnumber 353060
BeginTimeOfFit 2022.06.05 06:26:07 GMT 1654410367
EndTimeOfFit 2022.06.05 06:26:30 GMT 1654410390
LumiRange 274 - 274
Type 2
X0 0.1665
Y0 -0.178994
Z0 0.90568
sigmaZ0 7.38195
dxdz 0.000200594
dydz 0.000175962
BeamWidthX 0.0142616
BeamWidthY 0.0143469
dxdy 0.0240259
Cov(0,j) 4.4686e-08 -6.13748e-11 0 0 0 0 0 0 0 
Cov(1,j) -6.13748e-11 4.42709e-08 0 0 0 0 0 0 0 
Cov(2,j) 0 0 0.215371 0 0 0 0 0 0 
Cov(3,j) 0 0 0 0.107667 0 0 0 0 0 
Cov(4,j) 0 0 0 0 8.19496e-10 3.82159e-12 0 0 0 
Cov(5,j) 0 0 0 0 3.82159e-12 8.05881e-10 0 0 0 
Cov(6,j) 0 0 0 0 0 0 4.29884e-07 0 0 
Cov(7,j) 0 0 0 0 0 0 0 4.35697e-07 0 
Cov(8,j) 0 0 0 0 0 0 0 0 0.00422256 
EmittanceX 0
EmittanceY 0
BetaStar 0
