Runnumber 352493
BeginTimeOfFit 2022.05.28 06:35:41 GMT 1653719741
EndTimeOfFit 2022.05.28 06:36:04 GMT 1653719764
LumiRange 47 - 47
Type 2
X0 0.170445
Y0 -0.182119
Z0 0.0678989
sigmaZ0 5.51386
dxdz 0.000158947
dydz 0.000150612
BeamWidthX 0.0133688
BeamWidthY 0.0138791
dxdy 0.0288657
Cov(0,j) 3.03541e-08 -2.28443e-10 0 0 0 0 0 0 0 
Cov(1,j) -2.28443e-10 2.97322e-08 0 0 0 0 0 0 0 
Cov(2,j) 0 0 0.0800049 0 0 0 0 0 0 
Cov(3,j) 0 0 0 0.0399997 0 0 0 0 0 
Cov(4,j) 0 0 0 0 8.65094e-10 -1.72751e-11 0 0 0 
Cov(5,j) 0 0 0 0 -1.72751e-11 8.44969e-10 0 0 0 
Cov(6,j) 0 0 0 0 0 0 2.53538e-07 0 0 
Cov(7,j) 0 0 0 0 0 0 0 2.72527e-07 0 
Cov(8,j) 0 0 0 0 0 0 0 0 0.00283188 
EmittanceX 0
EmittanceY 0
BetaStar 0
