Runnumber 352568
BeginTimeOfFit 2022.05.29 11:19:11 GMT 1653823151
EndTimeOfFit 2022.05.29 11:19:35 GMT 1653823175
LumiRange 592 - 592
Type 2
X0 0.176903
Y0 -0.18196
Z0 -0.469666
sigmaZ0 7.00602
dxdz 0.000216428
dydz 0.000162279
BeamWidthX 0.0159895
BeamWidthY 0.0170988
dxdy -0.0954507
Cov(0,j) 9.88523e-08 2.06767e-09 0 0 0 0 0 0 0 
Cov(1,j) 2.06767e-09 9.48927e-08 0 0 0 0 0 0 0 
Cov(2,j) 0 0 0.325023 0 0 0 0 0 0 
Cov(3,j) 0 0 0 0.162476 0 0 0 0 0 
Cov(4,j) 0 0 0 0 2.18804e-09 4.20961e-11 0 0 0 
Cov(5,j) 0 0 0 0 4.20961e-11 2.10574e-09 0 0 0 
Cov(6,j) 0 0 0 0 0 0 9.00513e-07 0 0 
Cov(7,j) 0 0 0 0 0 0 0 1.02207e-06 0 
Cov(8,j) 0 0 0 0 0 0 0 0 0.00688371 
EmittanceX 0
EmittanceY 0
BetaStar 0
