Runnumber 352568
BeginTimeOfFit 2022.05.29 08:26:41 GMT 1653812801
EndTimeOfFit 2022.05.29 08:27:04 GMT 1653812824
LumiRange 148 - 148
Type 2
X0 0.176593
Y0 -0.181099
Z0 -0.380149
sigmaZ0 6.64525
dxdz 0.000108445
dydz 0.000316679
BeamWidthX 0.0143459
BeamWidthY 0.0146619
dxdy -0.026527
Cov(0,j) 5.78945e-08 7.44286e-10 0 0 0 0 0 0 0 
Cov(1,j) 7.44286e-10 5.46681e-08 0 0 0 0 0 0 0 
Cov(2,j) 0 0 0.224141 0 0 0 0 0 0 
Cov(3,j) 0 0 0 0.112053 0 0 0 0 0 
Cov(4,j) 0 0 0 0 1.13314e-09 -1.95949e-11 0 0 0 
Cov(5,j) 0 0 0 0 -1.95949e-11 1.09399e-09 0 0 0 
Cov(6,j) 0 0 0 0 0 0 5.57808e-07 0 0 
Cov(7,j) 0 0 0 0 0 0 0 5.7648e-07 0 
Cov(8,j) 0 0 0 0 0 0 0 0 0.00538574 
EmittanceX 0
EmittanceY 0
BetaStar 0
