Runnumber 352567
BeginTimeOfFit 2022.05.29 06:53:02 GMT 1653807182
EndTimeOfFit 2022.05.29 06:53:26 GMT 1653807206
LumiRange 35 - 35
Type 2
X0 0.176253
Y0 -0.182216
Z0 0.0269505
sigmaZ0 6.71057
dxdz 0.000122389
dydz 0.000167399
BeamWidthX 0.0142685
BeamWidthY 0.014155
dxdy -0.0569929
Cov(0,j) 3.95116e-08 5.34855e-10 0 0 0 0 0 0 0 
Cov(1,j) 5.34855e-10 4.0043e-08 0 0 0 0 0 0 0 
Cov(2,j) 0 0 0.159678 0 0 0 0 0 0 
Cov(3,j) 0 0 0 0.0798301 0 0 0 0 0 
Cov(4,j) 0 0 0 0 9.01709e-10 1.16057e-11 0 0 0 
Cov(5,j) 0 0 0 0 1.16057e-11 9.02289e-10 0 0 0 
Cov(6,j) 0 0 0 0 0 0 3.90642e-07 0 0 
Cov(7,j) 0 0 0 0 0 0 0 3.79779e-07 0 
Cov(8,j) 0 0 0 0 0 0 0 0 0.00376359 
EmittanceX 0
EmittanceY 0
BetaStar 0
