Runnumber 352509
BeginTimeOfFit 2022.05.28 12:19:57 GMT 1653740397
EndTimeOfFit 2022.05.28 12:20:20 GMT 1653740420
LumiRange 266 - 266
Type 2
X0 0.171134
Y0 -0.181924
Z0 -0.408183
sigmaZ0 6.78178
dxdz 0.000149978
dydz 0.00017932
BeamWidthX 0.0155893
BeamWidthY 0.017809
dxdy -0.0521234
Cov(0,j) 9.01862e-08 1.76212e-09 0 0 0 0 0 0 0 
Cov(1,j) 1.76212e-09 9.08383e-08 0 0 0 0 0 0 0 
Cov(2,j) 0 0 0.285638 0 0 0 0 0 0 
Cov(3,j) 0 0 0 0.142791 0 0 0 0 0 
Cov(4,j) 0 0 0 0 1.55932e-09 5.52371e-11 0 0 0 
Cov(5,j) 0 0 0 0 5.52371e-11 1.67069e-09 0 0 0 
Cov(6,j) 0 0 0 0 0 0 8.03673e-07 0 0 
Cov(7,j) 0 0 0 0 0 0 0 1.02902e-06 0 
Cov(8,j) 0 0 0 0 0 0 0 0 0.00649006 
EmittanceX 0
EmittanceY 0
BetaStar 0
