Runnumber 353018
BeginTimeOfFit 2022.06.04 08:20:20 GMT 1654330820
EndTimeOfFit 2022.06.04 08:20:44 GMT 1654330844
LumiRange 300 - 300
Type 2
X0 0.17493
Y0 -0.180055
Z0 0.628205
sigmaZ0 7.17028
dxdz 0.000112383
dydz 0.000245678
BeamWidthX 0.0147557
BeamWidthY 0.0151485
dxdy 0.0370727
Cov(0,j) 5.26206e-08 -4.72464e-10 0 0 0 0 0 0 0 
Cov(1,j) -4.72464e-10 5.2314e-08 0 0 0 0 0 0 0 
Cov(2,j) 0 0 0.223516 0 0 0 0 0 0 
Cov(3,j) 0 0 0 0.111742 0 0 0 0 0 
Cov(4,j) 0 0 0 0 1.0548e-09 -8.38789e-12 0 0 0 
Cov(5,j) 0 0 0 0 -8.38789e-12 1.00791e-09 0 0 0 
Cov(6,j) 0 0 0 0 0 0 5.04244e-07 0 0 
Cov(7,j) 0 0 0 0 0 0 0 5.31152e-07 0 
Cov(8,j) 0 0 0 0 0 0 0 0 0.00460827 
EmittanceX 0
EmittanceY 0
BetaStar 0
