Runnumber 353060
BeginTimeOfFit 2022.06.05 10:19:13 GMT 1654424353
EndTimeOfFit 2022.06.05 10:19:37 GMT 1654424377
LumiRange 874 - 874
Type 2
X0 0.168652
Y0 -0.17987
Z0 -0.0122219
sigmaZ0 7.3886
dxdz 0.00017996
dydz 0.000244307
BeamWidthX 0.0166832
BeamWidthY 0.016037
dxdy -0.0521033
Cov(0,j) 1.03447e-07 -2.68026e-10 0 0 0 0 0 0 0 
Cov(1,j) -2.68026e-10 1.01588e-07 0 0 0 0 0 0 0 
Cov(2,j) 0 0 0.37132 0 0 0 0 0 0 
Cov(3,j) 0 0 0 0.185615 0 0 0 0 0 
Cov(4,j) 0 0 0 0 1.78564e-09 1.44202e-11 0 0 0 
Cov(5,j) 0 0 0 0 1.44202e-11 1.74038e-09 0 0 0 
Cov(6,j) 0 0 0 0 0 0 9.90967e-07 0 0 
Cov(7,j) 0 0 0 0 0 0 0 9.24793e-07 0 
Cov(8,j) 0 0 0 0 0 0 0 0 0.00706833 
EmittanceX 0
EmittanceY 0
BetaStar 0
