Runnumber 353018
BeginTimeOfFit 2022.06.04 07:57:25 GMT 1654329445
EndTimeOfFit 2022.06.04 07:57:48 GMT 1654329468
LumiRange 241 - 241
Type 2
X0 0.156759
Y0 -0.180781
Z0 0.416257
sigmaZ0 6.73586
dxdz 7.12222e-05
dydz 0.000155781
BeamWidthX 0.0149184
BeamWidthY 0.0178698
dxdy 0.0336778
Cov(0,j) 7.37596e-08 7.2594e-10 0 0 0 0 0 0 0 
Cov(1,j) 7.2594e-10 7.1432e-08 0 0 0 0 0 0 0 
Cov(2,j) 0 0 0.26224 0 0 0 0 0 0 
Cov(3,j) 0 0 0 0.131096 0 0 0 0 0 
Cov(4,j) 0 0 0 0 1.54998e-09 8.45065e-12 0 0 0 
Cov(5,j) 0 0 0 0 8.45065e-12 1.49889e-09 0 0 0 
Cov(6,j) 0 0 0 0 0 0 6.93557e-07 0 0 
Cov(7,j) 0 0 0 0 0 0 0 9.65196e-07 0 
Cov(8,j) 0 0 0 0 0 0 0 0 0.00608852 
EmittanceX 0
EmittanceY 0
BetaStar 0
