Runnumber 353060
BeginTimeOfFit 2022.06.05 10:59:15 GMT 1654426755
EndTimeOfFit 2022.06.05 10:59:38 GMT 1654426778
LumiRange 977 - 977
Type 2
X0 0.167555
Y0 -0.181175
Z0 -0.0757238
sigmaZ0 7.6208
dxdz 0.000231974
dydz 0.000343737
BeamWidthX 0.0177205
BeamWidthY 0.019233
dxdy 0.0730935
Cov(0,j) 1.63282e-07 2.69203e-09 0 0 0 0 0 0 0 
Cov(1,j) 2.69203e-09 1.60015e-07 0 0 0 0 0 0 0 
Cov(2,j) 0 0 0.552999 0 0 0 0 0 0 
Cov(3,j) 0 0 0 0.276408 0 0 0 0 0 
Cov(4,j) 0 0 0 0 2.92753e-09 7.02415e-11 0 0 0 
Cov(5,j) 0 0 0 0 7.02415e-11 2.82125e-09 0 0 0 
Cov(6,j) 0 0 0 0 0 0 1.56404e-06 0 0 
Cov(7,j) 0 0 0 0 0 0 0 1.84561e-06 0 
Cov(8,j) 0 0 0 0 0 0 0 0 0.0098221 
EmittanceX 0
EmittanceY 0
BetaStar 0
