Runnumber 353018
BeginTimeOfFit 2022.06.04 08:39:46 GMT 1654331986
EndTimeOfFit 2022.06.04 08:40:09 GMT 1654332009
LumiRange 350 - 350
Type 2
X0 0.174905
Y0 -0.179914
Z0 -0.680979
sigmaZ0 6.94729
dxdz 0.000165238
dydz 0.000169538
BeamWidthX 0.0141322
BeamWidthY 0.0161755
dxdy -0.0750398
Cov(0,j) 4.29728e-08 -3.88223e-10 0 0 0 0 0 0 0 
Cov(1,j) -3.88223e-10 4.1885e-08 0 0 0 0 0 0 0 
Cov(2,j) 0 0 0.165281 0 0 0 0 0 0 
Cov(3,j) 0 0 0 0.0826313 0 0 0 0 0 
Cov(4,j) 0 0 0 0 8.17115e-10 -1.14894e-11 0 0 0 
Cov(5,j) 0 0 0 0 -1.14894e-11 7.92693e-10 0 0 0 
Cov(6,j) 0 0 0 0 0 0 3.66412e-07 0 0 
Cov(7,j) 0 0 0 0 0 0 0 4.7194e-07 0 
Cov(8,j) 0 0 0 0 0 0 0 0 0.00358683 
EmittanceX 0
EmittanceY 0
BetaStar 0
