Runnumber 352509
BeginTimeOfFit 2022.05.28 11:34:30 GMT 1653737670
EndTimeOfFit 2022.05.28 11:34:53 GMT 1653737693
LumiRange 149 - 149
Type 2
X0 0.171878
Y0 -0.181908
Z0 0.284866
sigmaZ0 7.65292
dxdz 0.000128807
dydz 0.000281381
BeamWidthX 0.0163047
BeamWidthY 0.0152818
dxdy 0.0306184
Cov(0,j) 1.24073e-07 1.55455e-09 0 0 0 0 0 0 0 
Cov(1,j) 1.55455e-09 1.24202e-07 0 0 0 0 0 0 0 
Cov(2,j) 0 0 0.513651 0 0 0 0 0 0 
Cov(3,j) 0 0 0 0.25675 0 0 0 0 0 
Cov(4,j) 0 0 0 0 2.12879e-09 -7.39623e-12 0 0 0 
Cov(5,j) 0 0 0 0 -7.39623e-12 2.14646e-09 0 0 0 
Cov(6,j) 0 0 0 0 0 0 1.23717e-06 0 0 
Cov(7,j) 0 0 0 0 0 0 0 1.08427e-06 0 
Cov(8,j) 0 0 0 0 0 0 0 0 0.00924227 
EmittanceX 0
EmittanceY 0
BetaStar 0
