Runnumber 352931
BeginTimeOfFit 2022.06.03 11:43:56 GMT 1654256636
EndTimeOfFit 2022.06.03 11:44:20 GMT 1654256660
LumiRange 41 - 41
Type 2
X0 0.171293
Y0 -0.18116
Z0 0.00756997
sigmaZ0 7.26329
dxdz 0.000128266
dydz 0.000165092
BeamWidthX 0.0152063
BeamWidthY 0.0176749
dxdy 0.00880546
Cov(0,j) 8.14115e-08 -2.24163e-10 0 0 0 0 0 0 0 
Cov(1,j) -2.24163e-10 8.13797e-08 0 0 0 0 0 0 0 
Cov(2,j) 0 0 0.304911 0 0 0 0 0 0 
Cov(3,j) 0 0 0 0.152426 0 0 0 0 0 
Cov(4,j) 0 0 0 0 1.42817e-09 6.08342e-12 0 0 0 
Cov(5,j) 0 0 0 0 6.08342e-12 1.3955e-09 0 0 0 
Cov(6,j) 0 0 0 0 0 0 7.07079e-07 0 0 
Cov(7,j) 0 0 0 0 0 0 0 9.47504e-07 0 
Cov(8,j) 0 0 0 0 0 0 0 0 0.0060618 
EmittanceX 0
EmittanceY 0
BetaStar 0
