Runnumber 353060
BeginTimeOfFit 2022.06.05 11:38:06 GMT 1654429086
EndTimeOfFit 2022.06.05 11:38:29 GMT 1654429109
LumiRange 1077 - 1077
Type 2
X0 0.167447
Y0 -0.179907
Z0 0.462853
sigmaZ0 7.61571
dxdz 0.000231958
dydz 0.000219929
BeamWidthX 0.0168556
BeamWidthY 0.0169874
dxdy -0.0106334
Cov(0,j) 1.42519e-07 -2.32026e-09 0 0 0 0 0 0 0 
Cov(1,j) -2.32026e-09 1.36421e-07 0 0 0 0 0 0 0 
Cov(2,j) 0 0 0.513169 0 0 0 0 0 0 
Cov(3,j) 0 0 0 0.256507 0 0 0 0 0 
Cov(4,j) 0 0 0 0 2.46557e-09 -7.03298e-11 0 0 0 
Cov(5,j) 0 0 0 0 -7.03298e-11 2.28689e-09 0 0 0 
Cov(6,j) 0 0 0 0 0 0 1.32735e-06 0 0 
Cov(7,j) 0 0 0 0 0 0 0 1.35266e-06 0 
Cov(8,j) 0 0 0 0 0 0 0 0 0.00929883 
EmittanceX 0
EmittanceY 0
BetaStar 0
