Runnumber 353018
BeginTimeOfFit 2022.06.04 08:42:52 GMT 1654332172
EndTimeOfFit 2022.06.04 08:43:16 GMT 1654332196
LumiRange 358 - 358
Type 2
X0 0.122283
Y0 -0.180209
Z0 0.43579
sigmaZ0 6.70419
dxdz 0.00015525
dydz 0.000166608
BeamWidthX 0.0130791
BeamWidthY 0.0149641
dxdy 0.0380483
Cov(0,j) 3.8752e-08 3.02527e-10 0 0 0 0 0 0 0 
Cov(1,j) 3.02527e-10 3.77558e-08 0 0 0 0 0 0 0 
Cov(2,j) 0 0 0.432106 0 0 0 0 0 0 
Cov(3,j) 0 0 0 0.215985 0 0 0 0 0 
Cov(4,j) 0 0 0 0 7.92502e-10 2.69031e-12 0 0 0 
Cov(5,j) 0 0 0 0 2.69031e-12 7.65569e-10 0 0 0 
Cov(6,j) 0 0 0 0 0 0 9.33081e-07 0 0 
Cov(7,j) 0 0 0 0 0 0 0 1.17379e-06 0 
Cov(8,j) 0 0 0 0 0 0 0 0 0.0103706 
EmittanceX 0
EmittanceY 0
BetaStar 0
