Runnumber 352505
BeginTimeOfFit 2022.05.28 09:34:09 GMT 1653730449
EndTimeOfFit 2022.05.28 09:34:33 GMT 1653730473
LumiRange 36 - 36
Type 2
X0 0.169736
Y0 -0.181879
Z0 0.460241
sigmaZ0 7.35686
dxdz 0.000100159
dydz 0.000163513
BeamWidthX 0.0154471
BeamWidthY 0.0155023
dxdy 0.0127829
Cov(0,j) 5.76796e-08 4.81705e-10 0 0 0 0 0 0 0 
Cov(1,j) 4.81705e-10 5.62418e-08 0 0 0 0 0 0 0 
Cov(2,j) 0 0 0.25289 0 0 0 0 0 0 
Cov(3,j) 0 0 0 0.126426 0 0 0 0 0 
Cov(4,j) 0 0 0 0 1.06229e-09 5.84727e-12 0 0 0 
Cov(5,j) 0 0 0 0 5.84727e-12 1.01721e-09 0 0 0 
Cov(6,j) 0 0 0 0 0 0 5.91217e-07 0 0 
Cov(7,j) 0 0 0 0 0 0 0 5.99341e-07 0 
Cov(8,j) 0 0 0 0 0 0 0 0 0.00497887 
EmittanceX 0
EmittanceY 0
BetaStar 0
