Runnumber 352568
BeginTimeOfFit 2022.05.29 11:46:00 GMT 1653824760
EndTimeOfFit 2022.05.29 11:46:23 GMT 1653824783
LumiRange 661 - 661
Type 2
X0 0.177297
Y0 -0.181299
Z0 0.0875706
sigmaZ0 6.05873
dxdz 0.000154641
dydz 0.000168697
BeamWidthX 0.0135892
BeamWidthY 0.017168
dxdy 0.110929
Cov(0,j) 8.24472e-08 1.78427e-10 0 0 0 0 0 0 0 
Cov(1,j) 1.78427e-10 8.19213e-08 0 0 0 0 0 0 0 
Cov(2,j) 0 0 0.221116 0 0 0 0 0 0 
Cov(3,j) 0 0 0 0.11054 0 0 0 0 0 
Cov(4,j) 0 0 0 0 1.827e-09 -1.18735e-11 0 0 0 
Cov(5,j) 0 0 0 0 -1.18735e-11 1.83633e-09 0 0 0 
Cov(6,j) 0 0 0 0 0 0 5.96084e-07 0 0 
Cov(7,j) 0 0 0 0 0 0 0 9.30894e-07 0 
Cov(8,j) 0 0 0 0 0 0 0 0 0.00623213 
EmittanceX 0
EmittanceY 0
BetaStar 0
