Runnumber 353702
BeginTimeOfFit 2022.06.13 09:41:20 GMT 1655113280
EndTimeOfFit 2022.06.13 09:41:43 GMT 1655113303
LumiRange 27 - 27
Type 2
X0 0.171899
Y0 -0.181061
Z0 1.33042
sigmaZ0 6.31392
dxdz 0.000130935
dydz 0.000200573
BeamWidthX 0.0148621
BeamWidthY 0.0165728
dxdy 0.0202117
Cov(0,j) 5.49534e-08 1.42806e-10 0 0 0 0 0 0 0 
Cov(1,j) 1.42806e-10 5.42773e-08 0 0 0 0 0 0 0 
Cov(2,j) 0 0 0.159453 0 0 0 0 0 0 
Cov(3,j) 0 0 0 0.0797164 0 0 0 0 0 
Cov(4,j) 0 0 0 0 1.16215e-09 5.607e-12 0 0 0 
Cov(5,j) 0 0 0 0 5.607e-12 1.11531e-09 0 0 0 
Cov(6,j) 0 0 0 0 0 0 4.70272e-07 0 0 
Cov(7,j) 0 0 0 0 0 0 0 5.75217e-07 0 
Cov(8,j) 0 0 0 0 0 0 0 0 0.00420955 
EmittanceX 0
EmittanceY 0
BetaStar 0
