Runnumber 352417
BeginTimeOfFit 2022.05.27 08:33:36 GMT 1653640416
EndTimeOfFit 2022.05.27 08:34:00 GMT 1653640440
LumiRange 95 - 95
Type 2
X0 0.16879
Y0 -0.182232
Z0 -0.173943
sigmaZ0 5.875
dxdz 0.00024684
dydz 0.000146043
BeamWidthX 0.0139962
BeamWidthY 0.0152808
dxdy 0.107855
Cov(0,j) 7.19113e-08 8.75953e-10 0 0 0 0 0 0 0 
Cov(1,j) 8.75953e-10 7.03303e-08 0 0 0 0 0 0 0 
Cov(2,j) 0 0 0.214367 0 0 0 0 0 0 
Cov(3,j) 0 0 0 0.107162 0 0 0 0 0 
Cov(4,j) 0 0 0 0 1.63519e-09 6.44228e-11 0 0 0 
Cov(5,j) 0 0 0 0 6.44228e-11 1.68667e-09 0 0 0 
Cov(6,j) 0 0 0 0 0 0 6.47528e-07 0 0 
Cov(7,j) 0 0 0 0 0 0 0 7.68582e-07 0 
Cov(8,j) 0 0 0 0 0 0 0 0 0.00644686 
EmittanceX 0
EmittanceY 0
BetaStar 0
