Runnumber 352509
BeginTimeOfFit 2022.05.28 12:07:54 GMT 1653739674
EndTimeOfFit 2022.05.28 12:08:18 GMT 1653739698
LumiRange 235 - 235
Type 2
X0 0.169924
Y0 -0.182609
Z0 -1.08087
sigmaZ0 7.37854
dxdz 7.73105e-05
dydz 0.000160611
BeamWidthX 0.0173657
BeamWidthY 0.0146139
dxdy -0.0416229
Cov(0,j) 8.23471e-08 6.01992e-10 0 0 0 0 0 0 0 
Cov(1,j) 6.01992e-10 8.27361e-08 0 0 0 0 0 0 0 
Cov(2,j) 0 0 0.316492 0 0 0 0 0 0 
Cov(3,j) 0 0 0 0.158215 0 0 0 0 0 
Cov(4,j) 0 0 0 0 1.39063e-09 1.55527e-11 0 0 0 
Cov(5,j) 0 0 0 0 1.55527e-11 1.3485e-09 0 0 0 
Cov(6,j) 0 0 0 0 0 0 9.15499e-07 0 0 
Cov(7,j) 0 0 0 0 0 0 0 6.57299e-07 0 
Cov(8,j) 0 0 0 0 0 0 0 0 0.00611424 
EmittanceX 0
EmittanceY 0
BetaStar 0
