Runnumber 353701
BeginTimeOfFit 2022.06.13 09:22:57 GMT 1655112177
EndTimeOfFit 2022.06.13 09:23:20 GMT 1655112200
LumiRange 9 - 9
Type 2
X0 0.171996
Y0 -0.180941
Z0 1.95078
sigmaZ0 6.95206
dxdz 0.000245159
dydz 0.000104684
BeamWidthX 0.0145099
BeamWidthY 0.0162724
dxdy 0.0686011
Cov(0,j) 5.12343e-08 -4.97339e-11 0 0 0 0 0 0 0 
Cov(1,j) -4.97339e-11 5.13605e-08 0 0 0 0 0 0 0 
Cov(2,j) 0 0 0.188781 0 0 0 0 0 0 
Cov(3,j) 0 0 0 0.0943784 0 0 0 0 0 
Cov(4,j) 0 0 0 0 1.10144e-09 4.69898e-12 0 0 0 
Cov(5,j) 0 0 0 0 4.69898e-12 1.08401e-09 0 0 0 
Cov(6,j) 0 0 0 0 0 0 4.4278e-07 0 0 
Cov(7,j) 0 0 0 0 0 0 0 5.4553e-07 0 
Cov(8,j) 0 0 0 0 0 0 0 0 0.00413244 
EmittanceX 0
EmittanceY 0
BetaStar 0
