Runnumber 353706
BeginTimeOfFit 2022.06.13 11:08:22 GMT 1655118502
EndTimeOfFit 2022.06.13 11:08:45 GMT 1655118525
LumiRange 128 - 128
Type 2
X0 0.171296
Y0 -0.180652
Z0 1.25128
sigmaZ0 7.0416
dxdz 0.000181546
dydz 0.000146517
BeamWidthX 0.0168167
BeamWidthY 0.0168978
dxdy -0.0324884
Cov(0,j) 8.19963e-08 -2.32727e-10 0 0 0 0 0 0 0 
Cov(1,j) -2.32727e-10 8.03717e-08 0 0 0 0 0 0 0 
Cov(2,j) 0 0 0.266556 0 0 0 0 0 0 
Cov(3,j) 0 0 0 0.133254 0 0 0 0 0 
Cov(4,j) 0 0 0 0 1.53618e-09 -2.76024e-11 0 0 0 
Cov(5,j) 0 0 0 0 -2.76024e-11 1.47261e-09 0 0 0 
Cov(6,j) 0 0 0 0 0 0 8.02647e-07 0 0 
Cov(7,j) 0 0 0 0 0 0 0 8.13054e-07 0 
Cov(8,j) 0 0 0 0 0 0 0 0 0.00565139 
EmittanceX 0
EmittanceY 0
BetaStar 0
