Runnumber 353087
BeginTimeOfFit 2022.06.05 15:44:27 GMT 1654443867
EndTimeOfFit 2022.06.05 15:44:50 GMT 1654443890
LumiRange 143 - 143
Type 2
X0 0.172727
Y0 -0.180261
Z0 0.170662
sigmaZ0 7.3406
dxdz 0.00014591
dydz 0.000215637
BeamWidthX 0.013425
BeamWidthY 0.0144078
dxdy -0.101144
Cov(0,j) 3.62098e-08 1.12568e-10 0 0 0 0 0 0 0 
Cov(1,j) 1.12568e-10 3.55919e-08 0 0 0 0 0 0 0 
Cov(2,j) 0 0 0.169437 0 0 0 0 0 0 
Cov(3,j) 0 0 0 0.0847074 0 0 0 0 0 
Cov(4,j) 0 0 0 0 7.15347e-10 -2.7069e-13 0 0 0 
Cov(5,j) 0 0 0 0 -2.7069e-13 7.23369e-10 0 0 0 
Cov(6,j) 0 0 0 0 0 0 3.07377e-07 0 0 
Cov(7,j) 0 0 0 0 0 0 0 3.49967e-07 0 
Cov(8,j) 0 0 0 0 0 0 0 0 0.00332404 
EmittanceX 0
EmittanceY 0
BetaStar 0
