Runnumber 352568
BeginTimeOfFit 2022.05.29 11:33:57 GMT 1653824037
EndTimeOfFit 2022.05.29 11:34:20 GMT 1653824060
LumiRange 630 - 630
Type 2
X0 0.176586
Y0 -0.181984
Z0 -0.0457981
sigmaZ0 6.62573
dxdz 0.000172023
dydz 0.000339355
BeamWidthX 0.0141803
BeamWidthY 0.0166225
dxdy -0.122402
Cov(0,j) 8.56334e-08 2.08771e-09 0 0 0 0 0 0 0 
Cov(1,j) 2.08771e-09 8.34883e-08 0 0 0 0 0 0 0 
Cov(2,j) 0 0 0.270963 0 0 0 0 0 0 
Cov(3,j) 0 0 0 0.135469 0 0 0 0 0 
Cov(4,j) 0 0 0 0 1.87777e-09 4.47313e-11 0 0 0 
Cov(5,j) 0 0 0 0 4.47313e-11 1.83109e-09 0 0 0 
Cov(6,j) 0 0 0 0 0 0 6.7707e-07 0 0 
Cov(7,j) 0 0 0 0 0 0 0 8.99609e-07 0 
Cov(8,j) 0 0 0 0 0 0 0 0 0.00641346 
EmittanceX 0
EmittanceY 0
BetaStar 0
