Runnumber 352509
BeginTimeOfFit 2022.05.28 11:43:02 GMT 1653738182
EndTimeOfFit 2022.05.28 11:43:26 GMT 1653738206
LumiRange 171 - 171
Type 2
X0 0.169633
Y0 -0.181737
Z0 -1.07564
sigmaZ0 7.31037
dxdz 0.000141292
dydz 0.00019977
BeamWidthX 0.0161676
BeamWidthY 0.016198
dxdy -0.00589786
Cov(0,j) 8.10523e-08 5.42931e-10 0 0 0 0 0 0 0 
Cov(1,j) 5.42931e-10 8.05995e-08 0 0 0 0 0 0 0 
Cov(2,j) 0 0 0.331895 0 0 0 0 0 0 
Cov(3,j) 0 0 0 0.165912 0 0 0 0 0 
Cov(4,j) 0 0 0 0 1.33686e-09 -9.3756e-12 0 0 0 
Cov(5,j) 0 0 0 0 -9.3756e-12 1.35795e-09 0 0 0 
Cov(6,j) 0 0 0 0 0 0 8.56793e-07 0 0 
Cov(7,j) 0 0 0 0 0 0 0 8.52859e-07 0 
Cov(8,j) 0 0 0 0 0 0 0 0 0.00652928 
EmittanceX 0
EmittanceY 0
BetaStar 0
