Runnumber 353701
BeginTimeOfFit 2022.06.13 09:28:23 GMT 1655112503
EndTimeOfFit 2022.06.13 09:28:47 GMT 1655112527
LumiRange 23 - 23
Type 2
X0 0.172737
Y0 -0.180931
Z0 0.262554
sigmaZ0 6.71309
dxdz 0.000168266
dydz 0.000224099
BeamWidthX 0.0155824
BeamWidthY 0.0160475
dxdy -0.0585267
Cov(0,j) 5.20111e-08 -1.02395e-09 0 0 0 0 0 0 0 
Cov(1,j) -1.02395e-09 5.29048e-08 0 0 0 0 0 0 0 
Cov(2,j) 0 0 0.168145 0 0 0 0 0 0 
Cov(3,j) 0 0 0 0.0840628 0 0 0 0 0 
Cov(4,j) 0 0 0 0 1.08387e-09 -2.30643e-11 0 0 0 
Cov(5,j) 0 0 0 0 -2.30643e-11 1.12793e-09 0 0 0 
Cov(6,j) 0 0 0 0 0 0 4.83662e-07 0 0 
Cov(7,j) 0 0 0 0 0 0 0 5.04443e-07 0 
Cov(8,j) 0 0 0 0 0 0 0 0 0.00391822 
EmittanceX 0
EmittanceY 0
BetaStar 0
