Runnumber 353060
BeginTimeOfFit 2022.06.05 05:27:04 GMT 1654406824
EndTimeOfFit 2022.06.05 05:27:27 GMT 1654406847
LumiRange 122 - 122
Type 2
X0 0.169542
Y0 -0.179752
Z0 -0.257609
sigmaZ0 6.84205
dxdz 0.000134136
dydz 0.000212275
BeamWidthX 0.0137633
BeamWidthY 0.0144184
dxdy 0.0219221
Cov(0,j) 3.56622e-08 3.02885e-11 0 0 0 0 0 0 0 
Cov(1,j) 3.02885e-11 3.52358e-08 0 0 0 0 0 0 0 
Cov(2,j) 0 0 0.16541 0 0 0 0 0 0 
Cov(3,j) 0 0 0 0.0826948 0 0 0 0 0 
Cov(4,j) 0 0 0 0 6.97946e-10 8.87004e-12 0 0 0 
Cov(5,j) 0 0 0 0 8.87004e-12 7.05515e-10 0 0 0 
Cov(6,j) 0 0 0 0 0 0 3.6122e-07 0 0 
Cov(7,j) 0 0 0 0 0 0 0 3.9477e-07 0 
Cov(8,j) 0 0 0 0 0 0 0 0 0.00379305 
EmittanceX 0
EmittanceY 0
BetaStar 0
