Runnumber 353015
BeginTimeOfFit 2022.06.04 04:50:32 GMT 1654318232
EndTimeOfFit 2022.06.04 04:50:55 GMT 1654318255
LumiRange 170 - 170
Type 2
X0 0.176031
Y0 -0.177935
Z0 -0.0480637
sigmaZ0 6.44207
dxdz 0.000130585
dydz 0.000290632
BeamWidthX 0.0150262
BeamWidthY 0.0154109
dxdy 0.0670088
Cov(0,j) 3.21931e-08 3.84048e-11 0 0 0 0 0 0 0 
Cov(1,j) 3.84048e-11 3.1615e-08 0 0 0 0 0 0 0 
Cov(2,j) 0 0 0.104007 0 0 0 0 0 0 
Cov(3,j) 0 0 0 0.0519998 0 0 0 0 0 
Cov(4,j) 0 0 0 0 6.88282e-10 1.78884e-12 0 0 0 
Cov(5,j) 0 0 0 0 1.78884e-12 6.92392e-10 0 0 0 
Cov(6,j) 0 0 0 0 0 0 3.00783e-07 0 0 
Cov(7,j) 0 0 0 0 0 0 0 3.1543e-07 0 
Cov(8,j) 0 0 0 0 0 0 0 0 0.00263689 
EmittanceX 0
EmittanceY 0
BetaStar 0
