Runnumber 352568
BeginTimeOfFit 2022.05.29 10:55:29 GMT 1653821729
EndTimeOfFit 2022.05.29 10:55:53 GMT 1653821753
LumiRange 531 - 531
Type 2
X0 0.176811
Y0 -0.182285
Z0 0.231278
sigmaZ0 5.71186
dxdz 0.000118741
dydz 0.000314262
BeamWidthX 0.0150079
BeamWidthY 0.0169891
dxdy -0.0172926
Cov(0,j) 8.47291e-08 1.30387e-09 0 0 0 0 0 0 0 
Cov(1,j) 1.30387e-09 8.25666e-08 0 0 0 0 0 0 0 
Cov(2,j) 0 0 0.221923 0 0 0 0 0 0 
Cov(3,j) 0 0 0 0.110941 0 0 0 0 0 
Cov(4,j) 0 0 0 0 1.8414e-09 -1.35883e-11 0 0 0 
Cov(5,j) 0 0 0 0 -1.35883e-11 1.91871e-09 0 0 0 
Cov(6,j) 0 0 0 0 0 0 8.21623e-07 0 0 
Cov(7,j) 0 0 0 0 0 0 0 1.0327e-06 0 
Cov(8,j) 0 0 0 0 0 0 0 0 0.00718837 
EmittanceX 0
EmittanceY 0
BetaStar 0
