Runnumber 353689
BeginTimeOfFit 2022.06.13 09:08:30 GMT 1655111310
EndTimeOfFit 2022.06.13 09:08:54 GMT 1655111334
LumiRange 185 - 185
Type 2
X0 0.171585
Y0 -0.180179
Z0 1.54761
sigmaZ0 5.92025
dxdz 9.25155e-05
dydz 0.000274246
BeamWidthX 0.0149069
BeamWidthY 0.0166879
dxdy -0.00239366
Cov(0,j) 7.27659e-08 -1.38658e-10 0 0 0 0 0 0 0 
Cov(1,j) -1.38658e-10 7.12771e-08 0 0 0 0 0 0 0 
Cov(2,j) 0 0 0.183492 0 0 0 0 0 0 
Cov(3,j) 0 0 0 0.0917305 0 0 0 0 0 
Cov(4,j) 0 0 0 0 1.60572e-09 -1.46598e-11 0 0 0 
Cov(5,j) 0 0 0 0 -1.46598e-11 1.59802e-09 0 0 0 
Cov(6,j) 0 0 0 0 0 0 6.22667e-07 0 0 
Cov(7,j) 0 0 0 0 0 0 0 7.62483e-07 0 
Cov(8,j) 0 0 0 0 0 0 0 0 0.00552334 
EmittanceX 0
EmittanceY 0
BetaStar 0
