Runnumber 352493
BeginTimeOfFit 2022.05.28 07:02:29 GMT 1653721349
EndTimeOfFit 2022.05.28 07:02:53 GMT 1653721373
LumiRange 116 - 116
Type 2
X0 0.169887
Y0 -0.181802
Z0 0.166717
sigmaZ0 6.3089
dxdz 0.000217143
dydz 0.000182565
BeamWidthX 0.0131033
BeamWidthY 0.0142112
dxdy 0.00821014
Cov(0,j) 3.30121e-08 -1.10135e-10 0 0 0 0 0 0 0 
Cov(1,j) -1.10135e-10 3.33254e-08 0 0 0 0 0 0 0 
Cov(2,j) 0 0 0.130493 0 0 0 0 0 0 
Cov(3,j) 0 0 0 0.0652403 0 0 0 0 0 
Cov(4,j) 0 0 0 0 7.81287e-10 -1.72507e-11 0 0 0 
Cov(5,j) 0 0 0 0 -1.72507e-11 7.69708e-10 0 0 0 
Cov(6,j) 0 0 0 0 0 0 3.06341e-07 0 0 
Cov(7,j) 0 0 0 0 0 0 0 3.56416e-07 0 
Cov(8,j) 0 0 0 0 0 0 0 0 0.00354671 
EmittanceX 0
EmittanceY 0
BetaStar 0
