Runnumber 352909
BeginTimeOfFit 2022.06.03 08:44:46 GMT 1654245886
EndTimeOfFit 2022.06.03 08:45:09 GMT 1654245909
LumiRange 40 - 40
Type 2
X0 0.170048
Y0 -0.181596
Z0 0.795108
sigmaZ0 7.26033
dxdz 0.000118948
dydz 0.000185776
BeamWidthX 0.0146125
BeamWidthY 0.0144262
dxdy 0.0461981
Cov(0,j) 4.17272e-08 -4.1896e-10 0 0 0 0 0 0 0 
Cov(1,j) -4.1896e-10 4.01048e-08 0 0 0 0 0 0 0 
Cov(2,j) 0 0 0.172817 0 0 0 0 0 0 
Cov(3,j) 0 0 0 0.0863988 0 0 0 0 0 
Cov(4,j) 0 0 0 0 8.0023e-10 -1.37466e-11 0 0 0 
Cov(5,j) 0 0 0 0 -1.37466e-11 7.71034e-10 0 0 0 
Cov(6,j) 0 0 0 0 0 0 3.76273e-07 0 0 
Cov(7,j) 0 0 0 0 0 0 0 3.64871e-07 0 
Cov(8,j) 0 0 0 0 0 0 0 0 0.00348559 
EmittanceX 0
EmittanceY 0
BetaStar 0
