Runnumber 352568
BeginTimeOfFit 2022.05.29 11:37:27 GMT 1653824247
EndTimeOfFit 2022.05.29 11:37:50 GMT 1653824270
LumiRange 639 - 639
Type 2
X0 0.176979
Y0 -0.181398
Z0 -0.969381
sigmaZ0 6.71496
dxdz 0.000190124
dydz 0.00029173
BeamWidthX 0.0149073
BeamWidthY 0.0154845
dxdy -0.0426183
Cov(0,j) 8.16332e-08 8.33933e-10 0 0 0 0 0 0 0 
Cov(1,j) 8.33933e-10 8.2451e-08 0 0 0 0 0 0 0 
Cov(2,j) 0 0 0.324356 0 0 0 0 0 0 
Cov(3,j) 0 0 0 0.162137 0 0 0 0 0 
Cov(4,j) 0 0 0 0 1.73533e-09 2.97864e-11 0 0 0 
Cov(5,j) 0 0 0 0 2.97864e-11 1.75567e-09 0 0 0 
Cov(6,j) 0 0 0 0 0 0 8.52356e-07 0 0 
Cov(7,j) 0 0 0 0 0 0 0 9.11861e-07 0 
Cov(8,j) 0 0 0 0 0 0 0 0 0.00759996 
EmittanceX 0
EmittanceY 0
BetaStar 0
