Runnumber 353060
BeginTimeOfFit 2022.06.05 07:23:37 GMT 1654413817
EndTimeOfFit 2022.06.05 07:24:00 GMT 1654413840
LumiRange 422 - 422
Type 2
X0 0.163965
Y0 -0.179229
Z0 0.217173
sigmaZ0 7.69422
dxdz 3.40503e-05
dydz 0.000107669
BeamWidthX 0.0149557
BeamWidthY 0.0161316
dxdy 0.00996564
Cov(0,j) 5.99795e-08 -7.57701e-10 0 0 0 0 0 0 0 
Cov(1,j) -7.57701e-10 5.97074e-08 0 0 0 0 0 0 0 
Cov(2,j) 0 0 0.251896 0 0 0 0 0 0 
Cov(3,j) 0 0 0 0.125929 0 0 0 0 0 
Cov(4,j) 0 0 0 0 1.06957e-09 4.73745e-13 0 0 0 
Cov(5,j) 0 0 0 0 4.73745e-13 1.06121e-09 0 0 0 
Cov(6,j) 0 0 0 0 0 0 5.07764e-07 0 0 
Cov(7,j) 0 0 0 0 0 0 0 5.83425e-07 0 
Cov(8,j) 0 0 0 0 0 0 0 0 0.00450242 
EmittanceX 0
EmittanceY 0
BetaStar 0
