Runnumber 353060
BeginTimeOfFit 2022.06.05 05:29:23 GMT 1654406963
EndTimeOfFit 2022.06.05 05:29:47 GMT 1654406987
LumiRange 128 - 128
Type 2
X0 0.168942
Y0 -0.179472
Z0 -0.0801064
sigmaZ0 7.11277
dxdz 0.00017614
dydz 0.000251131
BeamWidthX 0.0137653
BeamWidthY 0.0146743
dxdy -0.102174
Cov(0,j) 3.63651e-08 6.90566e-11 0 0 0 0 0 0 0 
Cov(1,j) 6.90566e-11 3.49983e-08 0 0 0 0 0 0 0 
Cov(2,j) 0 0 0.154705 0 0 0 0 0 0 
Cov(3,j) 0 0 0 0.0773446 0 0 0 0 0 
Cov(4,j) 0 0 0 0 7.36786e-10 -9.6533e-13 0 0 0 
Cov(5,j) 0 0 0 0 -9.6533e-13 7.00185e-10 0 0 0 
Cov(6,j) 0 0 0 0 0 0 3.10808e-07 0 0 
Cov(7,j) 0 0 0 0 0 0 0 3.54256e-07 0 
Cov(8,j) 0 0 0 0 0 0 0 0 0.00321593 
EmittanceX 0
EmittanceY 0
BetaStar 0
