Runnumber 352568
BeginTimeOfFit 2022.05.29 08:29:24 GMT 1653812964
EndTimeOfFit 2022.05.29 08:29:48 GMT 1653812988
LumiRange 155 - 155
Type 2
X0 0.176478
Y0 -0.181465
Z0 0.108255
sigmaZ0 7.44825
dxdz 0.000217585
dydz 0.000142906
BeamWidthX 0.014536
BeamWidthY 0.0160525
dxdy 0.13227
Cov(0,j) 6.23032e-08 7.92983e-10 0 0 0 0 0 0 0 
Cov(1,j) 7.92983e-10 6.16048e-08 0 0 0 0 0 0 0 
Cov(2,j) 0 0 0.280155 0 0 0 0 0 0 
Cov(3,j) 0 0 0 0.140053 0 0 0 0 0 
Cov(4,j) 0 0 0 0 1.1441e-09 2.37663e-11 0 0 0 
Cov(5,j) 0 0 0 0 2.37663e-11 1.13626e-09 0 0 0 
Cov(6,j) 0 0 0 0 0 0 5.76808e-07 0 0 
Cov(7,j) 0 0 0 0 0 0 0 6.89828e-07 0 
Cov(8,j) 0 0 0 0 0 0 0 0 0.00522059 
EmittanceX 0
EmittanceY 0
BetaStar 0
