Runnumber 353087
BeginTimeOfFit 2022.06.05 15:18:48 GMT 1654442328
EndTimeOfFit 2022.06.05 15:19:12 GMT 1654442352
LumiRange 77 - 77
Type 2
X0 0.171501
Y0 -0.180808
Z0 0.545538
sigmaZ0 6.88936
dxdz 8.99171e-05
dydz 0.000225615
BeamWidthX 0.0134266
BeamWidthY 0.0140557
dxdy 0.00139295
Cov(0,j) 3.27895e-08 -2.25994e-10 0 0 0 0 0 0 0 
Cov(1,j) -2.25994e-10 3.16958e-08 0 0 0 0 0 0 0 
Cov(2,j) 0 0 0.142954 0 0 0 0 0 0 
Cov(3,j) 0 0 0 0.0714702 0 0 0 0 0 
Cov(4,j) 0 0 0 0 7.00836e-10 2.26168e-12 0 0 0 
Cov(5,j) 0 0 0 0 2.26168e-12 6.72588e-10 0 0 0 
Cov(6,j) 0 0 0 0 0 0 2.93148e-07 0 0 
Cov(7,j) 0 0 0 0 0 0 0 3.18227e-07 0 
Cov(8,j) 0 0 0 0 0 0 0 0 0.00322313 
EmittanceX 0
EmittanceY 0
BetaStar 0
