Runnumber 353087
BeginTimeOfFit 2022.06.05 16:29:54 GMT 1654446594
EndTimeOfFit 2022.06.05 16:30:18 GMT 1654446618
LumiRange 260 - 260
Type 2
X0 0.170976
Y0 -0.180432
Z0 0.151151
sigmaZ0 6.89249
dxdz 0.000186133
dydz 0.000193293
BeamWidthX 0.0138228
BeamWidthY 0.0139832
dxdy -0.040623
Cov(0,j) 4.3351e-08 -7.42921e-10 0 0 0 0 0 0 0 
Cov(1,j) -7.42921e-10 4.23193e-08 0 0 0 0 0 0 0 
Cov(2,j) 0 0 0.193102 0 0 0 0 0 0 
Cov(3,j) 0 0 0 0.0965377 0 0 0 0 0 
Cov(4,j) 0 0 0 0 8.2043e-10 -3.16371e-11 0 0 0 
Cov(5,j) 0 0 0 0 -3.16371e-11 8.04284e-10 0 0 0 
Cov(6,j) 0 0 0 0 0 0 4.17198e-07 0 0 
Cov(7,j) 0 0 0 0 0 0 0 4.28305e-07 0 
Cov(8,j) 0 0 0 0 0 0 0 0 0.00436017 
EmittanceX 0
EmittanceY 0
BetaStar 0
