Runnumber 352931
BeginTimeOfFit 2022.06.03 13:19:31 GMT 1654262371
EndTimeOfFit 2022.06.03 13:19:54 GMT 1654262394
LumiRange 287 - 287
Type 2
X0 0.168043
Y0 -0.17982
Z0 0.493846
sigmaZ0 6.87998
dxdz 0.000182249
dydz 0.000254314
BeamWidthX 0.0170559
BeamWidthY 0.0173626
dxdy 0.029083
Cov(0,j) 1.03741e-07 1.30788e-10 0 0 0 0 0 0 0 
Cov(1,j) 1.30788e-10 1.03186e-07 0 0 0 0 0 0 0 
Cov(2,j) 0 0 0.315524 0 0 0 0 0 0 
Cov(3,j) 0 0 0 0.157728 0 0 0 0 0 
Cov(4,j) 0 0 0 0 1.70283e-09 5.76031e-12 0 0 0 
Cov(5,j) 0 0 0 0 5.76031e-12 1.73357e-09 0 0 0 
Cov(6,j) 0 0 0 0 0 0 1.01374e-06 0 0 
Cov(7,j) 0 0 0 0 0 0 0 1.05639e-06 0 
Cov(8,j) 0 0 0 0 0 0 0 0 0.00695036 
EmittanceX 0
EmittanceY 0
BetaStar 0
