Runnumber 352568
BeginTimeOfFit 2022.05.29 08:05:42 GMT 1653811542
EndTimeOfFit 2022.05.29 08:06:06 GMT 1653811566
LumiRange 94 - 94
Type 2
X0 0.176474
Y0 -0.181568
Z0 -0.210802
sigmaZ0 7.16996
dxdz 0.000191957
dydz 0.000169093
BeamWidthX 0.0146762
BeamWidthY 0.013087
dxdy -0.0689965
Cov(0,j) 4.91514e-08 8.16928e-11 0 0 0 0 0 0 0 
Cov(1,j) 8.16928e-11 4.89544e-08 0 0 0 0 0 0 0 
Cov(2,j) 0 0 0.239088 0 0 0 0 0 0 
Cov(3,j) 0 0 0 0.119527 0 0 0 0 0 
Cov(4,j) 0 0 0 0 9.47976e-10 7.87452e-12 0 0 0 
Cov(5,j) 0 0 0 0 7.87452e-12 9.0228e-10 0 0 0 
Cov(6,j) 0 0 0 0 0 0 5.37029e-07 0 0 
Cov(7,j) 0 0 0 0 0 0 0 4.34786e-07 0 
Cov(8,j) 0 0 0 0 0 0 0 0 0.00495833 
EmittanceX 0
EmittanceY 0
BetaStar 0
