Runnumber 353087
BeginTimeOfFit 2022.06.05 16:31:04 GMT 1654446664
EndTimeOfFit 2022.06.05 16:31:27 GMT 1654446687
LumiRange 263 - 263
Type 2
X0 0.171256
Y0 -0.180297
Z0 0.461224
sigmaZ0 7.1891
dxdz 0.000114608
dydz 0.000165291
BeamWidthX 0.014303
BeamWidthY 0.0152159
dxdy 0.0527282
Cov(0,j) 4.79557e-08 8.05991e-10 0 0 0 0 0 0 0 
Cov(1,j) 8.05991e-10 4.7181e-08 0 0 0 0 0 0 0 
Cov(2,j) 0 0 0.202664 0 0 0 0 0 0 
Cov(3,j) 0 0 0 0.101319 0 0 0 0 0 
Cov(4,j) 0 0 0 0 8.84164e-10 2.67706e-12 0 0 0 
Cov(5,j) 0 0 0 0 2.67706e-12 8.60018e-10 0 0 0 
Cov(6,j) 0 0 0 0 0 0 4.30699e-07 0 0 
Cov(7,j) 0 0 0 0 0 0 0 4.84022e-07 0 
Cov(8,j) 0 0 0 0 0 0 0 0 0.0041653 
EmittanceX 0
EmittanceY 0
BetaStar 0
