Runnumber 353087
BeginTimeOfFit 2022.06.05 16:01:33 GMT 1654444893
EndTimeOfFit 2022.06.05 16:01:56 GMT 1654444916
LumiRange 187 - 187
Type 2
X0 0.171546
Y0 -0.180619
Z0 -0.235475
sigmaZ0 7.24721
dxdz 0.000196255
dydz 0.000317784
BeamWidthX 0.0126038
BeamWidthY 0.0130242
dxdy 0.0772653
Cov(0,j) 1.77884e-07 -3.32022e-09 0 0 0 0 0 0 0 
Cov(1,j) -3.32022e-09 1.74645e-07 0 0 0 0 0 0 0 
Cov(2,j) 0 0 0.99062 0 0 0 0 0 0 
Cov(3,j) 0 0 0 0.494993 0 0 0 0 0 
Cov(4,j) 0 0 0 0 3.24789e-09 3.62807e-11 0 0 0 
Cov(5,j) 0 0 0 0 3.62807e-11 3.16717e-09 0 0 0 
Cov(6,j) 0 0 0 0 0 0 1.6276e-06 0 0 
Cov(7,j) 0 0 0 0 0 0 0 1.72983e-06 0 
Cov(8,j) 0 0 0 0 0 0 0 0 0.020059 
EmittanceX 0
EmittanceY 0
BetaStar 0
