Runnumber 353060
BeginTimeOfFit 2022.06.05 09:07:44 GMT 1654420064
EndTimeOfFit 2022.06.05 09:08:08 GMT 1654420088
LumiRange 690 - 690
Type 2
X0 0.166675
Y0 -0.179593
Z0 0.116575
sigmaZ0 8.01871
dxdz 0.000161403
dydz 0.000230671
BeamWidthX 0.0160262
BeamWidthY 0.0171964
dxdy 0.0729062
Cov(0,j) 9.19014e-08 5.49148e-10 0 0 0 0 0 0 0 
Cov(1,j) 5.49148e-10 9.07818e-08 0 0 0 0 0 0 0 
Cov(2,j) 0 0 0.392015 0 0 0 0 0 0 
Cov(3,j) 0 0 0 0.195963 0 0 0 0 0 
Cov(4,j) 0 0 0 0 1.50078e-09 4.11092e-12 0 0 0 
Cov(5,j) 0 0 0 0 4.11092e-12 1.47717e-09 0 0 0 
Cov(6,j) 0 0 0 0 0 0 8.25122e-07 0 0 
Cov(7,j) 0 0 0 0 0 0 0 9.47533e-07 0 
Cov(8,j) 0 0 0 0 0 0 0 0 0.00636638 
EmittanceX 0
EmittanceY 0
BetaStar 0
