Runnumber 352568
BeginTimeOfFit 2022.05.29 08:44:34 GMT 1653813874
EndTimeOfFit 2022.05.29 08:44:57 GMT 1653813897
LumiRange 194 - 194
Type 2
X0 0.177042
Y0 -0.181889
Z0 -0.745311
sigmaZ0 6.25494
dxdz 5.97811e-06
dydz 0.000207769
BeamWidthX 0.0154443
BeamWidthY 0.0146114
dxdy 0.042813
Cov(0,j) 6.43666e-08 6.09013e-10 0 0 0 0 0 0 0 
Cov(1,j) 6.09013e-10 6.25078e-08 0 0 0 0 0 0 0 
Cov(2,j) 0 0 0.210329 0 0 0 0 0 0 
Cov(3,j) 0 0 0 0.105149 0 0 0 0 0 
Cov(4,j) 0 0 0 0 1.21673e-09 1.06574e-11 0 0 0 
Cov(5,j) 0 0 0 0 1.06574e-11 1.17033e-09 0 0 0 
Cov(6,j) 0 0 0 0 0 0 6.83055e-07 0 0 
Cov(7,j) 0 0 0 0 0 0 0 6.16029e-07 0 
Cov(8,j) 0 0 0 0 0 0 0 0 0.00573189 
EmittanceX 0
EmittanceY 0
BetaStar 0
