Runnumber 352493
BeginTimeOfFit 2022.05.28 07:08:42 GMT 1653721722
EndTimeOfFit 2022.05.28 07:09:06 GMT 1653721746
LumiRange 132 - 132
Type 2
X0 0.169702
Y0 -0.182181
Z0 -0.286521
sigmaZ0 6.30676
dxdz 0.000146939
dydz 0.000245005
BeamWidthX 0.0124942
BeamWidthY 0.0136405
dxdy 0.0306647
Cov(0,j) 3.02997e-08 3.72048e-11 0 0 0 0 0 0 0 
Cov(1,j) 3.72048e-11 2.98969e-08 0 0 0 0 0 0 0 
Cov(2,j) 0 0 0.121261 0 0 0 0 0 0 
Cov(3,j) 0 0 0 0.0606251 0 0 0 0 0 
Cov(4,j) 0 0 0 0 7.26361e-10 8.23158e-12 0 0 0 
Cov(5,j) 0 0 0 0 8.23158e-12 7.12552e-10 0 0 0 
Cov(6,j) 0 0 0 0 0 0 2.60445e-07 0 0 
Cov(7,j) 0 0 0 0 0 0 0 3.0387e-07 0 
Cov(8,j) 0 0 0 0 0 0 0 0 0.00330356 
EmittanceX 0
EmittanceY 0
BetaStar 0
