Runnumber 353087
BeginTimeOfFit 2022.06.05 15:02:06 GMT 1654441326
EndTimeOfFit 2022.06.05 15:02:29 GMT 1654441349
LumiRange 34 - 34
Type 2
X0 0.169881
Y0 -0.179648
Z0 0.00876245
sigmaZ0 6.61187
dxdz 6.08442e-05
dydz 0.000155303
BeamWidthX 0.0123144
BeamWidthY 0.0136559
dxdy 0.0521472
Cov(0,j) 2.73048e-08 -1.21248e-10 0 0 0 0 0 0 0 
Cov(1,j) -1.21248e-10 2.67008e-08 0 0 0 0 0 0 0 
Cov(2,j) 0 0 0.121769 0 0 0 0 0 0 
Cov(3,j) 0 0 0 0.0608791 0 0 0 0 0 
Cov(4,j) 0 0 0 0 5.93052e-10 -9.55663e-12 0 0 0 
Cov(5,j) 0 0 0 0 -9.55663e-12 5.90615e-10 0 0 0 
Cov(6,j) 0 0 0 0 0 0 2.31678e-07 0 0 
Cov(7,j) 0 0 0 0 0 0 0 2.8046e-07 0 
Cov(8,j) 0 0 0 0 0 0 0 0 0.00301556 
EmittanceX 0
EmittanceY 0
BetaStar 0
