Runnumber 353087
BeginTimeOfFit 2022.06.05 15:55:20 GMT 1654444520
EndTimeOfFit 2022.06.05 15:55:43 GMT 1654444543
LumiRange 171 - 171
Type 2
X0 0.170751
Y0 -0.179632
Z0 0.119761
sigmaZ0 7.02945
dxdz 0.000159398
dydz 0.000201533
BeamWidthX 0.013275
BeamWidthY 0.0141413
dxdy -0.00833231
Cov(0,j) 3.70942e-08 -2.45717e-10 0 0 0 0 0 0 0 
Cov(1,j) -2.45717e-10 3.71533e-08 0 0 0 0 0 0 0 
Cov(2,j) 0 0 0.166364 0 0 0 0 0 0 
Cov(3,j) 0 0 0 0.0831717 0 0 0 0 0 
Cov(4,j) 0 0 0 0 7.16078e-10 4.09554e-13 0 0 0 
Cov(5,j) 0 0 0 0 4.09554e-13 7.05165e-10 0 0 0 
Cov(6,j) 0 0 0 0 0 0 3.21028e-07 0 0 
Cov(7,j) 0 0 0 0 0 0 0 3.62351e-07 0 
Cov(8,j) 0 0 0 0 0 0 0 0 0.00363614 
EmittanceX 0
EmittanceY 0
BetaStar 0
