Runnumber 352493
BeginTimeOfFit 2022.05.28 06:34:31 GMT 1653719671
EndTimeOfFit 2022.05.28 06:34:54 GMT 1653719694
LumiRange 44 - 44
Type 2
X0 0.170732
Y0 -0.182266
Z0 0.00165702
sigmaZ0 6.12431
dxdz 0.000205277
dydz 0.000210346
BeamWidthX 0.0135036
BeamWidthY 0.0138749
dxdy -0.0735768
Cov(0,j) 3.02386e-08 -2.73728e-10 0 0 0 0 0 0 0 
Cov(1,j) -2.73728e-10 2.96407e-08 0 0 0 0 0 0 0 
Cov(2,j) 0 0 0.103894 0 0 0 0 0 0 
Cov(3,j) 0 0 0 0.0519431 0 0 0 0 0 
Cov(4,j) 0 0 0 0 8.49467e-10 -1.37411e-11 0 0 0 
Cov(5,j) 0 0 0 0 -1.37411e-11 8.26893e-10 0 0 0 
Cov(6,j) 0 0 0 0 0 0 2.72462e-07 0 0 
Cov(7,j) 0 0 0 0 0 0 0 2.88133e-07 0 
Cov(8,j) 0 0 0 0 0 0 0 0 0.00294384 
EmittanceX 0
EmittanceY 0
BetaStar 0
