Runnumber 353060
BeginTimeOfFit 2022.06.05 11:52:51 GMT 1654429971
EndTimeOfFit 2022.06.05 11:53:15 GMT 1654429995
LumiRange 1115 - 1115
Type 2
X0 0.165332
Y0 -0.181405
Z0 0.739455
sigmaZ0 7.92427
dxdz 8.05131e-05
dydz 0.000250492
BeamWidthX 0.0192079
BeamWidthY 0.0166594
dxdy 0.0157697
Cov(0,j) 1.82663e-07 -1.13074e-11 0 0 0 0 0 0 0 
Cov(1,j) -1.13074e-11 1.76261e-07 0 0 0 0 0 0 0 
Cov(2,j) 0 0 0.747342 0 0 0 0 0 0 
Cov(3,j) 0 0 0 0.373516 0 0 0 0 0 
Cov(4,j) 0 0 0 0 2.9918e-09 -4.09342e-11 0 0 0 
Cov(5,j) 0 0 0 0 -4.09342e-11 3.02918e-09 0 0 0 
Cov(6,j) 0 0 0 0 0 0 2.28601e-06 0 0 
Cov(7,j) 0 0 0 0 0 0 0 1.76096e-06 0 
Cov(8,j) 0 0 0 0 0 0 0 0 0.0123828 
EmittanceX 0
EmittanceY 0
BetaStar 0
