Runnumber 353018
BeginTimeOfFit 2022.06.04 08:12:57 GMT 1654330377
EndTimeOfFit 2022.06.04 08:13:21 GMT 1654330401
LumiRange 281 - 281
Type 2
X0 0.175024
Y0 -0.179765
Z0 -0.276019
sigmaZ0 7.04075
dxdz 0.000137639
dydz 0.000237135
BeamWidthX 0.0153478
BeamWidthY 0.0157934
dxdy 0.0290589
Cov(0,j) 3.89069e-08 3.31165e-10 0 0 0 0 0 0 0 
Cov(1,j) 3.31165e-10 3.93137e-08 0 0 0 0 0 0 0 
Cov(2,j) 0 0 0.140424 0 0 0 0 0 0 
Cov(3,j) 0 0 0 0.0702043 0 0 0 0 0 
Cov(4,j) 0 0 0 0 7.96477e-10 6.30615e-12 0 0 0 
Cov(5,j) 0 0 0 0 6.30615e-12 7.79407e-10 0 0 0 
Cov(6,j) 0 0 0 0 0 0 3.54423e-07 0 0 
Cov(7,j) 0 0 0 0 0 0 0 3.75065e-07 0 
Cov(8,j) 0 0 0 0 0 0 0 0 0.00298891 
EmittanceX 0
EmittanceY 0
BetaStar 0
