Runnumber 352930
BeginTimeOfFit 2022.06.03 11:21:30 GMT 1654255290
EndTimeOfFit 2022.06.03 11:21:53 GMT 1654255313
LumiRange 1 - 1
Type 2
X0 0.168187
Y0 -0.181699
Z0 -0.0904152
sigmaZ0 7.08988
dxdz 0.000148416
dydz 0.000286503
BeamWidthX 0.0155688
BeamWidthY 0.0169607
dxdy 0.0195891
Cov(0,j) 7.56113e-08 5.27582e-10 0 0 0 0 0 0 0 
Cov(1,j) 5.27582e-10 7.63378e-08 0 0 0 0 0 0 0 
Cov(2,j) 0 0 0.282366 0 0 0 0 0 0 
Cov(3,j) 0 0 0 0.141157 0 0 0 0 0 
Cov(4,j) 0 0 0 0 1.34329e-09 1.09463e-11 0 0 0 
Cov(5,j) 0 0 0 0 1.09463e-11 1.31929e-09 0 0 0 
Cov(6,j) 0 0 0 0 0 0 7.28351e-07 0 0 
Cov(7,j) 0 0 0 0 0 0 0 8.51271e-07 0 
Cov(8,j) 0 0 0 0 0 0 0 0 0.00592163 
EmittanceX 0
EmittanceY 0
BetaStar 0
