Runnumber 353709
BeginTimeOfFit 2022.06.13 11:41:36 GMT 1655120496
EndTimeOfFit 2022.06.13 11:42:00 GMT 1655120520
LumiRange 14 - 14
Type 2
X0 0.172578
Y0 -0.180342
Z0 0.762223
sigmaZ0 6.93901
dxdz 0.000214146
dydz 0.000270534
BeamWidthX 0.0172196
BeamWidthY 0.017957
dxdy 0.059058
Cov(0,j) 9.22274e-08 3.88908e-10 0 0 0 0 0 0 0 
Cov(1,j) 3.88908e-10 8.95902e-08 0 0 0 0 0 0 0 
Cov(2,j) 0 0 0.257462 0 0 0 0 0 0 
Cov(3,j) 0 0 0 0.12871 0 0 0 0 0 
Cov(4,j) 0 0 0 0 1.58864e-09 1.96256e-11 0 0 0 
Cov(5,j) 0 0 0 0 1.96256e-11 1.59898e-09 0 0 0 
Cov(6,j) 0 0 0 0 0 0 8.40476e-07 0 0 
Cov(7,j) 0 0 0 0 0 0 0 9.03832e-07 0 
Cov(8,j) 0 0 0 0 0 0 0 0 0.00556677 
EmittanceX 0
EmittanceY 0
BetaStar 0
