Runnumber 352568
BeginTimeOfFit 2022.05.29 09:58:46 GMT 1653818326
EndTimeOfFit 2022.05.29 09:59:09 GMT 1653818349
LumiRange 385 - 385
Type 2
X0 0.177322
Y0 -0.181727
Z0 0.125053
sigmaZ0 6.24503
dxdz 6.98031e-05
dydz 0.000268962
BeamWidthX 0.0156201
BeamWidthY 0.0172135
dxdy 0.0382661
Cov(0,j) 8.11513e-08 9.65527e-10 0 0 0 0 0 0 0 
Cov(1,j) 9.65527e-10 8.45665e-08 0 0 0 0 0 0 0 
Cov(2,j) 0 0 0.224122 0 0 0 0 0 0 
Cov(3,j) 0 0 0 0.112043 0 0 0 0 0 
Cov(4,j) 0 0 0 0 1.87254e-09 -3.37739e-11 0 0 0 
Cov(5,j) 0 0 0 0 -3.37739e-11 1.96377e-09 0 0 0 
Cov(6,j) 0 0 0 0 0 0 7.50351e-07 0 0 
Cov(7,j) 0 0 0 0 0 0 0 8.98782e-07 0 
Cov(8,j) 0 0 0 0 0 0 0 0 0.00605214 
EmittanceX 0
EmittanceY 0
BetaStar 0
