Runnumber 353018
BeginTimeOfFit 2022.06.04 08:50:39 GMT 1654332639
EndTimeOfFit 2022.06.04 08:51:02 GMT 1654332662
LumiRange 378 - 378
Type 2
X0 0.256896
Y0 -0.181145
Z0 -0.872772
sigmaZ0 7.2486
dxdz 0.000173644
dydz 0.000255889
BeamWidthX 0.0106662
BeamWidthY 0.0170992
dxdy 0.156361
Cov(0,j) 6.70068e-08 -5.15368e-10 0 0 0 0 0 0 0 
Cov(1,j) -5.15368e-10 6.63641e-08 0 0 0 0 0 0 0 
Cov(2,j) 0 0 0.673451 0 0 0 0 0 0 
Cov(3,j) 0 0 0 0.336583 0 0 0 0 0 
Cov(4,j) 0 0 0 0 1.32044e-09 -4.52128e-12 0 0 0 
Cov(5,j) 0 0 0 0 -4.52128e-12 1.28251e-09 0 0 0 
Cov(6,j) 0 0 0 0 0 0 8.45339e-07 0 0 
Cov(7,j) 0 0 0 0 0 0 0 1.96518e-06 0 
Cov(8,j) 0 0 0 0 0 0 0 0 0.0134802 
EmittanceX 0
EmittanceY 0
BetaStar 0
