Runnumber 352425
BeginTimeOfFit 2022.05.27 12:03:16 GMT 1653652996
EndTimeOfFit 2022.05.27 12:03:39 GMT 1653653019
LumiRange 424 - 424
Type 2
X0 0.170403
Y0 -0.180215
Z0 0.700493
sigmaZ0 6.79286
dxdz 0.000301083
dydz 0.000257717
BeamWidthX 0.0171287
BeamWidthY 0.0196752
dxdy 0.0569847
Cov(0,j) 1.76887e-07 -2.44627e-09 0 0 0 0 0 0 0 
Cov(1,j) -2.44627e-09 1.74817e-07 0 0 0 0 0 0 0 
Cov(2,j) 0 0 0.562602 0 0 0 0 0 0 
Cov(3,j) 0 0 0 0.281191 0 0 0 0 0 
Cov(4,j) 0 0 0 0 3.41571e-09 -2.64795e-11 0 0 0 
Cov(5,j) 0 0 0 0 -2.64795e-11 3.36449e-09 0 0 0 
Cov(6,j) 0 0 0 0 0 0 1.87101e-06 0 0 
Cov(7,j) 0 0 0 0 0 0 0 2.44982e-06 0 
Cov(8,j) 0 0 0 0 0 0 0 0 0.0125771 
EmittanceX 0
EmittanceY 0
BetaStar 0
