Runnumber 353018
BeginTimeOfFit 2022.06.04 08:31:13 GMT 1654331473
EndTimeOfFit 2022.06.04 08:31:36 GMT 1654331496
LumiRange 328 - 328
Type 2
X0 0.175015
Y0 -0.181466
Z0 1.43884
sigmaZ0 7.05091
dxdz 0.000181234
dydz 0.000153988
BeamWidthX 0.0156578
BeamWidthY 0.0153676
dxdy -0.0986454
Cov(0,j) 6.30482e-08 9.24598e-11 0 0 0 0 0 0 0 
Cov(1,j) 9.24598e-11 6.11971e-08 0 0 0 0 0 0 0 
Cov(2,j) 0 0 0.220939 0 0 0 0 0 0 
Cov(3,j) 0 0 0 0.110454 0 0 0 0 0 
Cov(4,j) 0 0 0 0 1.19757e-09 1.23929e-11 0 0 0 
Cov(5,j) 0 0 0 0 1.23929e-11 1.14699e-09 0 0 0 
Cov(6,j) 0 0 0 0 0 0 5.75064e-07 0 0 
Cov(7,j) 0 0 0 0 0 0 0 5.54644e-07 0 
Cov(8,j) 0 0 0 0 0 0 0 0 0.0045979 
EmittanceX 0
EmittanceY 0
BetaStar 0
