Runnumber 352493
BeginTimeOfFit 2022.05.28 07:31:38 GMT 1653723098
EndTimeOfFit 2022.05.28 07:32:01 GMT 1653723121
LumiRange 191 - 191
Type 2
X0 0.169949
Y0 -0.181602
Z0 0.120787
sigmaZ0 6.33743
dxdz 0.000135266
dydz 0.00022451
BeamWidthX 0.0144616
BeamWidthY 0.0141529
dxdy -0.0623494
Cov(0,j) 3.72605e-08 2.78364e-11 0 0 0 0 0 0 0 
Cov(1,j) 2.78364e-11 3.65368e-08 0 0 0 0 0 0 0 
Cov(2,j) 0 0 0.13387 0 0 0 0 0 0 
Cov(3,j) 0 0 0 0.0669287 0 0 0 0 0 
Cov(4,j) 0 0 0 0 8.2505e-10 4.18449e-12 0 0 0 
Cov(5,j) 0 0 0 0 4.18449e-12 7.90007e-10 0 0 0 
Cov(6,j) 0 0 0 0 0 0 3.74506e-07 0 0 
Cov(7,j) 0 0 0 0 0 0 0 3.58947e-07 0 
Cov(8,j) 0 0 0 0 0 0 0 0 0.00355552 
EmittanceX 0
EmittanceY 0
BetaStar 0
