Runnumber 352422
BeginTimeOfFit 2022.05.27 09:14:01 GMT 1653642841
EndTimeOfFit 2022.05.27 09:14:24 GMT 1653642864
LumiRange 10 - 10
Type 2
X0 0.168899
Y0 -0.182003
Z0 0.509009
sigmaZ0 6.82729
dxdz 0.000164903
dydz 0.000227149
BeamWidthX 0.0159918
BeamWidthY 0.0171243
dxdy 0.199589
Cov(0,j) 9.61898e-08 -3.53707e-10 0 0 0 0 0 0 0 
Cov(1,j) -3.53707e-10 9.38492e-08 0 0 0 0 0 0 0 
Cov(2,j) 0 0 0.279085 0 0 0 0 0 0 
Cov(3,j) 0 0 0 0.139513 0 0 0 0 0 
Cov(4,j) 0 0 0 0 1.98038e-09 -9.29159e-12 0 0 0 
Cov(5,j) 0 0 0 0 -9.29159e-12 1.91095e-09 0 0 0 
Cov(6,j) 0 0 0 0 0 0 8.08937e-07 0 0 
Cov(7,j) 0 0 0 0 0 0 0 9.15976e-07 0 
Cov(8,j) 0 0 0 0 0 0 0 0 0.00581583 
EmittanceX 0
EmittanceY 0
BetaStar 0
