Runnumber 352568
BeginTimeOfFit 2022.05.29 09:46:20 GMT 1653817580
EndTimeOfFit 2022.05.29 09:46:43 GMT 1653817603
LumiRange 353 - 353
Type 2
X0 0.176886
Y0 -0.18088
Z0 -0.896067
sigmaZ0 6.77024
dxdz 0.000445074
dydz 0.000129934
BeamWidthX 0.0172606
BeamWidthY 0.0172409
dxdy 0.121188
Cov(0,j) 3.12381e-07 -3.70077e-09 0 0 0 0 0 0 0 
Cov(1,j) -3.70077e-09 3.03234e-07 0 0 0 0 0 0 0 
Cov(2,j) 0 0 0.739091 0 0 0 0 0 0 
Cov(3,j) 0 0 0 0.369357 0 0 0 0 0 
Cov(4,j) 0 0 0 0 6.87959e-09 -8.29475e-11 0 0 0 
Cov(5,j) 0 0 0 0 -8.29475e-11 7.00139e-09 0 0 0 
Cov(6,j) 0 0 0 0 0 0 2.52304e-06 0 0 
Cov(7,j) 0 0 0 0 0 0 0 2.51906e-06 0 
Cov(8,j) 0 0 0 0 0 0 0 0 0.0165052 
EmittanceX 0
EmittanceY 0
BetaStar 0
