Runnumber 353060
BeginTimeOfFit 2022.06.05 05:24:44 GMT 1654406684
EndTimeOfFit 2022.06.05 05:25:07 GMT 1654406707
LumiRange 116 - 116
Type 2
X0 0.169563
Y0 -0.179295
Z0 -0.378562
sigmaZ0 6.468
dxdz 0.000128073
dydz 0.000171587
BeamWidthX 0.0140829
BeamWidthY 0.0141794
dxdy -0.0199739
Cov(0,j) 3.41267e-08 -4.19783e-10 0 0 0 0 0 0 0 
Cov(1,j) -4.19783e-10 3.30409e-08 0 0 0 0 0 0 0 
Cov(2,j) 0 0 0.124503 0 0 0 0 0 0 
Cov(3,j) 0 0 0 0.062246 0 0 0 0 0 
Cov(4,j) 0 0 0 0 7.07455e-10 -7.91359e-12 0 0 0 
Cov(5,j) 0 0 0 0 -7.91359e-12 6.91331e-10 0 0 0 
Cov(6,j) 0 0 0 0 0 0 3.17124e-07 0 0 
Cov(7,j) 0 0 0 0 0 0 0 3.20205e-07 0 
Cov(8,j) 0 0 0 0 0 0 0 0 0.0031821 
EmittanceX 0
EmittanceY 0
BetaStar 0
