Runnumber 353060
BeginTimeOfFit 2022.06.05 10:40:12 GMT 1654425612
EndTimeOfFit 2022.06.05 10:40:36 GMT 1654425636
LumiRange 928 - 928
Type 2
X0 0.168211
Y0 -0.179152
Z0 0.768592
sigmaZ0 7.67342
dxdz 0.0002065
dydz 0.000179102
BeamWidthX 0.017442
BeamWidthY 0.0152766
dxdy -0.0267952
Cov(0,j) 1.16659e-07 -1.50094e-10 0 0 0 0 0 0 0 
Cov(1,j) -1.50094e-10 1.14853e-07 0 0 0 0 0 0 0 
Cov(2,j) 0 0 0.436089 0 0 0 0 0 0 
Cov(3,j) 0 0 0 0.217989 0 0 0 0 0 
Cov(4,j) 0 0 0 0 1.94115e-09 3.99549e-11 0 0 0 
Cov(5,j) 0 0 0 0 3.99549e-11 1.90508e-09 0 0 0 
Cov(6,j) 0 0 0 0 0 0 1.18334e-06 0 0 
Cov(7,j) 0 0 0 0 0 0 0 9.20175e-07 0 
Cov(8,j) 0 0 0 0 0 0 0 0 0.00784769 
EmittanceX 0
EmittanceY 0
BetaStar 0
