Runnumber 352509
BeginTimeOfFit 2022.05.28 12:28:30 GMT 1653740910
EndTimeOfFit 2022.05.28 12:28:53 GMT 1653740933
LumiRange 288 - 288
Type 2
X0 0.169505
Y0 -0.180873
Z0 1.01756
sigmaZ0 6.96883
dxdz 0.0001725
dydz 0.000161335
BeamWidthX 0.0184031
BeamWidthY 0.0167848
dxdy -0.106226
Cov(0,j) 1.09776e-07 8.29337e-10 0 0 0 0 0 0 0 
Cov(1,j) 8.29337e-10 1.05811e-07 0 0 0 0 0 0 0 
Cov(2,j) 0 0 0.344387 0 0 0 0 0 0 
Cov(3,j) 0 0 0 0.172155 0 0 0 0 0 
Cov(4,j) 0 0 0 0 1.84091e-09 -2.12746e-11 0 0 0 
Cov(5,j) 0 0 0 0 -2.12746e-11 1.78338e-09 0 0 0 
Cov(6,j) 0 0 0 0 0 0 1.26192e-06 0 0 
Cov(7,j) 0 0 0 0 0 0 0 1.05088e-06 0 
Cov(8,j) 0 0 0 0 0 0 0 0 0.00728145 
EmittanceX 0
EmittanceY 0
BetaStar 0
