Runnumber 352567
BeginTimeOfFit 2022.05.29 06:41:23 GMT 1653806483
EndTimeOfFit 2022.05.29 06:41:46 GMT 1653806506
LumiRange 5 - 5
Type 2
X0 0.176063
Y0 -0.18137
Z0 0.519162
sigmaZ0 6.45802
dxdz 0.000135306
dydz 0.000136855
BeamWidthX 0.0138953
BeamWidthY 0.0136574
dxdy 0.0808218
Cov(0,j) 3.59182e-08 5.80817e-10 0 0 0 0 0 0 0 
Cov(1,j) 5.80817e-10 3.57691e-08 0 0 0 0 0 0 0 
Cov(2,j) 0 0 0.140891 0 0 0 0 0 0 
Cov(3,j) 0 0 0 0.0704382 0 0 0 0 0 
Cov(4,j) 0 0 0 0 8.81418e-10 2.1074e-11 0 0 0 
Cov(5,j) 0 0 0 0 2.1074e-11 8.75638e-10 0 0 0 
Cov(6,j) 0 0 0 0 0 0 3.50987e-07 0 0 
Cov(7,j) 0 0 0 0 0 0 0 3.40168e-07 0 
Cov(8,j) 0 0 0 0 0 0 0 0 0.00359645 
EmittanceX 0
EmittanceY 0
BetaStar 0
