Runnumber 352425
BeginTimeOfFit 2022.05.27 10:24:11 GMT 1653647051
EndTimeOfFit 2022.05.27 10:24:35 GMT 1653647075
LumiRange 169 - 169
Type 2
X0 0.169439
Y0 -0.181956
Z0 -0.444367
sigmaZ0 6.62866
dxdz 0.000101932
dydz 0.000193349
BeamWidthX 0.0154479
BeamWidthY 0.0154977
dxdy -0.146267
Cov(0,j) 9.41302e-08 1.20224e-09 0 0 0 0 0 0 0 
Cov(1,j) 1.20224e-09 9.69249e-08 0 0 0 0 0 0 0 
Cov(2,j) 0 0 0.302995 0 0 0 0 0 0 
Cov(3,j) 0 0 0 0.151467 0 0 0 0 0 
Cov(4,j) 0 0 0 0 1.92914e-09 4.09143e-11 0 0 0 
Cov(5,j) 0 0 0 0 4.09143e-11 1.99763e-09 0 0 0 
Cov(6,j) 0 0 0 0 0 0 8.78029e-07 0 0 
Cov(7,j) 0 0 0 0 0 0 0 8.78304e-07 0 
Cov(8,j) 0 0 0 0 0 0 0 0 0.00710329 
EmittanceX 0
EmittanceY 0
BetaStar 0
