Runnumber 353060
BeginTimeOfFit 2022.06.05 12:13:27 GMT 1654431207
EndTimeOfFit 2022.06.05 12:13:50 GMT 1654431230
LumiRange 1168 - 1168
Type 2
X0 0.165607
Y0 -0.180297
Z0 -0.670405
sigmaZ0 6.74508
dxdz 0.000112215
dydz 0.000328563
BeamWidthX 0.0140491
BeamWidthY 0.0189061
dxdy -0.150094
Cov(0,j) 1.69287e-07 -7.58915e-10 0 0 0 0 0 0 0 
Cov(1,j) -7.58915e-10 1.60417e-07 0 0 0 0 0 0 0 
Cov(2,j) 0 0 0.489119 0 0 0 0 0 0 
Cov(3,j) 0 0 0 0.24433 0 0 0 0 0 
Cov(4,j) 0 0 0 0 3.13186e-09 1.7816e-11 0 0 0 
Cov(5,j) 0 0 0 0 1.7816e-11 2.90561e-09 0 0 0 
Cov(6,j) 0 0 0 0 0 0 1.13617e-06 0 0 
Cov(7,j) 0 0 0 0 0 0 0 1.99675e-06 0 
Cov(8,j) 0 0 0 0 0 0 0 0 0.0108285 
EmittanceX 0
EmittanceY 0
BetaStar 0
