Runnumber 352509
BeginTimeOfFit 2022.05.28 11:32:56 GMT 1653737576
EndTimeOfFit 2022.05.28 11:33:20 GMT 1653737600
LumiRange 145 - 145
Type 2
X0 0.170125
Y0 -0.181446
Z0 0.259919
sigmaZ0 7.1801
dxdz 0.000195013
dydz 0.000112421
BeamWidthX 0.0157814
BeamWidthY 0.0176493
dxdy 0.0511155
Cov(0,j) 8.01234e-08 1.4204e-09 0 0 0 0 0 0 0 
Cov(1,j) 1.4204e-09 8.24623e-08 0 0 0 0 0 0 0 
Cov(2,j) 0 0 0.263004 0 0 0 0 0 0 
Cov(3,j) 0 0 0 0.13148 0 0 0 0 0 
Cov(4,j) 0 0 0 0 1.35536e-09 1.23103e-11 0 0 0 
Cov(5,j) 0 0 0 0 1.23103e-11 1.37978e-09 0 0 0 
Cov(6,j) 0 0 0 0 0 0 6.73508e-07 0 0 
Cov(7,j) 0 0 0 0 0 0 0 8.34378e-07 0 
Cov(8,j) 0 0 0 0 0 0 0 0 0.00538089 
EmittanceX 0
EmittanceY 0
BetaStar 0
