Runnumber 352567
BeginTimeOfFit 2022.05.29 07:19:28 GMT 1653808768
EndTimeOfFit 2022.05.29 07:19:51 GMT 1653808791
LumiRange 103 - 103
Type 2
X0 0.177996
Y0 -0.181828
Z0 -0.0822522
sigmaZ0 7.49679
dxdz 0.000236168
dydz 0.000179913
BeamWidthX 0.0141188
BeamWidthY 0.0152523
dxdy 0.0166325
Cov(0,j) 1.10463e-07 1.23419e-09 0 0 0 0 0 0 0 
Cov(1,j) 1.23419e-09 1.0957e-07 0 0 0 0 0 0 0 
Cov(2,j) 0 0 0.585311 0 0 0 0 0 0 
Cov(3,j) 0 0 0 0.292408 0 0 0 0 0 
Cov(4,j) 0 0 0 0 2.36247e-09 -1.61853e-11 0 0 0 
Cov(5,j) 0 0 0 0 -1.61853e-11 2.43483e-09 0 0 0 
Cov(6,j) 0 0 0 0 0 0 1.12418e-06 0 0 
Cov(7,j) 0 0 0 0 0 0 0 1.32138e-06 0 
Cov(8,j) 0 0 0 0 0 0 0 0 0.0112996 
EmittanceX 0
EmittanceY 0
BetaStar 0
