Runnumber 353060
BeginTimeOfFit 2022.06.05 12:02:34 GMT 1654430554
EndTimeOfFit 2022.06.05 12:02:58 GMT 1654430578
LumiRange 1140 - 1140
Type 2
X0 0.166543
Y0 -0.179971
Z0 0.156146
sigmaZ0 7.26597
dxdz 0.000221327
dydz 0.000104683
BeamWidthX 0.0171173
BeamWidthY 0.0148545
dxdy 0.0637037
Cov(0,j) 1.48367e-07 1.42183e-09 0 0 0 0 0 0 0 
Cov(1,j) 1.42183e-09 1.47811e-07 0 0 0 0 0 0 0 
Cov(2,j) 0 0 0.544163 0 0 0 0 0 0 
Cov(3,j) 0 0 0 0.271983 0 0 0 0 0 
Cov(4,j) 0 0 0 0 2.52665e-09 3.28167e-11 0 0 0 
Cov(5,j) 0 0 0 0 3.28167e-11 2.55919e-09 0 0 0 
Cov(6,j) 0 0 0 0 0 0 1.58283e-06 0 0 
Cov(7,j) 0 0 0 0 0 0 0 1.20976e-06 0 
Cov(8,j) 0 0 0 0 0 0 0 0 0.0107845 
EmittanceX 0
EmittanceY 0
BetaStar 0
