Runnumber 352568
BeginTimeOfFit 2022.05.29 11:02:29 GMT 1653822149
EndTimeOfFit 2022.05.29 11:02:52 GMT 1653822172
LumiRange 549 - 549
Type 2
X0 0.176161
Y0 -0.182022
Z0 0.391942
sigmaZ0 6.25637
dxdz 0.000142818
dydz 0.000231089
BeamWidthX 0.0145577
BeamWidthY 0.0159144
dxdy -0.00446682
Cov(0,j) 7.90821e-08 1.33866e-09 0 0 0 0 0 0 0 
Cov(1,j) 1.33866e-09 7.88269e-08 0 0 0 0 0 0 0 
Cov(2,j) 0 0 0.246155 0 0 0 0 0 0 
Cov(3,j) 0 0 0 0.123055 0 0 0 0 0 
Cov(4,j) 0 0 0 0 1.73298e-09 5.87895e-11 0 0 0 
Cov(5,j) 0 0 0 0 5.87895e-11 1.79353e-09 0 0 0 
Cov(6,j) 0 0 0 0 0 0 7.09704e-07 0 0 
Cov(7,j) 0 0 0 0 0 0 0 8.47848e-07 0 
Cov(8,j) 0 0 0 0 0 0 0 0 0.00670189 
EmittanceX 0
EmittanceY 0
BetaStar 0
