Runnumber 352903
BeginTimeOfFit 2022.06.03 07:23:49 GMT 1654241029
EndTimeOfFit 2022.06.03 07:24:13 GMT 1654241053
LumiRange 29 - 29
Type 2
X0 0.170659
Y0 -0.181003
Z0 0.206778
sigmaZ0 6.00903
dxdz 0.000132503
dydz 0.000189116
BeamWidthX 0.012861
BeamWidthY 0.0127082
dxdy -0.0434974
Cov(0,j) 2.62729e-08 -1.51577e-10 0 0 0 0 0 0 0 
Cov(1,j) -1.51577e-10 2.54337e-08 0 0 0 0 0 0 0 
Cov(2,j) 0 0 0.102869 0 0 0 0 0 0 
Cov(3,j) 0 0 0 0.0514305 0 0 0 0 0 
Cov(4,j) 0 0 0 0 6.84809e-10 -2.77206e-12 0 0 0 
Cov(5,j) 0 0 0 0 -2.77206e-12 6.55386e-10 0 0 0 
Cov(6,j) 0 0 0 0 0 0 2.56942e-07 0 0 
Cov(7,j) 0 0 0 0 0 0 0 2.4862e-07 0 
Cov(8,j) 0 0 0 0 0 0 0 0 0.00306843 
EmittanceX 0
EmittanceY 0
BetaStar 0
