Runnumber 353015
BeginTimeOfFit 2022.06.04 04:17:54 GMT 1654316274
EndTimeOfFit 2022.06.04 04:18:17 GMT 1654316297
LumiRange 86 - 86
Type 2
X0 0.176962
Y0 -0.178513
Z0 -0.381482
sigmaZ0 6.23261
dxdz 0.000139192
dydz 0.000166993
BeamWidthX 0.013415
BeamWidthY 0.0137774
dxdy -0.000178059
Cov(0,j) 2.34871e-08 1.9755e-10 0 0 0 0 0 0 0 
Cov(1,j) 1.9755e-10 2.31356e-08 0 0 0 0 0 0 0 
Cov(2,j) 0 0 0.0837162 0 0 0 0 0 0 
Cov(3,j) 0 0 0 0.0418554 0 0 0 0 0 
Cov(4,j) 0 0 0 0 5.66872e-10 2.20735e-12 0 0 0 
Cov(5,j) 0 0 0 0 2.20735e-12 5.67867e-10 0 0 0 
Cov(6,j) 0 0 0 0 0 0 2.09632e-07 0 0 
Cov(7,j) 0 0 0 0 0 0 0 2.19132e-07 0 
Cov(8,j) 0 0 0 0 0 0 0 0 0.0023142 
EmittanceX 0
EmittanceY 0
BetaStar 0
