Runnumber 352568
BeginTimeOfFit 2022.05.29 08:02:13 GMT 1653811333
EndTimeOfFit 2022.05.29 08:02:36 GMT 1653811356
LumiRange 85 - 85
Type 2
X0 0.176795
Y0 -0.180858
Z0 -0.523761
sigmaZ0 7.27149
dxdz 0.000118832
dydz 0.000146596
BeamWidthX 0.0146486
BeamWidthY 0.0147483
dxdy 0.057859
Cov(0,j) 5.32768e-08 5.50397e-10 0 0 0 0 0 0 0 
Cov(1,j) 5.50397e-10 5.23715e-08 0 0 0 0 0 0 0 
Cov(2,j) 0 0 0.220293 0 0 0 0 0 0 
Cov(3,j) 0 0 0 0.110127 0 0 0 0 0 
Cov(4,j) 0 0 0 0 1.06294e-09 -1.31448e-11 0 0 0 
Cov(5,j) 0 0 0 0 -1.31448e-11 1.01858e-09 0 0 0 
Cov(6,j) 0 0 0 0 0 0 4.79751e-07 0 0 
Cov(7,j) 0 0 0 0 0 0 0 4.8342e-07 0 
Cov(8,j) 0 0 0 0 0 0 0 0 0.00440771 
EmittanceX 0
EmittanceY 0
BetaStar 0
