Runnumber 352568
BeginTimeOfFit 2022.05.29 10:33:44 GMT 1653820424
EndTimeOfFit 2022.05.29 10:34:07 GMT 1653820447
LumiRange 475 - 475
Type 2
X0 0.176782
Y0 -0.181541
Z0 0.0604778
sigmaZ0 6.2842
dxdz 0.000132368
dydz 0.000247167
BeamWidthX 0.015781
BeamWidthY 0.0155358
dxdy 0.0350761
Cov(0,j) 7.91896e-08 1.61643e-09 0 0 0 0 0 0 0 
Cov(1,j) 1.61643e-09 7.81982e-08 0 0 0 0 0 0 0 
Cov(2,j) 0 0 0.230923 0 0 0 0 0 0 
Cov(3,j) 0 0 0 0.115442 0 0 0 0 0 
Cov(4,j) 0 0 0 0 1.81759e-09 7.29464e-11 0 0 0 
Cov(5,j) 0 0 0 0 7.29464e-11 1.86558e-09 0 0 0 
Cov(6,j) 0 0 0 0 0 0 7.7632e-07 0 0 
Cov(7,j) 0 0 0 0 0 0 0 7.52657e-07 0 
Cov(8,j) 0 0 0 0 0 0 0 0 0.00621725 
EmittanceX 0
EmittanceY 0
BetaStar 0
