Runnumber 353689
BeginTimeOfFit 2022.06.13 08:06:44 GMT 1655107604
EndTimeOfFit 2022.06.13 08:07:07 GMT 1655107627
LumiRange 26 - 26
Type 2
X0 0.173146
Y0 -0.181369
Z0 0.784094
sigmaZ0 6.12225
dxdz 0.00016226
dydz 0.000291942
BeamWidthX 0.0150893
BeamWidthY 0.0151143
dxdy 0.019688
Cov(0,j) 3.65022e-08 -2.74777e-10 0 0 0 0 0 0 0 
Cov(1,j) -2.74777e-10 3.62249e-08 0 0 0 0 0 0 0 
Cov(2,j) 0 0 0.100484 0 0 0 0 0 0 
Cov(3,j) 0 0 0 0.0502382 0 0 0 0 0 
Cov(4,j) 0 0 0 0 1.02688e-09 -1.72456e-11 0 0 0 
Cov(5,j) 0 0 0 0 -1.72456e-11 9.95457e-10 0 0 0 
Cov(6,j) 0 0 0 0 0 0 3.23404e-07 0 0 
Cov(7,j) 0 0 0 0 0 0 0 3.24424e-07 0 
Cov(8,j) 0 0 0 0 0 0 0 0 0.00284044 
EmittanceX 0
EmittanceY 0
BetaStar 0
