Runnumber 353018
BeginTimeOfFit 2022.06.04 07:45:22 GMT 1654328722
EndTimeOfFit 2022.06.04 07:45:46 GMT 1654328746
LumiRange 210 - 210
Type 2
X0 0.174529
Y0 -0.144751
Z0 0.420803
sigmaZ0 7.26545
dxdz 0.000215538
dydz 0.000335779
BeamWidthX 0.0179128
BeamWidthY 0.0169149
dxdy -0.0508342
Cov(0,j) 4.03771e-07 -1.01252e-08 0 0 0 0 0 0 0 
Cov(1,j) -1.01252e-08 3.98617e-07 0 0 0 0 0 0 0 
Cov(2,j) 0 0 1.22704 0 0 0 0 0 0 
Cov(3,j) 0 0 0 0.613033 0 0 0 0 0 
Cov(4,j) 0 0 0 0 8.85961e-09 -5.17128e-10 0 0 0 
Cov(5,j) 0 0 0 0 -5.17128e-10 9.50757e-09 0 0 0 
Cov(6,j) 0 0 0 0 0 0 3.87736e-06 0 0 
Cov(7,j) 0 0 0 0 0 0 0 3.46707e-06 0 
Cov(8,j) 0 0 0 0 0 0 0 0 0.0238412 
EmittanceX 0
EmittanceY 0
BetaStar 0
