Runnumber 352417
BeginTimeOfFit 2022.05.27 08:19:14 GMT 1653639554
EndTimeOfFit 2022.05.27 08:19:37 GMT 1653639577
LumiRange 58 - 58
Type 2
X0 0.168755
Y0 -0.182664
Z0 0.366331
sigmaZ0 6.27945
dxdz 9.34459e-05
dydz 0.000249408
BeamWidthX 0.0130069
BeamWidthY 0.0168915
dxdy -0.00372906
Cov(0,j) 7.20062e-08 6.66971e-10 0 0 0 0 0 0 0 
Cov(1,j) 6.66971e-10 7.10218e-08 0 0 0 0 0 0 0 
Cov(2,j) 0 0 0.238958 0 0 0 0 0 0 
Cov(3,j) 0 0 0 0.119458 0 0 0 0 0 
Cov(4,j) 0 0 0 0 1.74423e-09 4.99855e-11 0 0 0 
Cov(5,j) 0 0 0 0 4.99855e-11 1.66912e-09 0 0 0 
Cov(6,j) 0 0 0 0 0 0 5.60321e-07 0 0 
Cov(7,j) 0 0 0 0 0 0 0 9.09472e-07 0 
Cov(8,j) 0 0 0 0 0 0 0 0 0.00648066 
EmittanceX 0
EmittanceY 0
BetaStar 0
