Runnumber 352568
BeginTimeOfFit 2022.05.29 09:52:10 GMT 1653817930
EndTimeOfFit 2022.05.29 09:52:33 GMT 1653817953
LumiRange 368 - 368
Type 2
X0 0.177478
Y0 -0.181403
Z0 0.579131
sigmaZ0 6.02766
dxdz 0.000149538
dydz 0.000172685
BeamWidthX 0.0153098
BeamWidthY 0.0152646
dxdy -0.0992022
Cov(0,j) 7.12868e-08 3.58161e-10 0 0 0 0 0 0 0 
Cov(1,j) 3.58161e-10 7.17326e-08 0 0 0 0 0 0 0 
Cov(2,j) 0 0 0.175509 0 0 0 0 0 0 
Cov(3,j) 0 0 0 0.087742 0 0 0 0 0 
Cov(4,j) 0 0 0 0 1.77587e-09 2.31372e-12 0 0 0 
Cov(5,j) 0 0 0 0 2.31372e-12 1.72947e-09 0 0 0 
Cov(6,j) 0 0 0 0 0 0 6.03915e-07 0 0 
Cov(7,j) 0 0 0 0 0 0 0 6.00197e-07 0 
Cov(8,j) 0 0 0 0 0 0 0 0 0.00502503 
EmittanceX 0
EmittanceY 0
BetaStar 0
