Runnumber 353087
BeginTimeOfFit 2022.06.05 15:16:28 GMT 1654442188
EndTimeOfFit 2022.06.05 15:16:52 GMT 1654442212
LumiRange 71 - 71
Type 2
X0 0.172252
Y0 -0.180227
Z0 -0.0195287
sigmaZ0 6.60623
dxdz 0.000170474
dydz 0.000183852
BeamWidthX 0.0130342
BeamWidthY 0.0148147
dxdy 3.90816e-05
Cov(0,j) 3.24441e-08 -4.11973e-12 0 0 0 0 0 0 0 
Cov(1,j) -4.11973e-12 3.21425e-08 0 0 0 0 0 0 0 
Cov(2,j) 0 0 0.131844 0 0 0 0 0 0 
Cov(3,j) 0 0 0 0.0659101 0 0 0 0 0 
Cov(4,j) 0 0 0 0 6.96185e-10 2.95417e-12 0 0 0 
Cov(5,j) 0 0 0 0 2.95417e-12 6.96223e-10 0 0 0 
Cov(6,j) 0 0 0 0 0 0 2.7888e-07 0 0 
Cov(7,j) 0 0 0 0 0 0 0 3.55544e-07 0 
Cov(8,j) 0 0 0 0 0 0 0 0 0.00326197 
EmittanceX 0
EmittanceY 0
BetaStar 0
