Runnumber 353060
BeginTimeOfFit 2022.06.05 12:22:23 GMT 1654431743
EndTimeOfFit 2022.06.05 12:22:46 GMT 1654431766
LumiRange 1191 - 1191
Type 2
X0 0.164361
Y0 -0.180366
Z0 2.56882
sigmaZ0 6.27387
dxdz 0.000198693
dydz 0.000332016
BeamWidthX 0.0168133
BeamWidthY 0.017462
dxdy -0.184322
Cov(0,j) 1.80033e-07 3.64236e-09 0 0 0 0 0 0 0 
Cov(1,j) 3.64236e-09 1.83922e-07 0 0 0 0 0 0 0 
Cov(2,j) 0 0 0.511092 0 0 0 0 0 0 
Cov(3,j) 0 0 0 0.25545 0 0 0 0 0 
Cov(4,j) 0 0 0 0 3.31688e-09 2.86557e-11 0 0 0 
Cov(5,j) 0 0 0 0 2.86557e-11 3.42404e-09 0 0 0 
Cov(6,j) 0 0 0 0 0 0 1.94019e-06 0 0 
Cov(7,j) 0 0 0 0 0 0 0 2.08773e-06 0 
Cov(8,j) 0 0 0 0 0 0 0 0 0.0127591 
EmittanceX 0
EmittanceY 0
BetaStar 0
