Runnumber 352505
BeginTimeOfFit 2022.05.28 09:30:16 GMT 1653730216
EndTimeOfFit 2022.05.28 09:30:40 GMT 1653730240
LumiRange 26 - 26
Type 2
X0 0.170256
Y0 -0.182025
Z0 -0.0654692
sigmaZ0 7.33584
dxdz 0.000101435
dydz 0.000137849
BeamWidthX 0.0159669
BeamWidthY 0.0169939
dxdy -0.0144671
Cov(0,j) 6.38521e-08 5.96115e-10 0 0 0 0 0 0 0 
Cov(1,j) 5.96115e-10 6.3715e-08 0 0 0 0 0 0 0 
Cov(2,j) 0 0 0.234978 0 0 0 0 0 0 
Cov(3,j) 0 0 0 0.117473 0 0 0 0 0 
Cov(4,j) 0 0 0 0 1.15749e-09 5.30166e-13 0 0 0 
Cov(5,j) 0 0 0 0 5.30166e-13 1.14326e-09 0 0 0 
Cov(6,j) 0 0 0 0 0 0 5.9269e-07 0 0 
Cov(7,j) 0 0 0 0 0 0 0 6.65276e-07 0 
Cov(8,j) 0 0 0 0 0 0 0 0 0.00460627 
EmittanceX 0
EmittanceY 0
BetaStar 0
