Runnumber 353015
BeginTimeOfFit 2022.06.04 04:43:32 GMT 1654317812
EndTimeOfFit 2022.06.04 04:43:56 GMT 1654317836
LumiRange 152 - 152
Type 2
X0 0.176501
Y0 -0.178788
Z0 0.0339029
sigmaZ0 6.8363
dxdz 0.000124795
dydz 0.000231488
BeamWidthX 0.0143206
BeamWidthY 0.0148639
dxdy 0.0343305
Cov(0,j) 2.8393e-08 -7.6664e-11 0 0 0 0 0 0 0 
Cov(1,j) -7.6664e-11 2.82948e-08 0 0 0 0 0 0 0 
Cov(2,j) 0 0 0.104783 0 0 0 0 0 0 
Cov(3,j) 0 0 0 0.0523878 0 0 0 0 0 
Cov(4,j) 0 0 0 0 6.22393e-10 1.03438e-12 0 0 0 
Cov(5,j) 0 0 0 0 1.03438e-12 6.26316e-10 0 0 0 
Cov(6,j) 0 0 0 0 0 0 2.46875e-07 0 0 
Cov(7,j) 0 0 0 0 0 0 0 2.65873e-07 0 
Cov(8,j) 0 0 0 0 0 0 0 0 0.00239674 
EmittanceX 0
EmittanceY 0
BetaStar 0
