Runnumber 352931
BeginTimeOfFit 2022.06.03 12:14:15 GMT 1654258455
EndTimeOfFit 2022.06.03 12:14:38 GMT 1654258478
LumiRange 119 - 119
Type 2
X0 0.169172
Y0 -0.181263
Z0 0.174532
sigmaZ0 7.85695
dxdz 5.68951e-05
dydz 0.000199279
BeamWidthX 0.0153309
BeamWidthY 0.0161797
dxdy 0.122246
Cov(0,j) 8.35624e-08 -2.50487e-09 0 0 0 0 0 0 0 
Cov(1,j) -2.50487e-09 8.37622e-08 0 0 0 0 0 0 0 
Cov(2,j) 0 0 0.467584 0 0 0 0 0 0 
Cov(3,j) 0 0 0 0.233736 0 0 0 0 0 
Cov(4,j) 0 0 0 0 1.43536e-09 -3.80189e-11 0 0 0 
Cov(5,j) 0 0 0 0 -3.80189e-11 1.48033e-09 0 0 0 
Cov(6,j) 0 0 0 0 0 0 9.43386e-07 0 0 
Cov(7,j) 0 0 0 0 0 0 0 1.04591e-06 0 
Cov(8,j) 0 0 0 0 0 0 0 0 0.00778927 
EmittanceX 0
EmittanceY 0
BetaStar 0
