Runnumber 352568
BeginTimeOfFit 2022.05.29 10:51:36 GMT 1653821496
EndTimeOfFit 2022.05.29 10:52:00 GMT 1653821520
LumiRange 521 - 521
Type 2
X0 0.176432
Y0 -0.182078
Z0 -0.510431
sigmaZ0 6.09574
dxdz 8.07868e-05
dydz 0.000197862
BeamWidthX 0.0139706
BeamWidthY 0.0160508
dxdy -0.0145136
Cov(0,j) 7.84369e-08 6.9221e-10 0 0 0 0 0 0 0 
Cov(1,j) 6.9221e-10 7.45636e-08 0 0 0 0 0 0 0 
Cov(2,j) 0 0 0.209916 0 0 0 0 0 0 
Cov(3,j) 0 0 0 0.104941 0 0 0 0 0 
Cov(4,j) 0 0 0 0 1.87173e-09 1.08983e-11 0 0 0 
Cov(5,j) 0 0 0 0 1.08983e-11 1.78246e-09 0 0 0 
Cov(6,j) 0 0 0 0 0 0 5.92404e-07 0 0 
Cov(7,j) 0 0 0 0 0 0 0 7.64891e-07 0 
Cov(8,j) 0 0 0 0 0 0 0 0 0.00599723 
EmittanceX 0
EmittanceY 0
BetaStar 0
