Runnumber 353701
BeginTimeOfFit 2022.06.13 09:27:13 GMT 1655112433
EndTimeOfFit 2022.06.13 09:27:37 GMT 1655112457
LumiRange 20 - 20
Type 2
X0 0.172168
Y0 -0.180936
Z0 0.603032
sigmaZ0 6.95685
dxdz 0.000189544
dydz 0.000299187
BeamWidthX 0.0140301
BeamWidthY 0.016061
dxdy 0.0745582
Cov(0,j) 4.81671e-08 2.28821e-10 0 0 0 0 0 0 0 
Cov(1,j) 2.28821e-10 4.78034e-08 0 0 0 0 0 0 0 
Cov(2,j) 0 0 0.182621 0 0 0 0 0 0 
Cov(3,j) 0 0 0 0.0912939 0 0 0 0 0 
Cov(4,j) 0 0 0 0 1.00761e-09 1.45654e-11 0 0 0 
Cov(5,j) 0 0 0 0 1.45654e-11 1.0095e-09 0 0 0 
Cov(6,j) 0 0 0 0 0 0 3.99062e-07 0 0 
Cov(7,j) 0 0 0 0 0 0 0 5.13312e-07 0 
Cov(8,j) 0 0 0 0 0 0 0 0 0.00396023 
EmittanceX 0
EmittanceY 0
BetaStar 0
