Runnumber 352909
BeginTimeOfFit 2022.06.03 08:47:29 GMT 1654246049
EndTimeOfFit 2022.06.03 08:47:53 GMT 1654246073
LumiRange 47 - 47
Type 2
X0 0.170369
Y0 -0.180588
Z0 0.898954
sigmaZ0 6.77585
dxdz 0.00012058
dydz 0.000222769
BeamWidthX 0.0147433
BeamWidthY 0.0140959
dxdy 0.00577037
Cov(0,j) 4.05725e-08 1.91462e-10 0 0 0 0 0 0 0 
Cov(1,j) 1.91462e-10 4.04134e-08 0 0 0 0 0 0 0 
Cov(2,j) 0 0 0.154578 0 0 0 0 0 0 
Cov(3,j) 0 0 0 0.0772809 0 0 0 0 0 
Cov(4,j) 0 0 0 0 7.93929e-10 4.12551e-12 0 0 0 
Cov(5,j) 0 0 0 0 4.12551e-12 7.84844e-10 0 0 0 
Cov(6,j) 0 0 0 0 0 0 3.90398e-07 0 0 
Cov(7,j) 0 0 0 0 0 0 0 3.6015e-07 0 
Cov(8,j) 0 0 0 0 0 0 0 0 0.00360205 
EmittanceX 0
EmittanceY 0
BetaStar 0
