Runnumber 352568
BeginTimeOfFit 2022.05.29 10:48:53 GMT 1653821333
EndTimeOfFit 2022.05.29 10:49:16 GMT 1653821356
LumiRange 514 - 514
Type 2
X0 0.176918
Y0 -0.182108
Z0 0.879063
sigmaZ0 6.35284
dxdz 0.000245653
dydz 0.00020166
BeamWidthX 0.0152339
BeamWidthY 0.0165698
dxdy -0.0337355
Cov(0,j) 8.22433e-08 1.16456e-09 0 0 0 0 0 0 0 
Cov(1,j) 1.16456e-09 7.99807e-08 0 0 0 0 0 0 0 
Cov(2,j) 0 0 0.25541 0 0 0 0 0 0 
Cov(3,j) 0 0 0 0.127681 0 0 0 0 0 
Cov(4,j) 0 0 0 0 1.8572e-09 2.53798e-11 0 0 0 
Cov(5,j) 0 0 0 0 2.53798e-11 1.84708e-09 0 0 0 
Cov(6,j) 0 0 0 0 0 0 7.82033e-07 0 0 
Cov(7,j) 0 0 0 0 0 0 0 9.19828e-07 0 
Cov(8,j) 0 0 0 0 0 0 0 0 0.00668506 
EmittanceX 0
EmittanceY 0
BetaStar 0
