Runnumber 352572
BeginTimeOfFit 2022.05.29 12:07:09 GMT 1653826029
EndTimeOfFit 2022.05.29 12:07:32 GMT 1653826052
LumiRange 42 - 42
Type 2
X0 0.177307
Y0 -0.18137
Z0 0.543817
sigmaZ0 6.64582
dxdz 0.000141499
dydz 0.000149637
BeamWidthX 0.0146726
BeamWidthY 0.0160982
dxdy -0.16356
Cov(0,j) 8.89483e-08 1.46965e-09 0 0 0 0 0 0 0 
Cov(1,j) 1.46965e-09 8.90529e-08 0 0 0 0 0 0 0 
Cov(2,j) 0 0 0.30248 0 0 0 0 0 0 
Cov(3,j) 0 0 0 0.151208 0 0 0 0 0 
Cov(4,j) 0 0 0 0 1.94456e-09 1.81909e-11 0 0 0 
Cov(5,j) 0 0 0 0 1.81909e-11 1.95787e-09 0 0 0 
Cov(6,j) 0 0 0 0 0 0 7.8931e-07 0 0 
Cov(7,j) 0 0 0 0 0 0 0 9.35309e-07 0 
Cov(8,j) 0 0 0 0 0 0 0 0 0.00688212 
EmittanceX 0
EmittanceY 0
BetaStar 0
