Runnumber 352493
BeginTimeOfFit 2022.05.28 07:09:52 GMT 1653721792
EndTimeOfFit 2022.05.28 07:10:15 GMT 1653721815
LumiRange 135 - 135
Type 2
X0 0.169787
Y0 -0.182192
Z0 -0.130141
sigmaZ0 6.58183
dxdz 0.000100475
dydz 0.000229102
BeamWidthX 0.0132677
BeamWidthY 0.015061
dxdy -0.0442418
Cov(0,j) 3.40188e-08 -2.68777e-10 0 0 0 0 0 0 0 
Cov(1,j) -2.68777e-10 3.3404e-08 0 0 0 0 0 0 0 
Cov(2,j) 0 0 0.116762 0 0 0 0 0 0 
Cov(3,j) 0 0 0 0.0583763 0 0 0 0 0 
Cov(4,j) 0 0 0 0 7.8669e-10 -1.88384e-12 0 0 0 
Cov(5,j) 0 0 0 0 -1.88384e-12 7.81258e-10 0 0 0 
Cov(6,j) 0 0 0 0 0 0 2.56929e-07 0 0 
Cov(7,j) 0 0 0 0 0 0 0 3.26466e-07 0 
Cov(8,j) 0 0 0 0 0 0 0 0 0.00287792 
EmittanceX 0
EmittanceY 0
BetaStar 0
