Runnumber 353706
BeginTimeOfFit 2022.06.13 11:06:49 GMT 1655118409
EndTimeOfFit 2022.06.13 11:07:12 GMT 1655118432
LumiRange 124 - 124
Type 2
X0 0.171682
Y0 -0.181648
Z0 -0.521794
sigmaZ0 6.87317
dxdz 0.000110737
dydz 0.000189534
BeamWidthX 0.0165604
BeamWidthY 0.0155147
dxdy 0.0744489
Cov(0,j) 7.35432e-08 -9.33236e-10 0 0 0 0 0 0 0 
Cov(1,j) -9.33236e-10 7.04632e-08 0 0 0 0 0 0 0 
Cov(2,j) 0 0 0.235007 0 0 0 0 0 0 
Cov(3,j) 0 0 0 0.117485 0 0 0 0 0 
Cov(4,j) 0 0 0 0 1.43697e-09 -3.56184e-11 0 0 0 
Cov(5,j) 0 0 0 0 -3.56184e-11 1.36418e-09 0 0 0 
Cov(6,j) 0 0 0 0 0 0 7.20596e-07 0 0 
Cov(7,j) 0 0 0 0 0 0 0 6.34018e-07 0 
Cov(8,j) 0 0 0 0 0 0 0 0 0.00520237 
EmittanceX 0
EmittanceY 0
BetaStar 0
