Runnumber 352425
BeginTimeOfFit 2022.05.27 10:49:27 GMT 1653648567
EndTimeOfFit 2022.05.27 10:49:50 GMT 1653648590
LumiRange 234 - 234
Type 2
X0 0.169388
Y0 -0.180644
Z0 -0.495786
sigmaZ0 7.3046
dxdz 0.000132601
dydz 0.000230445
BeamWidthX 0.0163446
BeamWidthY 0.017854
dxdy -0.131398
Cov(0,j) 1.28775e-07 5.01688e-10 0 0 0 0 0 0 0 
Cov(1,j) 5.01688e-10 1.29268e-07 0 0 0 0 0 0 0 
Cov(2,j) 0 0 0.459899 0 0 0 0 0 0 
Cov(3,j) 0 0 0 0.229882 0 0 0 0 0 
Cov(4,j) 0 0 0 0 2.28066e-09 3.1681e-11 0 0 0 
Cov(5,j) 0 0 0 0 3.1681e-11 2.22794e-09 0 0 0 
Cov(6,j) 0 0 0 0 0 0 1.21752e-06 0 0 
Cov(7,j) 0 0 0 0 0 0 0 1.4458e-06 0 
Cov(8,j) 0 0 0 0 0 0 0 0 0.00876211 
EmittanceX 0
EmittanceY 0
BetaStar 0
