Runnumber 352493
BeginTimeOfFit 2022.05.28 07:28:31 GMT 1653722911
EndTimeOfFit 2022.05.28 07:28:54 GMT 1653722934
LumiRange 183 - 183
Type 2
X0 0.170012
Y0 -0.181964
Z0 0.115303
sigmaZ0 7.0262
dxdz 0.000109148
dydz 0.000179159
BeamWidthX 0.0140033
BeamWidthY 0.0148599
dxdy -0.0811683
Cov(0,j) 3.82255e-08 -3.93835e-10 0 0 0 0 0 0 0 
Cov(1,j) -3.93835e-10 3.69678e-08 0 0 0 0 0 0 0 
Cov(2,j) 0 0 0.152361 0 0 0 0 0 0 
Cov(3,j) 0 0 0 0.0761726 0 0 0 0 0 
Cov(4,j) 0 0 0 0 8.30528e-10 -1.22684e-11 0 0 0 
Cov(5,j) 0 0 0 0 -1.22684e-11 7.9277e-10 0 0 0 
Cov(6,j) 0 0 0 0 0 0 3.2486e-07 0 0 
Cov(7,j) 0 0 0 0 0 0 0 3.63632e-07 0 
Cov(8,j) 0 0 0 0 0 0 0 0 0.00327134 
EmittanceX 0
EmittanceY 0
BetaStar 0
