Runnumber 352568
BeginTimeOfFit 2022.05.29 08:54:16 GMT 1653814456
EndTimeOfFit 2022.05.29 08:54:40 GMT 1653814480
LumiRange 219 - 219
Type 2
X0 0.176948
Y0 -0.181806
Z0 -0.359758
sigmaZ0 6.92759
dxdz 0.000143669
dydz 0.000256168
BeamWidthX 0.0156911
BeamWidthY 0.0138487
dxdy -0.162116
Cov(0,j) 6.38185e-08 1.163e-09 0 0 0 0 0 0 0 
Cov(1,j) 1.163e-09 6.29137e-08 0 0 0 0 0 0 0 
Cov(2,j) 0 0 0.236391 0 0 0 0 0 0 
Cov(3,j) 0 0 0 0.118181 0 0 0 0 0 
Cov(4,j) 0 0 0 0 1.46001e-09 3.45492e-11 0 0 0 
Cov(5,j) 0 0 0 0 3.45492e-11 1.38987e-09 0 0 0 
Cov(6,j) 0 0 0 0 0 0 6.46925e-07 0 0 
Cov(7,j) 0 0 0 0 0 0 0 5.07744e-07 0 
Cov(8,j) 0 0 0 0 0 0 0 0 0.00498042 
EmittanceX 0
EmittanceY 0
BetaStar 0
