Runnumber 353015
BeginTimeOfFit 2022.06.04 05:03:21 GMT 1654319001
EndTimeOfFit 2022.06.04 05:03:45 GMT 1654319025
LumiRange 203 - 203
Type 2
X0 0.175458
Y0 -0.178098
Z0 0.416012
sigmaZ0 6.95934
dxdz -5.12924e-06
dydz 0.000185605
BeamWidthX 0.0153559
BeamWidthY 0.0154732
dxdy -0.00992073
Cov(0,j) 3.35291e-08 -1.23715e-10 0 0 0 0 0 0 0 
Cov(1,j) -1.23715e-10 3.27767e-08 0 0 0 0 0 0 0 
Cov(2,j) 0 0 0.126449 0 0 0 0 0 0 
Cov(3,j) 0 0 0 0.0632198 0 0 0 0 0 
Cov(4,j) 0 0 0 0 7.12499e-10 -1.72844e-12 0 0 0 
Cov(5,j) 0 0 0 0 -1.72844e-12 6.98058e-10 0 0 0 
Cov(6,j) 0 0 0 0 0 0 3.26795e-07 0 0 
Cov(7,j) 0 0 0 0 0 0 0 3.30052e-07 0 
Cov(8,j) 0 0 0 0 0 0 0 0 0.00276047 
EmittanceX 0
EmittanceY 0
BetaStar 0
