Runnumber 353689
BeginTimeOfFit 2022.06.13 08:51:01 GMT 1655110261
EndTimeOfFit 2022.06.13 08:51:25 GMT 1655110285
LumiRange 140 - 140
Type 2
X0 0.171037
Y0 -0.181556
Z0 0.980467
sigmaZ0 6.53913
dxdz 0.000139957
dydz 0.000163824
BeamWidthX 0.0154167
BeamWidthY 0.0149769
dxdy 0.0632621
Cov(0,j) 4.33206e-08 -5.57889e-10 0 0 0 0 0 0 0 
Cov(1,j) -5.57889e-10 4.32376e-08 0 0 0 0 0 0 0 
Cov(2,j) 0 0 0.140191 0 0 0 0 0 0 
Cov(3,j) 0 0 0 0.070088 0 0 0 0 0 
Cov(4,j) 0 0 0 0 1.06671e-09 -1.2458e-11 0 0 0 
Cov(5,j) 0 0 0 0 -1.2458e-11 1.04209e-09 0 0 0 
Cov(6,j) 0 0 0 0 0 0 4.15221e-07 0 0 
Cov(7,j) 0 0 0 0 0 0 0 3.924e-07 0 
Cov(8,j) 0 0 0 0 0 0 0 0 0.00347006 
EmittanceX 0
EmittanceY 0
BetaStar 0
