Runnumber 352572
BeginTimeOfFit 2022.05.29 12:04:49 GMT 1653825889
EndTimeOfFit 2022.05.29 12:05:12 GMT 1653825912
LumiRange 36 - 36
Type 2
X0 0.177087
Y0 -0.181853
Z0 0.0635362
sigmaZ0 7.64905
dxdz 9.20142e-05
dydz 0.000209641
BeamWidthX 0.0152858
BeamWidthY 0.0160003
dxdy -0.114956
Cov(0,j) 9.19724e-08 2.41681e-09 0 0 0 0 0 0 0 
Cov(1,j) 2.41681e-09 9.00009e-08 0 0 0 0 0 0 0 
Cov(2,j) 0 0 0.44317 0 0 0 0 0 0 
Cov(3,j) 0 0 0 0.221525 0 0 0 0 0 
Cov(4,j) 0 0 0 0 1.89424e-09 4.78768e-11 0 0 0 
Cov(5,j) 0 0 0 0 4.78768e-11 1.80951e-09 0 0 0 
Cov(6,j) 0 0 0 0 0 0 9.42768e-07 0 0 
Cov(7,j) 0 0 0 0 0 0 0 1.02013e-06 0 
Cov(8,j) 0 0 0 0 0 0 0 0 0.00776533 
EmittanceX 0
EmittanceY 0
BetaStar 0
