Runnumber 353018
BeginTimeOfFit 2022.06.04 08:01:18 GMT 1654329678
EndTimeOfFit 2022.06.04 08:01:41 GMT 1654329701
LumiRange 251 - 251
Type 2
X0 0.174671
Y0 -0.179823
Z0 -0.0750381
sigmaZ0 7.05779
dxdz 0.000125936
dydz 0.000183042
BeamWidthX 0.0140811
BeamWidthY 0.0154059
dxdy 0.024396
Cov(0,j) 3.46609e-08 -3.6596e-10 0 0 0 0 0 0 0 
Cov(1,j) -3.6596e-10 3.42944e-08 0 0 0 0 0 0 0 
Cov(2,j) 0 0 0.143959 0 0 0 0 0 0 
Cov(3,j) 0 0 0 0.0719731 0 0 0 0 0 
Cov(4,j) 0 0 0 0 7.01955e-10 -6.33713e-12 0 0 0 
Cov(5,j) 0 0 0 0 -6.33713e-12 6.83593e-10 0 0 0 
Cov(6,j) 0 0 0 0 0 0 3.07468e-07 0 0 
Cov(7,j) 0 0 0 0 0 0 0 3.65569e-07 0 
Cov(8,j) 0 0 0 0 0 0 0 0 0.00308131 
EmittanceX 0
EmittanceY 0
BetaStar 0
