Runnumber 352505
BeginTimeOfFit 2022.05.28 09:51:38 GMT 1653731498
EndTimeOfFit 2022.05.28 09:52:02 GMT 1653731522
LumiRange 81 - 81
Type 2
X0 0.169897
Y0 -0.181445
Z0 -0.0431314
sigmaZ0 7.2952
dxdz 0.000126046
dydz 0.000160562
BeamWidthX 0.0155487
BeamWidthY 0.0163052
dxdy 0.0187152
Cov(0,j) 6.50601e-08 8.05447e-10 0 0 0 0 0 0 0 
Cov(1,j) 8.05447e-10 6.2571e-08 0 0 0 0 0 0 0 
Cov(2,j) 0 0 0.238634 0 0 0 0 0 0 
Cov(3,j) 0 0 0 0.119298 0 0 0 0 0 
Cov(4,j) 0 0 0 0 1.15126e-09 4.52418e-12 0 0 0 
Cov(5,j) 0 0 0 0 4.52418e-12 1.13155e-09 0 0 0 
Cov(6,j) 0 0 0 0 0 0 5.74683e-07 0 0 
Cov(7,j) 0 0 0 0 0 0 0 6.27732e-07 0 
Cov(8,j) 0 0 0 0 0 0 0 0 0.004726 
EmittanceX 0
EmittanceY 0
BetaStar 0
