Runnumber 352505
BeginTimeOfFit 2022.05.28 09:33:46 GMT 1653730426
EndTimeOfFit 2022.05.28 09:34:09 GMT 1653730449
LumiRange 35 - 35
Type 2
X0 0.170509
Y0 -0.181254
Z0 0.384887
sigmaZ0 7.17591
dxdz 0.000134797
dydz 0.000238142
BeamWidthX 0.0147368
BeamWidthY 0.0160812
dxdy -0.0125992
Cov(0,j) 5.68579e-08 1.00023e-09 0 0 0 0 0 0 0 
Cov(1,j) 1.00023e-09 5.83551e-08 0 0 0 0 0 0 0 
Cov(2,j) 0 0 0.212767 0 0 0 0 0 0 
Cov(3,j) 0 0 0 0.106368 0 0 0 0 0 
Cov(4,j) 0 0 0 0 1.02192e-09 1.981e-11 0 0 0 
Cov(5,j) 0 0 0 0 1.981e-11 1.04757e-09 0 0 0 
Cov(6,j) 0 0 0 0 0 0 4.82163e-07 0 0 
Cov(7,j) 0 0 0 0 0 0 0 5.62929e-07 0 
Cov(8,j) 0 0 0 0 0 0 0 0 0.00438816 
EmittanceX 0
EmittanceY 0
BetaStar 0
