Runnumber 353087
BeginTimeOfFit 2022.06.05 15:35:07 GMT 1654443307
EndTimeOfFit 2022.06.05 15:35:31 GMT 1654443331
LumiRange 119 - 119
Type 2
X0 0.172543
Y0 -0.180431
Z0 0.57164
sigmaZ0 6.69847
dxdz 0.000136195
dydz 0.000155688
BeamWidthX 0.0133288
BeamWidthY 0.013984
dxdy 0.0371251
Cov(0,j) 3.36485e-08 8.94931e-11 0 0 0 0 0 0 0 
Cov(1,j) 8.94931e-11 3.31866e-08 0 0 0 0 0 0 0 
Cov(2,j) 0 0 0.142436 0 0 0 0 0 0 
Cov(3,j) 0 0 0 0.0712095 0 0 0 0 0 
Cov(4,j) 0 0 0 0 6.79242e-10 5.95928e-13 0 0 0 
Cov(5,j) 0 0 0 0 5.95928e-13 6.69177e-10 0 0 0 
Cov(6,j) 0 0 0 0 0 0 3.03003e-07 0 0 
Cov(7,j) 0 0 0 0 0 0 0 3.32258e-07 0 
Cov(8,j) 0 0 0 0 0 0 0 0 0.003402 
EmittanceX 0
EmittanceY 0
BetaStar 0
