Runnumber 353702
BeginTimeOfFit 2022.06.13 09:38:13 GMT 1655113093
EndTimeOfFit 2022.06.13 09:38:36 GMT 1655113116
LumiRange 19 - 19
Type 2
X0 0.171024
Y0 -0.18044
Z0 0.520769
sigmaZ0 6.35957
dxdz 0.000104279
dydz 0.000179377
BeamWidthX 0.0168894
BeamWidthY 0.0163779
dxdy 0.0874455
Cov(0,j) 5.9097e-08 -8.31339e-10 0 0 0 0 0 0 0 
Cov(1,j) -8.31339e-10 5.84641e-08 0 0 0 0 0 0 0 
Cov(2,j) 0 0 0.172092 0 0 0 0 0 0 
Cov(3,j) 0 0 0 0.0860353 0 0 0 0 0 
Cov(4,j) 0 0 0 0 1.27196e-09 -1.81117e-11 0 0 0 
Cov(5,j) 0 0 0 0 -1.81117e-11 1.27598e-09 0 0 0 
Cov(6,j) 0 0 0 0 0 0 6.37111e-07 0 0 
Cov(7,j) 0 0 0 0 0 0 0 6.01037e-07 0 
Cov(8,j) 0 0 0 0 0 0 0 0 0.00441393 
EmittanceX 0
EmittanceY 0
BetaStar 0
