Runnumber 353060
BeginTimeOfFit 2022.06.05 04:51:19 GMT 1654404679
EndTimeOfFit 2022.06.05 04:51:42 GMT 1654404702
LumiRange 30 - 30
Type 2
X0 0.171659
Y0 -0.17893
Z0 -0.820946
sigmaZ0 6.92963
dxdz 0.000111441
dydz 0.000138128
BeamWidthX 0.0115894
BeamWidthY 0.0131593
dxdy 0.14315
Cov(0,j) 8.58535e-08 2.81363e-10 0 0 0 0 0 0 0 
Cov(1,j) 2.81363e-10 8.57309e-08 0 0 0 0 0 0 0 
Cov(2,j) 0 0 0.413901 0 0 0 0 0 0 
Cov(3,j) 0 0 0 0.206895 0 0 0 0 0 
Cov(4,j) 0 0 0 0 1.76194e-09 3.96452e-11 0 0 0 
Cov(5,j) 0 0 0 0 3.96452e-11 1.77032e-09 0 0 0 
Cov(6,j) 0 0 0 0 0 0 6.42059e-07 0 0 
Cov(7,j) 0 0 0 0 0 0 0 7.97125e-07 0 
Cov(8,j) 0 0 0 0 0 0 0 0 0.00897921 
EmittanceX 0
EmittanceY 0
BetaStar 0
