Runnumber 353709
BeginTimeOfFit 2022.06.13 12:32:30 GMT 1655123550
EndTimeOfFit 2022.06.13 12:32:53 GMT 1655123573
LumiRange 145 - 145
Type 2
X0 0.173781
Y0 -0.179695
Z0 -0.231824
sigmaZ0 7.03546
dxdz 0.000112087
dydz 0.000366756
BeamWidthX 0.0168788
BeamWidthY 0.0175515
dxdy 0.0239162
Cov(0,j) 1.00772e-07 -1.45908e-09 0 0 0 0 0 0 0 
Cov(1,j) -1.45908e-09 1.02177e-07 0 0 0 0 0 0 0 
Cov(2,j) 0 0 0.317257 0 0 0 0 0 0 
Cov(3,j) 0 0 0 0.158595 0 0 0 0 0 
Cov(4,j) 0 0 0 0 1.8341e-09 -1.27077e-11 0 0 0 
Cov(5,j) 0 0 0 0 -1.27077e-11 1.93892e-09 0 0 0 
Cov(6,j) 0 0 0 0 0 0 9.68649e-07 0 0 
Cov(7,j) 0 0 0 0 0 0 0 1.03414e-06 0 
Cov(8,j) 0 0 0 0 0 0 0 0 0.00675933 
EmittanceX 0
EmittanceY 0
BetaStar 0
