Runnumber 352931
BeginTimeOfFit 2022.06.03 11:40:27 GMT 1654256427
EndTimeOfFit 2022.06.03 11:40:50 GMT 1654256450
LumiRange 32 - 32
Type 2
X0 0.170126
Y0 -0.181657
Z0 0.0317227
sigmaZ0 7.29177
dxdz 0.000134078
dydz 0.000185897
BeamWidthX 0.0169524
BeamWidthY 0.0166739
dxdy 0.0600853
Cov(0,j) 8.86883e-08 -1.82014e-09 0 0 0 0 0 0 0 
Cov(1,j) -1.82014e-09 8.44004e-08 0 0 0 0 0 0 0 
Cov(2,j) 0 0 0.275464 0 0 0 0 0 0 
Cov(3,j) 0 0 0 0.137708 0 0 0 0 0 
Cov(4,j) 0 0 0 0 1.52542e-09 -4.65693e-11 0 0 0 
Cov(5,j) 0 0 0 0 -4.65693e-11 1.46117e-09 0 0 0 
Cov(6,j) 0 0 0 0 0 0 7.86606e-07 0 0 
Cov(7,j) 0 0 0 0 0 0 0 7.59795e-07 0 
Cov(8,j) 0 0 0 0 0 0 0 0 0.00542015 
EmittanceX 0
EmittanceY 0
BetaStar 0
