Runnumber 353060
BeginTimeOfFit 2022.06.05 06:35:50 GMT 1654410950
EndTimeOfFit 2022.06.05 06:36:13 GMT 1654410973
LumiRange 299 - 299
Type 2
X0 0.166725
Y0 -0.179283
Z0 0.412295
sigmaZ0 7.17071
dxdz -5.84958e-06
dydz 0.000180422
BeamWidthX 0.0149086
BeamWidthY 0.0147457
dxdy -0.0325112
Cov(0,j) 4.72324e-08 -9.70106e-11 0 0 0 0 0 0 0 
Cov(1,j) -9.70106e-11 4.69472e-08 0 0 0 0 0 0 0 
Cov(2,j) 0 0 0.212459 0 0 0 0 0 0 
Cov(3,j) 0 0 0 0.106215 0 0 0 0 0 
Cov(4,j) 0 0 0 0 8.60334e-10 3.12553e-12 0 0 0 
Cov(5,j) 0 0 0 0 3.12553e-12 8.57918e-10 0 0 0 
Cov(6,j) 0 0 0 0 0 0 4.90396e-07 0 0 
Cov(7,j) 0 0 0 0 0 0 0 4.81544e-07 0 
Cov(8,j) 0 0 0 0 0 0 0 0 0.00442599 
EmittanceX 0
EmittanceY 0
BetaStar 0
