Runnumber 353015
BeginTimeOfFit 2022.06.04 05:08:48 GMT 1654319328
EndTimeOfFit 2022.06.04 05:09:11 GMT 1654319351
LumiRange 217 - 217
Type 2
X0 0.175437
Y0 -0.178259
Z0 -0.282759
sigmaZ0 6.68864
dxdz 0.000100474
dydz 0.000186703
BeamWidthX 0.0139275
BeamWidthY 0.0154041
dxdy 0.138004
Cov(0,j) 3.12858e-08 1.67005e-10 0 0 0 0 0 0 0 
Cov(1,j) 1.67005e-10 3.08618e-08 0 0 0 0 0 0 0 
Cov(2,j) 0 0 0.120258 0 0 0 0 0 0 
Cov(3,j) 0 0 0 0.0601239 0 0 0 0 0 
Cov(4,j) 0 0 0 0 6.40606e-10 5.04698e-12 0 0 0 
Cov(5,j) 0 0 0 0 5.04698e-12 6.34102e-10 0 0 0 
Cov(6,j) 0 0 0 0 0 0 2.80519e-07 0 0 
Cov(7,j) 0 0 0 0 0 0 0 3.37988e-07 0 
Cov(8,j) 0 0 0 0 0 0 0 0 0.00277147 
EmittanceX 0
EmittanceY 0
BetaStar 0
