Runnumber 353018
BeginTimeOfFit 2022.06.04 07:25:57 GMT 1654327557
EndTimeOfFit 2022.06.04 07:26:20 GMT 1654327580
LumiRange 160 - 160
Type 2
X0 0.198004
Y0 -0.180657
Z0 -0.34719
sigmaZ0 6.67347
dxdz 0.0001487
dydz 0.0002175
BeamWidthX 0.0139142
BeamWidthY 0.0141127
dxdy -0.00668354
Cov(0,j) 7.72937e-08 7.26694e-10 0 0 0 0 0 0 0 
Cov(1,j) 7.26694e-10 7.72089e-08 0 0 0 0 0 0 0 
Cov(2,j) 0 0 0.269884 0 0 0 0 0 0 
Cov(3,j) 0 0 0 0.134914 0 0 0 0 0 
Cov(4,j) 0 0 0 0 1.75982e-09 2.79342e-11 0 0 0 
Cov(5,j) 0 0 0 0 2.79342e-11 1.73804e-09 0 0 0 
Cov(6,j) 0 0 0 0 0 0 6.29434e-07 0 0 
Cov(7,j) 0 0 0 0 0 0 0 6.44873e-07 0 
Cov(8,j) 0 0 0 0 0 0 0 0 0.00644667 
EmittanceX 0
EmittanceY 0
BetaStar 0
