Runnumber 353060
BeginTimeOfFit 2022.06.05 12:23:56 GMT 1654431836
EndTimeOfFit 2022.06.05 12:24:20 GMT 1654431860
LumiRange 1195 - 1195
Type 2
X0 0.166122
Y0 -0.181857
Z0 0.355689
sigmaZ0 7.04063
dxdz -2.73876e-07
dydz 0.000254286
BeamWidthX 0.0162892
BeamWidthY 0.020774
dxdy 0.0317364
Cov(0,j) 2.06544e-07 -1.33154e-09 0 0 0 0 0 0 0 
Cov(1,j) -1.33154e-09 1.97359e-07 0 0 0 0 0 0 0 
Cov(2,j) 0 0 0.697997 0 0 0 0 0 0 
Cov(3,j) 0 0 0 0.348838 0 0 0 0 0 
Cov(4,j) 0 0 0 0 3.80784e-09 1.08194e-10 0 0 0 
Cov(5,j) 0 0 0 0 1.08194e-10 3.62398e-09 0 0 0 
Cov(6,j) 0 0 0 0 0 0 1.97368e-06 0 0 
Cov(7,j) 0 0 0 0 0 0 0 3.12501e-06 0 
Cov(8,j) 0 0 0 0 0 0 0 0 0.014531 
EmittanceX 0
EmittanceY 0
BetaStar 0
