Runnumber 353015
BeginTimeOfFit 2022.06.04 04:13:14 GMT 1654315994
EndTimeOfFit 2022.06.04 04:13:37 GMT 1654316017
LumiRange 74 - 74
Type 2
X0 0.177076
Y0 -0.1783
Z0 -0.0756102
sigmaZ0 6.51381
dxdz 0.000156036
dydz 0.000226431
BeamWidthX 0.0138273
BeamWidthY 0.014614
dxdy 0.0148852
Cov(0,j) 2.49685e-08 -1.16229e-10 0 0 0 0 0 0 0 
Cov(1,j) -1.16229e-10 2.47111e-08 0 0 0 0 0 0 0 
Cov(2,j) 0 0 0.0883925 0 0 0 0 0 0 
Cov(3,j) 0 0 0 0.0441935 0 0 0 0 0 
Cov(4,j) 0 0 0 0 5.91588e-10 -1.58411e-12 0 0 0 
Cov(5,j) 0 0 0 0 -1.58411e-12 5.91611e-10 0 0 0 
Cov(6,j) 0 0 0 0 0 0 2.13644e-07 0 0 
Cov(7,j) 0 0 0 0 0 0 0 2.37613e-07 0 
Cov(8,j) 0 0 0 0 0 0 0 0 0.00223697 
EmittanceX 0
EmittanceY 0
BetaStar 0
