Runnumber 353015
BeginTimeOfFit 2022.06.04 04:41:59 GMT 1654317719
EndTimeOfFit 2022.06.04 04:42:22 GMT 1654317742
LumiRange 148 - 148
Type 2
X0 0.176016
Y0 -0.178399
Z0 0.375478
sigmaZ0 6.37148
dxdz 0.000114376
dydz 0.000208669
BeamWidthX 0.0139988
BeamWidthY 0.0146849
dxdy 0.0416391
Cov(0,j) 2.75532e-08 2.86472e-11 0 0 0 0 0 0 0 
Cov(1,j) 2.86472e-11 2.66411e-08 0 0 0 0 0 0 0 
Cov(2,j) 0 0 0.0860055 0 0 0 0 0 0 
Cov(3,j) 0 0 0 0.0429996 0 0 0 0 0 
Cov(4,j) 0 0 0 0 6.23297e-10 -8.92943e-12 0 0 0 
Cov(5,j) 0 0 0 0 -8.92943e-12 6.09441e-10 0 0 0 
Cov(6,j) 0 0 0 0 0 0 2.22072e-07 0 0 
Cov(7,j) 0 0 0 0 0 0 0 2.43421e-07 0 
Cov(8,j) 0 0 0 0 0 0 0 0 0.0022535 
EmittanceX 0
EmittanceY 0
BetaStar 0
