Runnumber 353060
BeginTimeOfFit 2022.06.05 11:16:44 GMT 1654427804
EndTimeOfFit 2022.06.05 11:17:07 GMT 1654427827
LumiRange 1022 - 1022
Type 2
X0 0.166838
Y0 -0.180077
Z0 0.266004
sigmaZ0 7.96132
dxdz 0.000116702
dydz 0.00011152
BeamWidthX 0.0184724
BeamWidthY 0.017568
dxdy -0.0133577
Cov(0,j) 1.48689e-07 -2.10217e-09 0 0 0 0 0 0 0 
Cov(1,j) -2.10217e-09 1.50233e-07 0 0 0 0 0 0 0 
Cov(2,j) 0 0 0.633678 0 0 0 0 0 0 
Cov(3,j) 0 0 0 0.316712 0 0 0 0 0 
Cov(4,j) 0 0 0 0 2.52738e-09 -4.52264e-11 0 0 0 
Cov(5,j) 0 0 0 0 -4.52264e-11 2.59325e-09 0 0 0 
Cov(6,j) 0 0 0 0 0 0 1.78735e-06 0 0 
Cov(7,j) 0 0 0 0 0 0 0 1.62715e-06 0 
Cov(8,j) 0 0 0 0 0 0 0 0 0.0105042 
EmittanceX 0
EmittanceY 0
BetaStar 0
