Runnumber 353015
BeginTimeOfFit 2022.06.04 04:58:18 GMT 1654318698
EndTimeOfFit 2022.06.04 04:58:41 GMT 1654318721
LumiRange 190 - 190
Type 2
X0 0.176753
Y0 -0.17872
Z0 0.317292
sigmaZ0 6.574
dxdz 0.000178513
dydz 0.000239562
BeamWidthX 0.0149215
BeamWidthY 0.0155266
dxdy -0.0582143
Cov(0,j) 3.20492e-08 -4.67388e-10 0 0 0 0 0 0 0 
Cov(1,j) -4.67388e-10 3.12493e-08 0 0 0 0 0 0 0 
Cov(2,j) 0 0 0.102165 0 0 0 0 0 0 
Cov(3,j) 0 0 0 0.051079 0 0 0 0 0 
Cov(4,j) 0 0 0 0 6.69759e-10 -1.75767e-11 0 0 0 
Cov(5,j) 0 0 0 0 -1.75767e-11 6.61631e-10 0 0 0 
Cov(6,j) 0 0 0 0 0 0 2.81463e-07 0 0 
Cov(7,j) 0 0 0 0 0 0 0 3.01642e-07 0 
Cov(8,j) 0 0 0 0 0 0 0 0 0.00248656 
EmittanceX 0
EmittanceY 0
BetaStar 0
