Runnumber 352505
BeginTimeOfFit 2022.05.28 09:52:25 GMT 1653731545
EndTimeOfFit 2022.05.28 09:52:48 GMT 1653731568
LumiRange 83 - 83
Type 2
X0 0.170349
Y0 -0.181701
Z0 0.181487
sigmaZ0 7.57877
dxdz 0.000162644
dydz 0.000185088
BeamWidthX 0.0166671
BeamWidthY 0.01679
dxdy 0.021625
Cov(0,j) 6.80743e-08 8.94351e-10 0 0 0 0 0 0 0 
Cov(1,j) 8.94351e-10 6.73109e-08 0 0 0 0 0 0 0 
Cov(2,j) 0 0 0.245438 0 0 0 0 0 0 
Cov(3,j) 0 0 0 0.122701 0 0 0 0 0 
Cov(4,j) 0 0 0 0 1.22623e-09 -1.46134e-11 0 0 0 
Cov(5,j) 0 0 0 0 -1.46134e-11 1.20224e-09 0 0 0 
Cov(6,j) 0 0 0 0 0 0 6.24248e-07 0 0 
Cov(7,j) 0 0 0 0 0 0 0 6.33862e-07 0 
Cov(8,j) 0 0 0 0 0 0 0 0 0.00448685 
EmittanceX 0
EmittanceY 0
BetaStar 0
