Runnumber 353060
BeginTimeOfFit 2022.06.05 05:32:07 GMT 1654407127
EndTimeOfFit 2022.06.05 05:32:30 GMT 1654407150
LumiRange 135 - 135
Type 2
X0 0.168448
Y0 -0.179353
Z0 0.351083
sigmaZ0 7.3063
dxdz 7.19148e-05
dydz 0.000168182
BeamWidthX 0.0138049
BeamWidthY 0.0139234
dxdy 0.0190144
Cov(0,j) 3.47475e-08 -3.17161e-10 0 0 0 0 0 0 0 
Cov(1,j) -3.17161e-10 3.36184e-08 0 0 0 0 0 0 0 
Cov(2,j) 0 0 0.164243 0 0 0 0 0 0 
Cov(3,j) 0 0 0 0.0821132 0 0 0 0 0 
Cov(4,j) 0 0 0 0 6.60463e-10 -1.11448e-12 0 0 0 
Cov(5,j) 0 0 0 0 -1.11448e-12 6.37162e-10 0 0 0 
Cov(6,j) 0 0 0 0 0 0 3.14335e-07 0 0 
Cov(7,j) 0 0 0 0 0 0 0 3.21708e-07 0 
Cov(8,j) 0 0 0 0 0 0 0 0 0.00331218 
EmittanceX 0
EmittanceY 0
BetaStar 0
