Runnumber 353709
BeginTimeOfFit 2022.06.13 12:01:02 GMT 1655121662
EndTimeOfFit 2022.06.13 12:01:25 GMT 1655121685
LumiRange 64 - 64
Type 2
X0 0.172197
Y0 -0.181214
Z0 1.27944
sigmaZ0 6.68197
dxdz 0.0001364
dydz 0.000190983
BeamWidthX 0.0168898
BeamWidthY 0.0176043
dxdy -0.00948015
Cov(0,j) 9.5095e-08 -3.76771e-10 0 0 0 0 0 0 0 
Cov(1,j) -3.76771e-10 9.15704e-08 0 0 0 0 0 0 0 
Cov(2,j) 0 0 0.234973 0 0 0 0 0 0 
Cov(3,j) 0 0 0 0.117467 0 0 0 0 0 
Cov(4,j) 0 0 0 0 1.68692e-09 1.45085e-11 0 0 0 
Cov(5,j) 0 0 0 0 1.45085e-11 1.70578e-09 0 0 0 
Cov(6,j) 0 0 0 0 0 0 7.87219e-07 0 0 
Cov(7,j) 0 0 0 0 0 0 0 8.50126e-07 0 
Cov(8,j) 0 0 0 0 0 0 0 0 0.00552647 
EmittanceX 0
EmittanceY 0
BetaStar 0
