Runnumber 353060
BeginTimeOfFit 2022.06.05 07:16:37 GMT 1654413397
EndTimeOfFit 2022.06.05 07:17:01 GMT 1654413421
LumiRange 404 - 404
Type 2
X0 0.163701
Y0 -0.179619
Z0 0.299238
sigmaZ0 7.22837
dxdz 0.000115462
dydz 0.000214425
BeamWidthX 0.0145644
BeamWidthY 0.0163952
dxdy -0.0177366
Cov(0,j) 6.0046e-08 3.69792e-10 0 0 0 0 0 0 0 
Cov(1,j) 3.69792e-10 5.9243e-08 0 0 0 0 0 0 0 
Cov(2,j) 0 0 0.236402 0 0 0 0 0 0 
Cov(3,j) 0 0 0 0.118183 0 0 0 0 0 
Cov(4,j) 0 0 0 0 1.06296e-09 8.37183e-12 0 0 0 
Cov(5,j) 0 0 0 0 8.37183e-12 1.05207e-09 0 0 0 
Cov(6,j) 0 0 0 0 0 0 5.17762e-07 0 0 
Cov(7,j) 0 0 0 0 0 0 0 6.39766e-07 0 
Cov(8,j) 0 0 0 0 0 0 0 0 0.0047866 
EmittanceX 0
EmittanceY 0
BetaStar 0
