Runnumber 353018
BeginTimeOfFit 2022.06.04 08:56:28 GMT 1654332988
EndTimeOfFit 2022.06.04 08:56:52 GMT 1654333012
LumiRange 393 - 393
Type 2
X0 0.17613
Y0 -0.136074
Z0 -0.0117761
sigmaZ0 7.04425
dxdz 0.000174586
dydz 0.000126946
BeamWidthX 0.0138823
BeamWidthY 0.0161135
dxdy -0.016749
Cov(0,j) 4.27071e-08 -2.74353e-10 0 0 0 0 0 0 0 
Cov(1,j) -2.74353e-10 4.2419e-08 0 0 0 0 0 0 0 
Cov(2,j) 0 0 0.184454 0 0 0 0 0 0 
Cov(3,j) 0 0 0 0.0922151 0 0 0 0 0 
Cov(4,j) 0 0 0 0 8.10428e-10 -6.28187e-13 0 0 0 
Cov(5,j) 0 0 0 0 -6.28187e-13 8.21627e-10 0 0 0 
Cov(6,j) 0 0 0 0 0 0 3.86176e-07 0 0 
Cov(7,j) 0 0 0 0 0 0 0 5.08798e-07 0 
Cov(8,j) 0 0 0 0 0 0 0 0 0.00395851 
EmittanceX 0
EmittanceY 0
BetaStar 0
