Runnumber 353018
BeginTimeOfFit 2022.06.04 07:48:52 GMT 1654328932
EndTimeOfFit 2022.06.04 07:49:15 GMT 1654328955
LumiRange 219 - 219
Type 2
X0 0.174735
Y0 -0.179947
Z0 -0.00229435
sigmaZ0 7.03427
dxdz 0.000124115
dydz 0.000162956
BeamWidthX 0.014229
BeamWidthY 0.0160813
dxdy -0.0228142
Cov(0,j) 3.61393e-08 -2.33315e-10 0 0 0 0 0 0 0 
Cov(1,j) -2.33315e-10 3.62249e-08 0 0 0 0 0 0 0 
Cov(2,j) 0 0 0.148584 0 0 0 0 0 0 
Cov(3,j) 0 0 0 0.0742842 0 0 0 0 0 
Cov(4,j) 0 0 0 0 7.43583e-10 -2.19859e-12 0 0 0 
Cov(5,j) 0 0 0 0 -2.19859e-12 7.41484e-10 0 0 0 
Cov(6,j) 0 0 0 0 0 0 3.2693e-07 0 0 
Cov(7,j) 0 0 0 0 0 0 0 4.09316e-07 0 
Cov(8,j) 0 0 0 0 0 0 0 0 0.00318372 
EmittanceX 0
EmittanceY 0
BetaStar 0
