Runnumber 352499
BeginTimeOfFit 2022.05.28 08:28:53 GMT 1653726533
EndTimeOfFit 2022.05.28 08:29:17 GMT 1653726557
LumiRange 19 - 19
Type 2
X0 0.17028
Y0 -0.182173
Z0 -0.0675918
sigmaZ0 7.08924
dxdz 0.000106458
dydz 0.000235681
BeamWidthX 0.0140468
BeamWidthY 0.016205
dxdy 0.0273562
Cov(0,j) 4.7839e-08 4.27375e-10 0 0 0 0 0 0 0 
Cov(1,j) 4.27375e-10 4.68252e-08 0 0 0 0 0 0 0 
Cov(2,j) 0 0 0.194782 0 0 0 0 0 0 
Cov(3,j) 0 0 0 0.0973784 0 0 0 0 0 
Cov(4,j) 0 0 0 0 9.49787e-10 3.70739e-12 0 0 0 
Cov(5,j) 0 0 0 0 3.70739e-12 9.20504e-10 0 0 0 
Cov(6,j) 0 0 0 0 0 0 4.12603e-07 0 0 
Cov(7,j) 0 0 0 0 0 0 0 5.36901e-07 0 
Cov(8,j) 0 0 0 0 0 0 0 0 0.00411156 
EmittanceX 0
EmittanceY 0
BetaStar 0
