Runnumber 352568
BeginTimeOfFit 2022.05.29 09:16:02 GMT 1653815762
EndTimeOfFit 2022.05.29 09:16:25 GMT 1653815785
LumiRange 275 - 275
Type 2
X0 0.176572
Y0 -0.180689
Z0 -0.244301
sigmaZ0 5.92718
dxdz 0.000104662
dydz 8.33242e-05
BeamWidthX 0.0152688
BeamWidthY 0.0154259
dxdy 0.0751701
Cov(0,j) 6.74128e-08 4.09575e-10 0 0 0 0 0 0 0 
Cov(1,j) 4.09575e-10 6.55344e-08 0 0 0 0 0 0 0 
Cov(2,j) 0 0 0.176529 0 0 0 0 0 0 
Cov(3,j) 0 0 0 0.0882521 0 0 0 0 0 
Cov(4,j) 0 0 0 0 1.74894e-09 2.58758e-11 0 0 0 
Cov(5,j) 0 0 0 0 2.58758e-11 1.67257e-09 0 0 0 
Cov(6,j) 0 0 0 0 0 0 6.30519e-07 0 0 
Cov(7,j) 0 0 0 0 0 0 0 6.3938e-07 0 
Cov(8,j) 0 0 0 0 0 0 0 0 0.00526692 
EmittanceX 0
EmittanceY 0
BetaStar 0
