Runnumber 353060
BeginTimeOfFit 2022.06.05 11:04:41 GMT 1654427081
EndTimeOfFit 2022.06.05 11:05:04 GMT 1654427104
LumiRange 991 - 991
Type 2
X0 0.167184
Y0 -0.180443
Z0 0.515327
sigmaZ0 7.15866
dxdz 7.1473e-05
dydz 0.000214401
BeamWidthX 0.0154241
BeamWidthY 0.0180757
dxdy 0.103384
Cov(0,j) 1.28992e-07 1.56021e-09 0 0 0 0 0 0 0 
Cov(1,j) 1.56021e-09 1.23058e-07 0 0 0 0 0 0 0 
Cov(2,j) 0 0 0.397201 0 0 0 0 0 0 
Cov(3,j) 0 0 0 0.198549 0 0 0 0 0 
Cov(4,j) 0 0 0 0 2.21378e-09 3.95723e-12 0 0 0 
Cov(5,j) 0 0 0 0 3.95723e-12 2.11182e-09 0 0 0 
Cov(6,j) 0 0 0 0 0 0 9.72956e-07 0 0 
Cov(7,j) 0 0 0 0 0 0 0 1.31922e-06 0 
Cov(8,j) 0 0 0 0 0 0 0 0 0.00795291 
EmittanceX 0
EmittanceY 0
BetaStar 0
