Runnumber 353087
BeginTimeOfFit 2022.06.05 15:00:33 GMT 1654441233
EndTimeOfFit 2022.06.05 15:00:56 GMT 1654441256
LumiRange 30 - 30
Type 2
X0 0.171345
Y0 -0.179584
Z0 0.319628
sigmaZ0 6.48733
dxdz 0.000191743
dydz 0.000151857
BeamWidthX 0.0123876
BeamWidthY 0.0137196
dxdy -0.0635997
Cov(0,j) 2.68381e-08 -1.30375e-10 0 0 0 0 0 0 0 
Cov(1,j) -1.30375e-10 2.59695e-08 0 0 0 0 0 0 0 
Cov(2,j) 0 0 0.110167 0 0 0 0 0 0 
Cov(3,j) 0 0 0 0.0550791 0 0 0 0 0 
Cov(4,j) 0 0 0 0 6.16065e-10 -3.95216e-12 0 0 0 
Cov(5,j) 0 0 0 0 -3.95216e-12 5.91592e-10 0 0 0 
Cov(6,j) 0 0 0 0 0 0 2.18632e-07 0 0 
Cov(7,j) 0 0 0 0 0 0 0 2.65434e-07 0 
Cov(8,j) 0 0 0 0 0 0 0 0 0.00280176 
EmittanceX 0
EmittanceY 0
BetaStar 0
