Runnumber 353018
BeginTimeOfFit 2022.06.04 08:09:28 GMT 1654330168
EndTimeOfFit 2022.06.04 08:09:51 GMT 1654330191
LumiRange 272 - 272
Type 2
X0 0.175118
Y0 -0.15991
Z0 0.229477
sigmaZ0 6.69175
dxdz 0.000137245
dydz 0.0001649
BeamWidthX 0.0149558
BeamWidthY 0.0143242
dxdy 0.1405
Cov(0,j) 6.96274e-08 7.48445e-10 0 0 0 0 0 0 0 
Cov(1,j) 7.48445e-10 6.97785e-08 0 0 0 0 0 0 0 
Cov(2,j) 0 0 0.258817 0 0 0 0 0 0 
Cov(3,j) 0 0 0 0.129385 0 0 0 0 0 
Cov(4,j) 0 0 0 0 1.44674e-09 2.10766e-11 0 0 0 
Cov(5,j) 0 0 0 0 2.10766e-11 1.41189e-09 0 0 0 
Cov(6,j) 0 0 0 0 0 0 6.87611e-07 0 0 
Cov(7,j) 0 0 0 0 0 0 0 6.36416e-07 0 
Cov(8,j) 0 0 0 0 0 0 0 0 0.00594386 
EmittanceX 0
EmittanceY 0
BetaStar 0
