Runnumber 352425
BeginTimeOfFit 2022.05.27 10:09:49 GMT 1653646189
EndTimeOfFit 2022.05.27 10:10:12 GMT 1653646212
LumiRange 132 - 132
Type 2
X0 0.169125
Y0 -0.181617
Z0 0.473223
sigmaZ0 7.18698
dxdz 9.63714e-05
dydz 0.000142408
BeamWidthX 0.0153461
BeamWidthY 0.0144296
dxdy 0.0453536
Cov(0,j) 9.61289e-08 -1.42927e-09 0 0 0 0 0 0 0 
Cov(1,j) -1.42927e-09 9.12765e-08 0 0 0 0 0 0 0 
Cov(2,j) 0 0 0.461107 0 0 0 0 0 0 
Cov(3,j) 0 0 0 0.230485 0 0 0 0 0 
Cov(4,j) 0 0 0 0 1.83113e-09 -1.76277e-11 0 0 0 
Cov(5,j) 0 0 0 0 -1.76277e-11 1.71505e-09 0 0 0 
Cov(6,j) 0 0 0 0 0 0 1.12325e-06 0 0 
Cov(7,j) 0 0 0 0 0 0 0 1.00434e-06 0 
Cov(8,j) 0 0 0 0 0 0 0 0 0.00950989 
EmittanceX 0
EmittanceY 0
BetaStar 0
