Runnumber 352568
BeginTimeOfFit 2022.05.29 09:01:16 GMT 1653814876
EndTimeOfFit 2022.05.29 09:01:39 GMT 1653814899
LumiRange 237 - 237
Type 2
X0 0.176853
Y0 -0.181721
Z0 -0.315046
sigmaZ0 6.43069
dxdz 0.000145364
dydz 0.000165587
BeamWidthX 0.0146674
BeamWidthY 0.0150503
dxdy 0.0543435
Cov(0,j) 6.37588e-08 2.29663e-10 0 0 0 0 0 0 0 
Cov(1,j) 2.29663e-10 6.20817e-08 0 0 0 0 0 0 0 
Cov(2,j) 0 0 0.207792 0 0 0 0 0 0 
Cov(3,j) 0 0 0 0.10388 0 0 0 0 0 
Cov(4,j) 0 0 0 0 1.46059e-09 1.17253e-11 0 0 0 
Cov(5,j) 0 0 0 0 1.17253e-11 1.42986e-09 0 0 0 
Cov(6,j) 0 0 0 0 0 0 5.77218e-07 0 0 
Cov(7,j) 0 0 0 0 0 0 0 6.01746e-07 0 
Cov(8,j) 0 0 0 0 0 0 0 0 0.00530117 
EmittanceX 0
EmittanceY 0
BetaStar 0
