Runnumber 352931
BeginTimeOfFit 2022.06.03 13:00:29 GMT 1654261229
EndTimeOfFit 2022.06.03 13:00:52 GMT 1654261252
LumiRange 238 - 238
Type 2
X0 0.17
Y0 -0.17933
Z0 0.537157
sigmaZ0 6.85183
dxdz 0.000145712
dydz 0.000190765
BeamWidthX 0.0156446
BeamWidthY 0.0188429
dxdy 0.0355941
Cov(0,j) 1.09394e-07 6.5518e-10 0 0 0 0 0 0 0 
Cov(1,j) 6.5518e-10 1.05131e-07 0 0 0 0 0 0 0 
Cov(2,j) 0 0 0.352944 0 0 0 0 0 0 
Cov(3,j) 0 0 0 0.17643 0 0 0 0 0 
Cov(4,j) 0 0 0 0 1.91035e-09 1.44036e-11 0 0 0 
Cov(5,j) 0 0 0 0 1.44036e-11 1.77907e-09 0 0 0 
Cov(6,j) 0 0 0 0 0 0 9.77333e-07 0 0 
Cov(7,j) 0 0 0 0 0 0 0 1.39079e-06 0 
Cov(8,j) 0 0 0 0 0 0 0 0 0.00786848 
EmittanceX 0
EmittanceY 0
BetaStar 0
