Runnumber 352572
BeginTimeOfFit 2022.05.29 12:29:17 GMT 1653827357
EndTimeOfFit 2022.05.29 12:29:41 GMT 1653827381
LumiRange 99 - 99
Type 2
X0 0.176873
Y0 -0.181271
Z0 -0.537482
sigmaZ0 6.76721
dxdz 0.000126909
dydz 0.000220728
BeamWidthX 0.0152169
BeamWidthY 0.0165475
dxdy 0.099954
Cov(0,j) 9.89196e-08 -7.56696e-10 0 0 0 0 0 0 0 
Cov(1,j) -7.56696e-10 9.47312e-08 0 0 0 0 0 0 0 
Cov(2,j) 0 0 0.305267 0 0 0 0 0 0 
Cov(3,j) 0 0 0 0.152601 0 0 0 0 0 
Cov(4,j) 0 0 0 0 2.11622e-09 -5.76475e-11 0 0 0 
Cov(5,j) 0 0 0 0 -5.76475e-11 1.98214e-09 0 0 0 
Cov(6,j) 0 0 0 0 0 0 8.22445e-07 0 0 
Cov(7,j) 0 0 0 0 0 0 0 9.62736e-07 0 
Cov(8,j) 0 0 0 0 0 0 0 0 0.00687162 
EmittanceX 0
EmittanceY 0
BetaStar 0
