Runnumber 352493
BeginTimeOfFit 2022.05.28 06:30:38 GMT 1653719438
EndTimeOfFit 2022.05.28 06:31:01 GMT 1653719461
LumiRange 34 - 34
Type 2
X0 0.169882
Y0 -0.182374
Z0 -0.0594365
sigmaZ0 6.10552
dxdz 0.000245422
dydz 0.000198397
BeamWidthX 0.0136487
BeamWidthY 0.0146842
dxdy 0.0919203
Cov(0,j) 3.21554e-08 -2.92033e-10 0 0 0 0 0 0 0 
Cov(1,j) -2.92033e-10 3.2381e-08 0 0 0 0 0 0 0 
Cov(2,j) 0 0 0.105898 0 0 0 0 0 0 
Cov(3,j) 0 0 0 0.0529423 0 0 0 0 0 
Cov(4,j) 0 0 0 0 8.90547e-10 -1.93583e-11 0 0 0 
Cov(5,j) 0 0 0 0 -1.93583e-11 8.83837e-10 0 0 0 
Cov(6,j) 0 0 0 0 0 0 2.85588e-07 0 0 
Cov(7,j) 0 0 0 0 0 0 0 3.29851e-07 0 
Cov(8,j) 0 0 0 0 0 0 0 0 0.00300781 
EmittanceX 0
EmittanceY 0
BetaStar 0
