Runnumber 352900
BeginTimeOfFit 2022.06.03 07:02:12 GMT 1654239732
EndTimeOfFit 2022.06.03 07:02:35 GMT 1654239755
LumiRange 4 - 4
Type 2
X0 0.169686
Y0 -0.181507
Z0 -0.100154
sigmaZ0 6.03155
dxdz 0.000181648
dydz 0.00018897
BeamWidthX 0.0128895
BeamWidthY 0.0128766
dxdy -0.0333913
Cov(0,j) 2.46773e-08 -1.62719e-10 0 0 0 0 0 0 0 
Cov(1,j) -1.62719e-10 2.44519e-08 0 0 0 0 0 0 0 
Cov(2,j) 0 0 0.0887279 0 0 0 0 0 0 
Cov(3,j) 0 0 0 0.0443609 0 0 0 0 0 
Cov(4,j) 0 0 0 0 7.34706e-10 4.24283e-13 0 0 0 
Cov(5,j) 0 0 0 0 4.24283e-13 7.17921e-10 0 0 0 
Cov(6,j) 0 0 0 0 0 0 2.19767e-07 0 0 
Cov(7,j) 0 0 0 0 0 0 0 2.20774e-07 0 
Cov(8,j) 0 0 0 0 0 0 0 0 0.00263378 
EmittanceX 0
EmittanceY 0
BetaStar 0
