Runnumber 352505
BeginTimeOfFit 2022.05.28 09:58:38 GMT 1653731918
EndTimeOfFit 2022.05.28 09:59:01 GMT 1653731941
LumiRange 99 - 99
Type 2
X0 0.169479
Y0 -0.181944
Z0 0.0687769
sigmaZ0 6.598
dxdz 0.000158432
dydz 0.000164709
BeamWidthX 0.0153629
BeamWidthY 0.0164014
dxdy 0.00838931
Cov(0,j) 6.31348e-08 2.58144e-10 0 0 0 0 0 0 0 
Cov(1,j) 2.58144e-10 6.31527e-08 0 0 0 0 0 0 0 
Cov(2,j) 0 0 0.182137 0 0 0 0 0 0 
Cov(3,j) 0 0 0 0.0910568 0 0 0 0 0 
Cov(4,j) 0 0 0 0 1.21514e-09 2.47989e-11 0 0 0 
Cov(5,j) 0 0 0 0 2.47989e-11 1.19124e-09 0 0 0 
Cov(6,j) 0 0 0 0 0 0 5.25661e-07 0 0 
Cov(7,j) 0 0 0 0 0 0 0 5.95984e-07 0 
Cov(8,j) 0 0 0 0 0 0 0 0 0.00444425 
EmittanceX 0
EmittanceY 0
BetaStar 0
