Runnumber 352493
BeginTimeOfFit 2022.05.28 07:13:45 GMT 1653722025
EndTimeOfFit 2022.05.28 07:14:09 GMT 1653722049
LumiRange 145 - 145
Type 2
X0 0.17
Y0 -0.182098
Z0 -0.451107
sigmaZ0 6.44092
dxdz 0.000224362
dydz 0.000167091
BeamWidthX 0.0144282
BeamWidthY 0.0144705
dxdy -0.00836406
Cov(0,j) 3.67187e-08 -4.80831e-10 0 0 0 0 0 0 0 
Cov(1,j) -4.80831e-10 3.63403e-08 0 0 0 0 0 0 0 
Cov(2,j) 0 0 0.126474 0 0 0 0 0 0 
Cov(3,j) 0 0 0 0.0632315 0 0 0 0 0 
Cov(4,j) 0 0 0 0 8.59351e-10 -1.36909e-11 0 0 0 
Cov(5,j) 0 0 0 0 -1.36909e-11 8.41653e-10 0 0 0 
Cov(6,j) 0 0 0 0 0 0 3.39463e-07 0 0 
Cov(7,j) 0 0 0 0 0 0 0 3.41452e-07 0 
Cov(8,j) 0 0 0 0 0 0 0 0 0.00325092 
EmittanceX 0
EmittanceY 0
BetaStar 0
