Runnumber 353015
BeginTimeOfFit 2022.06.04 05:32:53 GMT 1654320773
EndTimeOfFit 2022.06.04 05:33:16 GMT 1654320796
LumiRange 279 - 279
Type 2
X0 0.175401
Y0 -0.177733
Z0 0.215472
sigmaZ0 6.87899
dxdz 0.000153228
dydz 0.000182538
BeamWidthX 0.0147569
BeamWidthY 0.0157001
dxdy 0.04366
Cov(0,j) 3.57728e-08 4.7778e-10 0 0 0 0 0 0 0 
Cov(1,j) 4.7778e-10 3.50724e-08 0 0 0 0 0 0 0 
Cov(2,j) 0 0 0.135582 0 0 0 0 0 0 
Cov(3,j) 0 0 0 0.0677848 0 0 0 0 0 
Cov(4,j) 0 0 0 0 7.31548e-10 -2.2883e-12 0 0 0 
Cov(5,j) 0 0 0 0 -2.2883e-12 7.33596e-10 0 0 0 
Cov(6,j) 0 0 0 0 0 0 3.31934e-07 0 0 
Cov(7,j) 0 0 0 0 0 0 0 3.73539e-07 0 
Cov(8,j) 0 0 0 0 0 0 0 0 0.00302132 
EmittanceX 0
EmittanceY 0
BetaStar 0
