Runnumber 353060
BeginTimeOfFit 2022.06.05 09:41:09 GMT 1654422069
EndTimeOfFit 2022.06.05 09:41:32 GMT 1654422092
LumiRange 776 - 776
Type 2
X0 0.166335
Y0 -0.180448
Z0 -1.09915
sigmaZ0 7.57759
dxdz 0.00021715
dydz 0.000212809
BeamWidthX 0.0162763
BeamWidthY 0.0151809
dxdy -0.172301
Cov(0,j) 8.80959e-08 -3.13088e-10 0 0 0 0 0 0 0 
Cov(1,j) -3.13088e-10 8.53454e-08 0 0 0 0 0 0 0 
Cov(2,j) 0 0 0.341742 0 0 0 0 0 0 
Cov(3,j) 0 0 0 0.170846 0 0 0 0 0 
Cov(4,j) 0 0 0 0 1.42703e-09 -2.03679e-11 0 0 0 
Cov(5,j) 0 0 0 0 -2.03679e-11 1.41862e-09 0 0 0 
Cov(6,j) 0 0 0 0 0 0 8.36944e-07 0 0 
Cov(7,j) 0 0 0 0 0 0 0 7.30361e-07 0 
Cov(8,j) 0 0 0 0 0 0 0 0 0.00593245 
EmittanceX 0
EmittanceY 0
BetaStar 0
