Runnumber 352493
BeginTimeOfFit 2022.05.28 07:17:38 GMT 1653722258
EndTimeOfFit 2022.05.28 07:18:02 GMT 1653722282
LumiRange 155 - 155
Type 2
X0 0.170133
Y0 -0.182548
Z0 0.655451
sigmaZ0 6.61512
dxdz 6.2345e-05
dydz 0.000175665
BeamWidthX 0.0144084
BeamWidthY 0.0141921
dxdy 0.0433302
Cov(0,j) 3.65829e-08 8.46038e-11 0 0 0 0 0 0 0 
Cov(1,j) 8.46038e-11 3.61314e-08 0 0 0 0 0 0 0 
Cov(2,j) 0 0 0.135055 0 0 0 0 0 0 
Cov(3,j) 0 0 0 0.0675209 0 0 0 0 0 
Cov(4,j) 0 0 0 0 8.23189e-10 8.69819e-12 0 0 0 
Cov(5,j) 0 0 0 0 8.69819e-12 8.32523e-10 0 0 0 
Cov(6,j) 0 0 0 0 0 0 3.42198e-07 0 0 
Cov(7,j) 0 0 0 0 0 0 0 3.30786e-07 0 
Cov(8,j) 0 0 0 0 0 0 0 0 0.00328117 
EmittanceX 0
EmittanceY 0
BetaStar 0
