Runnumber 353060
BeginTimeOfFit 2022.06.05 12:28:36 GMT 1654432116
EndTimeOfFit 2022.06.05 12:28:59 GMT 1654432139
LumiRange 1207 - 1207
Type 2
X0 0.164599
Y0 -0.180777
Z0 0.418443
sigmaZ0 7.25923
dxdz -2.25071e-06
dydz 0.00019624
BeamWidthX 0.0163312
BeamWidthY 0.0187193
dxdy -0.00311045
Cov(0,j) 1.8788e-07 7.92827e-11 0 0 0 0 0 0 0 
Cov(1,j) 7.92827e-11 1.79211e-07 0 0 0 0 0 0 0 
Cov(2,j) 0 0 0.59869 0 0 0 0 0 0 
Cov(3,j) 0 0 0 0.299231 0 0 0 0 0 
Cov(4,j) 0 0 0 0 3.33493e-09 1.55396e-11 0 0 0 
Cov(5,j) 0 0 0 0 1.55396e-11 3.23517e-09 0 0 0 
Cov(6,j) 0 0 0 0 0 0 1.59951e-06 0 0 
Cov(7,j) 0 0 0 0 0 0 0 2.06528e-06 0 
Cov(8,j) 0 0 0 0 0 0 0 0 0.0118192 
EmittanceX 0
EmittanceY 0
BetaStar 0
