Runnumber 352505
BeginTimeOfFit 2022.05.28 09:58:15 GMT 1653731895
EndTimeOfFit 2022.05.28 09:58:38 GMT 1653731918
LumiRange 98 - 98
Type 2
X0 0.169289
Y0 -0.180577
Z0 -0.745798
sigmaZ0 7.41312
dxdz 0.000186529
dydz 0.000154556
BeamWidthX 0.0146873
BeamWidthY 0.0169274
dxdy 0.0455742
Cov(0,j) 6.54122e-08 7.35775e-10 0 0 0 0 0 0 0 
Cov(1,j) 7.35775e-10 6.41926e-08 0 0 0 0 0 0 0 
Cov(2,j) 0 0 0.270684 0 0 0 0 0 0 
Cov(3,j) 0 0 0 0.135319 0 0 0 0 0 
Cov(4,j) 0 0 0 0 1.19046e-09 -4.46183e-12 0 0 0 
Cov(5,j) 0 0 0 0 -4.46183e-12 1.16433e-09 0 0 0 
Cov(6,j) 0 0 0 0 0 0 5.70216e-07 0 0 
Cov(7,j) 0 0 0 0 0 0 0 7.51891e-07 0 
Cov(8,j) 0 0 0 0 0 0 0 0 0.00520036 
EmittanceX 0
EmittanceY 0
BetaStar 0
