Runnumber 352503
BeginTimeOfFit 2022.05.28 09:02:48 GMT 1653728568
EndTimeOfFit 2022.05.28 09:03:11 GMT 1653728591
LumiRange 5 - 5
Type 2
X0 0.170637
Y0 -0.181779
Z0 -0.0804766
sigmaZ0 7.00917
dxdz 0.000234936
dydz 0.000197382
BeamWidthX 0.0148986
BeamWidthY 0.0152516
dxdy -0.0558942
Cov(0,j) 5.11005e-08 8.43826e-10 0 0 0 0 0 0 0 
Cov(1,j) 8.43826e-10 5.10682e-08 0 0 0 0 0 0 0 
Cov(2,j) 0 0 0.184681 0 0 0 0 0 0 
Cov(3,j) 0 0 0 0.0923297 0 0 0 0 0 
Cov(4,j) 0 0 0 0 9.86967e-10 2.13183e-11 0 0 0 
Cov(5,j) 0 0 0 0 2.13183e-11 9.94372e-10 0 0 0 
Cov(6,j) 0 0 0 0 0 0 4.46398e-07 0 0 
Cov(7,j) 0 0 0 0 0 0 0 4.64528e-07 0 
Cov(8,j) 0 0 0 0 0 0 0 0 0.00395659 
EmittanceX 0
EmittanceY 0
BetaStar 0
