Runnumber 353060
BeginTimeOfFit 2022.06.05 10:48:45 GMT 1654426125
EndTimeOfFit 2022.06.05 10:49:08 GMT 1654426148
LumiRange 950 - 950
Type 2
X0 0.169447
Y0 -0.179743
Z0 0.757382
sigmaZ0 7.13727
dxdz 0.000167959
dydz 0.000265663
BeamWidthX 0.017767
BeamWidthY 0.0155543
dxdy -0.0936429
Cov(0,j) 1.22176e-07 -1.34986e-09 0 0 0 0 0 0 0 
Cov(1,j) -1.34986e-09 1.21833e-07 0 0 0 0 0 0 0 
Cov(2,j) 0 0 0.417482 0 0 0 0 0 0 
Cov(3,j) 0 0 0 0.208685 0 0 0 0 0 
Cov(4,j) 0 0 0 0 2.04578e-09 -3.79311e-11 0 0 0 
Cov(5,j) 0 0 0 0 -3.79311e-11 1.99897e-09 0 0 0 
Cov(6,j) 0 0 0 0 0 0 1.34956e-06 0 0 
Cov(7,j) 0 0 0 0 0 0 0 1.05236e-06 0 
Cov(8,j) 0 0 0 0 0 0 0 0 0.00850034 
EmittanceX 0
EmittanceY 0
BetaStar 0
