Runnumber 353709
BeginTimeOfFit 2022.06.13 12:09:35 GMT 1655122175
EndTimeOfFit 2022.06.13 12:09:58 GMT 1655122198
LumiRange 86 - 86
Type 2
X0 0.172858
Y0 -0.181508
Z0 0.995798
sigmaZ0 6.6768
dxdz 0.0001434
dydz 0.000196204
BeamWidthX 0.0170531
BeamWidthY 0.0176233
dxdy 0.0637039
Cov(0,j) 9.49682e-08 6.36336e-10 0 0 0 0 0 0 0 
Cov(1,j) 6.36336e-10 9.36242e-08 0 0 0 0 0 0 0 
Cov(2,j) 0 0 0.239655 0 0 0 0 0 0 
Cov(3,j) 0 0 0 0.119809 0 0 0 0 0 
Cov(4,j) 0 0 0 0 1.76271e-09 3.62651e-11 0 0 0 
Cov(5,j) 0 0 0 0 3.62651e-11 1.75797e-09 0 0 0 
Cov(6,j) 0 0 0 0 0 0 8.21674e-07 0 0 
Cov(7,j) 0 0 0 0 0 0 0 8.78813e-07 0 
Cov(8,j) 0 0 0 0 0 0 0 0 0.00560802 
EmittanceX 0
EmittanceY 0
BetaStar 0
