Runnumber 352425
BeginTimeOfFit 2022.05.27 10:23:25 GMT 1653647005
EndTimeOfFit 2022.05.27 10:23:48 GMT 1653647028
LumiRange 167 - 167
Type 2
X0 0.170184
Y0 -0.181407
Z0 -0.48212
sigmaZ0 7.60362
dxdz 0.000121748
dydz 0.000207007
BeamWidthX 0.0157401
BeamWidthY 0.0191752
dxdy 0.0132027
Cov(0,j) 1.26716e-07 4.73474e-10 0 0 0 0 0 0 0 
Cov(1,j) 4.73474e-10 1.20377e-07 0 0 0 0 0 0 0 
Cov(2,j) 0 0 0.516108 0 0 0 0 0 0 
Cov(3,j) 0 0 0 0.257973 0 0 0 0 0 
Cov(4,j) 0 0 0 0 2.38991e-09 -1.06012e-10 0 0 0 
Cov(5,j) 0 0 0 0 -1.06012e-10 2.37439e-09 0 0 0 
Cov(6,j) 0 0 0 0 0 0 1.17383e-06 0 0 
Cov(7,j) 0 0 0 0 0 0 0 1.71114e-06 0 
Cov(8,j) 0 0 0 0 0 0 0 0 0.00938214 
EmittanceX 0
EmittanceY 0
BetaStar 0
