Runnumber 352509
BeginTimeOfFit 2022.05.28 11:54:42 GMT 1653738882
EndTimeOfFit 2022.05.28 11:55:05 GMT 1653738905
LumiRange 201 - 201
Type 2
X0 0.16905
Y0 -0.182114
Z0 -0.411178
sigmaZ0 7.52653
dxdz 0.000208406
dydz 0.000166466
BeamWidthX 0.0185833
BeamWidthY 0.0162107
dxdy -0.0407656
Cov(0,j) 9.21448e-08 2.2012e-09 0 0 0 0 0 0 0 
Cov(1,j) 2.2012e-09 9.20488e-08 0 0 0 0 0 0 0 
Cov(2,j) 0 0 0.327409 0 0 0 0 0 0 
Cov(3,j) 0 0 0 0.163675 0 0 0 0 0 
Cov(4,j) 0 0 0 0 1.5362e-09 3.94453e-11 0 0 0 
Cov(5,j) 0 0 0 0 3.94453e-11 1.5569e-09 0 0 0 
Cov(6,j) 0 0 0 0 0 0 1.04364e-06 0 0 
Cov(7,j) 0 0 0 0 0 0 0 8.12396e-07 0 
Cov(8,j) 0 0 0 0 0 0 0 0 0.00603579 
EmittanceX 0
EmittanceY 0
BetaStar 0
