Runnumber 353060
BeginTimeOfFit 2022.06.05 07:43:02 GMT 1654414982
EndTimeOfFit 2022.06.05 07:43:26 GMT 1654415006
LumiRange 472 - 472
Type 2
X0 0.163544
Y0 -0.179451
Z0 -0.597401
sigmaZ0 7.65654
dxdz 0.000234026
dydz 0.000194457
BeamWidthX 0.0159177
BeamWidthY 0.0160353
dxdy 0.121696
Cov(0,j) 6.73044e-08 -4.75741e-10 0 0 0 0 0 0 0 
Cov(1,j) -4.75741e-10 6.57356e-08 0 0 0 0 0 0 0 
Cov(2,j) 0 0 0.299063 0 0 0 0 0 0 
Cov(3,j) 0 0 0 0.149504 0 0 0 0 0 
Cov(4,j) 0 0 0 0 1.16684e-09 -1.9462e-11 0 0 0 
Cov(5,j) 0 0 0 0 -1.9462e-11 1.10261e-09 0 0 0 
Cov(6,j) 0 0 0 0 0 0 6.86356e-07 0 0 
Cov(7,j) 0 0 0 0 0 0 0 6.93237e-07 0 
Cov(8,j) 0 0 0 0 0 0 0 0 0.00522376 
EmittanceX 0
EmittanceY 0
BetaStar 0
