Runnumber 353015
BeginTimeOfFit 2022.06.04 05:09:11 GMT 1654319351
EndTimeOfFit 2022.06.04 05:09:34 GMT 1654319374
LumiRange 218 - 218
Type 2
X0 0.175785
Y0 -0.178796
Z0 -0.362605
sigmaZ0 6.85516
dxdz 0.000141342
dydz 0.000248885
BeamWidthX 0.0142342
BeamWidthY 0.0155778
dxdy -0.0414499
Cov(0,j) 3.24977e-08 -2.21329e-10 0 0 0 0 0 0 0 
Cov(1,j) -2.21329e-10 3.20561e-08 0 0 0 0 0 0 0 
Cov(2,j) 0 0 0.128743 0 0 0 0 0 0 
Cov(3,j) 0 0 0 0.0643648 0 0 0 0 0 
Cov(4,j) 0 0 0 0 6.8822e-10 -3.00507e-12 0 0 0 
Cov(5,j) 0 0 0 0 -3.00507e-12 6.83158e-10 0 0 0 
Cov(6,j) 0 0 0 0 0 0 2.98643e-07 0 0 
Cov(7,j) 0 0 0 0 0 0 0 3.52588e-07 0 
Cov(8,j) 0 0 0 0 0 0 0 0 0.00291552 
EmittanceX 0
EmittanceY 0
BetaStar 0
