Runnumber 353015
BeginTimeOfFit 2022.06.04 04:24:53 GMT 1654316693
EndTimeOfFit 2022.06.04 04:25:17 GMT 1654316717
LumiRange 104 - 104
Type 2
X0 0.177094
Y0 -0.177328
Z0 0.175517
sigmaZ0 6.43204
dxdz 0.00011915
dydz 0.000218981
BeamWidthX 0.0138133
BeamWidthY 0.0146704
dxdy 0.0602469
Cov(0,j) 2.56893e-08 2.15528e-12 0 0 0 0 0 0 0 
Cov(1,j) 2.15528e-12 2.52831e-08 0 0 0 0 0 0 0 
Cov(2,j) 0 0 0.0874626 0 0 0 0 0 0 
Cov(3,j) 0 0 0 0.0437284 0 0 0 0 0 
Cov(4,j) 0 0 0 0 6.07488e-10 -2.06083e-12 0 0 0 
Cov(5,j) 0 0 0 0 -2.06083e-12 5.92342e-10 0 0 0 
Cov(6,j) 0 0 0 0 0 0 2.17426e-07 0 0 
Cov(7,j) 0 0 0 0 0 0 0 2.42479e-07 0 
Cov(8,j) 0 0 0 0 0 0 0 0 0.00224273 
EmittanceX 0
EmittanceY 0
BetaStar 0
