Runnumber 352425
BeginTimeOfFit 2022.05.27 11:40:20 GMT 1653651620
EndTimeOfFit 2022.05.27 11:40:44 GMT 1653651644
LumiRange 365 - 365
Type 2
X0 0.171034
Y0 -0.182361
Z0 0.474948
sigmaZ0 6.44578
dxdz 0.000187822
dydz 0.000178377
BeamWidthX 0.0169926
BeamWidthY 0.015708
dxdy -0.0228322
Cov(0,j) 1.32528e-07 1.38048e-09 0 0 0 0 0 0 0 
Cov(1,j) 1.38048e-09 1.29112e-07 0 0 0 0 0 0 0 
Cov(2,j) 0 0 0.428263 0 0 0 0 0 0 
Cov(3,j) 0 0 0 0.214065 0 0 0 0 0 
Cov(4,j) 0 0 0 0 2.57044e-09 1.4821e-11 0 0 0 
Cov(5,j) 0 0 0 0 1.4821e-11 2.55127e-09 0 0 0 
Cov(6,j) 0 0 0 0 0 0 1.58163e-06 0 0 
Cov(7,j) 0 0 0 0 0 0 0 1.35321e-06 0 
Cov(8,j) 0 0 0 0 0 0 0 0 0.0110014 
EmittanceX 0
EmittanceY 0
BetaStar 0
