Runnumber 352425
BeginTimeOfFit 2022.05.27 11:44:13 GMT 1653651853
EndTimeOfFit 2022.05.27 11:44:37 GMT 1653651877
LumiRange 375 - 375
Type 2
X0 0.169816
Y0 -0.181241
Z0 -1.05234
sigmaZ0 7.07111
dxdz 0.000125193
dydz 0.000194406
BeamWidthX 0.0153148
BeamWidthY 0.0170347
dxdy 0.127088
Cov(0,j) 1.26491e-07 -3.40366e-10 0 0 0 0 0 0 0 
Cov(1,j) -3.40366e-10 1.21512e-07 0 0 0 0 0 0 0 
Cov(2,j) 0 0 0.46289 0 0 0 0 0 0 
Cov(3,j) 0 0 0 0.231375 0 0 0 0 0 
Cov(4,j) 0 0 0 0 2.35265e-09 -2.43362e-11 0 0 0 
Cov(5,j) 0 0 0 0 -2.43362e-11 2.34513e-09 0 0 0 
Cov(6,j) 0 0 0 0 0 0 1.14972e-06 0 0 
Cov(7,j) 0 0 0 0 0 0 0 1.40273e-06 0 
Cov(8,j) 0 0 0 0 0 0 0 0 0.00940242 
EmittanceX 0
EmittanceY 0
BetaStar 0
