Runnumber 352931
BeginTimeOfFit 2022.06.03 11:44:20 GMT 1654256660
EndTimeOfFit 2022.06.03 11:44:43 GMT 1654256683
LumiRange 42 - 42
Type 2
X0 0.16968
Y0 -0.180712
Z0 0.318757
sigmaZ0 7.06261
dxdz 0.000145057
dydz 0.000217679
BeamWidthX 0.0155548
BeamWidthY 0.0166087
dxdy 0.0354793
Cov(0,j) 7.82208e-08 -1.86617e-09 0 0 0 0 0 0 0 
Cov(1,j) -1.86617e-09 7.48567e-08 0 0 0 0 0 0 0 
Cov(2,j) 0 0 0.266715 0 0 0 0 0 0 
Cov(3,j) 0 0 0 0.133334 0 0 0 0 0 
Cov(4,j) 0 0 0 0 1.34028e-09 -2.85392e-11 0 0 0 
Cov(5,j) 0 0 0 0 -2.85392e-11 1.32165e-09 0 0 0 
Cov(6,j) 0 0 0 0 0 0 6.87921e-07 0 0 
Cov(7,j) 0 0 0 0 0 0 0 7.75803e-07 0 
Cov(8,j) 0 0 0 0 0 0 0 0 0.00561151 
EmittanceX 0
EmittanceY 0
BetaStar 0
