Runnumber 353087
BeginTimeOfFit 2022.06.05 15:23:51 GMT 1654442631
EndTimeOfFit 2022.06.05 15:24:15 GMT 1654442655
LumiRange 90 - 90
Type 2
X0 0.171947
Y0 -0.180372
Z0 0.320296
sigmaZ0 6.79831
dxdz 0.000100436
dydz 0.000172558
BeamWidthX 0.0139627
BeamWidthY 0.0125588
dxdy 0.0744437
Cov(0,j) 3.03147e-08 6.67538e-11 0 0 0 0 0 0 0 
Cov(1,j) 6.67538e-11 3.04439e-08 0 0 0 0 0 0 0 
Cov(2,j) 0 0 0.132801 0 0 0 0 0 0 
Cov(3,j) 0 0 0 0.0663936 0 0 0 0 0 
Cov(4,j) 0 0 0 0 6.22856e-10 7.77207e-12 0 0 0 
Cov(5,j) 0 0 0 0 7.77207e-12 6.20215e-10 0 0 0 
Cov(6,j) 0 0 0 0 0 0 3.01188e-07 0 0 
Cov(7,j) 0 0 0 0 0 0 0 2.47297e-07 0 
Cov(8,j) 0 0 0 0 0 0 0 0 0.00307205 
EmittanceX 0
EmittanceY 0
BetaStar 0
