Runnumber 352568
BeginTimeOfFit 2022.05.29 07:35:01 GMT 1653809701
EndTimeOfFit 2022.05.29 07:35:24 GMT 1653809724
LumiRange 15 - 15
Type 2
X0 0.177382
Y0 -0.181704
Z0 0.0324926
sigmaZ0 6.96199
dxdz 7.27923e-05
dydz 0.000155179
BeamWidthX 0.0141061
BeamWidthY 0.0143341
dxdy 0.0247263
Cov(0,j) 4.71186e-08 1.01792e-09 0 0 0 0 0 0 0 
Cov(1,j) 1.01792e-09 4.72531e-08 0 0 0 0 0 0 0 
Cov(2,j) 0 0 0.192325 0 0 0 0 0 0 
Cov(3,j) 0 0 0 0.0961505 0 0 0 0 0 
Cov(4,j) 0 0 0 0 9.47738e-10 2.37064e-11 0 0 0 
Cov(5,j) 0 0 0 0 2.37064e-11 9.49482e-10 0 0 0 
Cov(6,j) 0 0 0 0 0 0 4.25089e-07 0 0 
Cov(7,j) 0 0 0 0 0 0 0 4.37735e-07 0 
Cov(8,j) 0 0 0 0 0 0 0 0 0.00424122 
EmittanceX 0
EmittanceY 0
BetaStar 0
