Runnumber 353060
BeginTimeOfFit 2022.06.05 06:43:59 GMT 1654411439
EndTimeOfFit 2022.06.05 06:44:22 GMT 1654411462
LumiRange 320 - 320
Type 2
X0 0.164807
Y0 -0.181511
Z0 -2.03899
sigmaZ0 7.48141
dxdz 0.000218514
dydz 0.000195642
BeamWidthX 0.0143828
BeamWidthY 0.0145384
dxdy 0.211074
Cov(0,j) 5.36729e-07 4.2915e-09 0 0 0 0 0 0 0 
Cov(1,j) 4.2915e-09 5.43295e-07 0 0 0 0 0 0 0 
Cov(2,j) 0 0 2.33013 0 0 0 0 0 0 
Cov(3,j) 0 0 0 1.16347 0 0 0 0 0 
Cov(4,j) 0 0 0 0 1.11689e-08 1.00676e-11 0 0 0 
Cov(5,j) 0 0 0 0 1.00676e-11 9.48651e-09 0 0 0 
Cov(6,j) 0 0 0 0 0 0 4.57793e-06 0 0 
Cov(7,j) 0 0 0 0 0 0 0 4.75091e-06 0 
Cov(8,j) 0 0 0 0 0 0 0 0 0.0401545 
EmittanceX 0
EmittanceY 0
BetaStar 0
