Runnumber 353060
BeginTimeOfFit 2022.06.05 12:38:42 GMT 1654432722
EndTimeOfFit 2022.06.05 12:39:05 GMT 1654432745
LumiRange 1233 - 1233
Type 2
X0 0.166328
Y0 -0.179545
Z0 -0.0960993
sigmaZ0 7.01436
dxdz 5.61643e-05
dydz 0.000127487
BeamWidthX 0.0177052
BeamWidthY 0.0173358
dxdy -0.00662556
Cov(0,j) 2.02323e-07 -4.62817e-09 0 0 0 0 0 0 0 
Cov(1,j) -4.62817e-09 2.02185e-07 0 0 0 0 0 0 0 
Cov(2,j) 0 0 0.683179 0 0 0 0 0 0 
Cov(3,j) 0 0 0 0.341435 0 0 0 0 0 
Cov(4,j) 0 0 0 0 3.75357e-09 -2.14026e-10 0 0 0 
Cov(5,j) 0 0 0 0 -2.14026e-10 3.84053e-09 0 0 0 
Cov(6,j) 0 0 0 0 0 0 2.29259e-06 0 0 
Cov(7,j) 0 0 0 0 0 0 0 2.18239e-06 0 
Cov(8,j) 0 0 0 0 0 0 0 0 0.0144838 
EmittanceX 0
EmittanceY 0
BetaStar 0
