Runnumber 352509
BeginTimeOfFit 2022.05.28 10:53:42 GMT 1653735222
EndTimeOfFit 2022.05.28 10:54:05 GMT 1653735245
LumiRange 44 - 44
Type 2
X0 0.170202
Y0 -0.182632
Z0 0.124384
sigmaZ0 7.31371
dxdz 0.000200159
dydz 0.000263914
BeamWidthX 0.0167112
BeamWidthY 0.0159674
dxdy -0.0935128
Cov(0,j) 7.733e-08 1.50352e-09 0 0 0 0 0 0 0 
Cov(1,j) 1.50352e-09 7.59179e-08 0 0 0 0 0 0 0 
Cov(2,j) 0 0 0.270127 0 0 0 0 0 0 
Cov(3,j) 0 0 0 0.135041 0 0 0 0 0 
Cov(4,j) 0 0 0 0 1.41789e-09 1.96428e-11 0 0 0 
Cov(5,j) 0 0 0 0 1.96428e-11 1.34758e-09 0 0 0 
Cov(6,j) 0 0 0 0 0 0 7.44696e-07 0 0 
Cov(7,j) 0 0 0 0 0 0 0 6.81059e-07 0 
Cov(8,j) 0 0 0 0 0 0 0 0 0.00522327 
EmittanceX 0
EmittanceY 0
BetaStar 0
