Runnumber 352908
BeginTimeOfFit 2022.06.03 08:22:34 GMT 1654244554
EndTimeOfFit 2022.06.03 08:22:58 GMT 1654244578
LumiRange 32 - 32
Type 2
X0 0.169285
Y0 -0.181583
Z0 0.825017
sigmaZ0 6.42447
dxdz 0.000147121
dydz 0.000191626
BeamWidthX 0.0129522
BeamWidthY 0.0128462
dxdy -0.0124792
Cov(0,j) 3.11805e-08 -1.90095e-10 0 0 0 0 0 0 0 
Cov(1,j) -1.90095e-10 3.10912e-08 0 0 0 0 0 0 0 
Cov(2,j) 0 0 0.127383 0 0 0 0 0 0 
Cov(3,j) 0 0 0 0.0636853 0 0 0 0 0 
Cov(4,j) 0 0 0 0 6.57055e-10 6.58567e-12 0 0 0 
Cov(5,j) 0 0 0 0 6.58567e-12 6.30072e-10 0 0 0 
Cov(6,j) 0 0 0 0 0 0 2.81855e-07 0 0 
Cov(7,j) 0 0 0 0 0 0 0 2.75151e-07 0 
Cov(8,j) 0 0 0 0 0 0 0 0 0.0033517 
EmittanceX 0
EmittanceY 0
BetaStar 0
