Runnumber 353018
BeginTimeOfFit 2022.06.04 08:10:14 GMT 1654330214
EndTimeOfFit 2022.06.04 08:10:38 GMT 1654330238
LumiRange 274 - 274
Type 2
X0 0.174775
Y0 -0.153086
Z0 0.319393
sigmaZ0 6.62828
dxdz 0.000104197
dydz 0.000220588
BeamWidthX 0.0145991
BeamWidthY 0.0176351
dxdy -0.208117
Cov(0,j) 1.28066e-07 3.51729e-10 0 0 0 0 0 0 0 
Cov(1,j) 3.51729e-10 1.25791e-07 0 0 0 0 0 0 0 
Cov(2,j) 0 0 0.45757 0 0 0 0 0 0 
Cov(3,j) 0 0 0 0.228701 0 0 0 0 0 
Cov(4,j) 0 0 0 0 2.94436e-09 3.59038e-11 0 0 0 
Cov(5,j) 0 0 0 0 3.59038e-11 2.68507e-09 0 0 0 
Cov(6,j) 0 0 0 0 0 0 1.19929e-06 0 0 
Cov(7,j) 0 0 0 0 0 0 0 1.70649e-06 0 
Cov(8,j) 0 0 0 0 0 0 0 0 0.0101033 
EmittanceX 0
EmittanceY 0
BetaStar 0
