Runnumber 352568
BeginTimeOfFit 2022.05.29 10:46:10 GMT 1653821170
EndTimeOfFit 2022.05.29 10:46:33 GMT 1653821193
LumiRange 507 - 507
Type 2
X0 0.17631
Y0 -0.181773
Z0 -0.148205
sigmaZ0 6.75381
dxdz 0.00022238
dydz 0.000208392
BeamWidthX 0.013937
BeamWidthY 0.0155255
dxdy 0.0806505
Cov(0,j) 7.11389e-08 1.88763e-09 0 0 0 0 0 0 0 
Cov(1,j) 1.88763e-09 7.14071e-08 0 0 0 0 0 0 0 
Cov(2,j) 0 0 0.288666 0 0 0 0 0 0 
Cov(3,j) 0 0 0 0.144304 0 0 0 0 0 
Cov(4,j) 0 0 0 0 1.59654e-09 4.03412e-11 0 0 0 
Cov(5,j) 0 0 0 0 4.03412e-11 1.63946e-09 0 0 0 
Cov(6,j) 0 0 0 0 0 0 6.58203e-07 0 0 
Cov(7,j) 0 0 0 0 0 0 0 8.0797e-07 0 
Cov(8,j) 0 0 0 0 0 0 0 0 0.00664345 
EmittanceX 0
EmittanceY 0
BetaStar 0
