Runnumber 352567
BeginTimeOfFit 2022.05.29 07:03:55 GMT 1653807835
EndTimeOfFit 2022.05.29 07:04:18 GMT 1653807858
LumiRange 63 - 63
Type 2
X0 0.176825
Y0 -0.181528
Z0 0.285119
sigmaZ0 6.2976
dxdz 0.000181358
dydz 0.00025131
BeamWidthX 0.0143733
BeamWidthY 0.0140682
dxdy 0.0102144
Cov(0,j) 4.16229e-08 2.91273e-10 0 0 0 0 0 0 0 
Cov(1,j) 2.91273e-10 4.20867e-08 0 0 0 0 0 0 0 
Cov(2,j) 0 0 0.145266 0 0 0 0 0 0 
Cov(3,j) 0 0 0 0.0726254 0 0 0 0 0 
Cov(4,j) 0 0 0 0 9.17902e-10 -6.87052e-12 0 0 0 
Cov(5,j) 0 0 0 0 -6.87052e-12 9.4756e-10 0 0 0 
Cov(6,j) 0 0 0 0 0 0 4.06211e-07 0 0 
Cov(7,j) 0 0 0 0 0 0 0 3.90268e-07 0 
Cov(8,j) 0 0 0 0 0 0 0 0 0.00393189 
EmittanceX 0
EmittanceY 0
BetaStar 0
