Runnumber 353018
BeginTimeOfFit 2022.06.04 07:04:11 GMT 1654326251
EndTimeOfFit 2022.06.04 07:04:35 GMT 1654326275
LumiRange 104 - 104
Type 2
X0 0.181503
Y0 -0.17991
Z0 0.0851838
sigmaZ0 6.29453
dxdz 0.00010691
dydz 8.57617e-05
BeamWidthX 0.0133081
BeamWidthY 0.0139219
dxdy -0.0885134
Cov(0,j) 2.50831e-08 -1.33073e-10 0 0 0 0 0 0 0 
Cov(1,j) -1.33073e-10 2.46651e-08 0 0 0 0 0 0 0 
Cov(2,j) 0 0 0.0978264 0 0 0 0 0 0 
Cov(3,j) 0 0 0 0.0489089 0 0 0 0 0 
Cov(4,j) 0 0 0 0 5.64211e-10 -4.06175e-12 0 0 0 
Cov(5,j) 0 0 0 0 -4.06175e-12 5.60325e-10 0 0 0 
Cov(6,j) 0 0 0 0 0 0 2.38732e-07 0 0 
Cov(7,j) 0 0 0 0 0 0 0 2.58716e-07 0 
Cov(8,j) 0 0 0 0 0 0 0 0 0.00264807 
EmittanceX 0
EmittanceY 0
BetaStar 0
