Runnumber 353018
BeginTimeOfFit 2022.06.04 08:30:50 GMT 1654331450
EndTimeOfFit 2022.06.04 08:31:13 GMT 1654331473
LumiRange 327 - 327
Type 2
X0 0.173649
Y0 -0.181217
Z0 -0.806969
sigmaZ0 7.45439
dxdz 7.67342e-05
dydz 0.000301464
BeamWidthX 0.0160089
BeamWidthY 0.0144329
dxdy 0.0336508
Cov(0,j) 9.31431e-08 -6.91262e-11 0 0 0 0 0 0 0 
Cov(1,j) -6.91262e-11 8.97438e-08 0 0 0 0 0 0 0 
Cov(2,j) 0 0 0.391268 0 0 0 0 0 0 
Cov(3,j) 0 0 0 0.195586 0 0 0 0 0 
Cov(4,j) 0 0 0 0 1.79733e-09 -1.32309e-11 0 0 0 
Cov(5,j) 0 0 0 0 -1.32309e-11 1.72906e-09 0 0 0 
Cov(6,j) 0 0 0 0 0 0 9.53131e-07 0 0 
Cov(7,j) 0 0 0 0 0 0 0 7.80357e-07 0 
Cov(8,j) 0 0 0 0 0 0 0 0 0.00748302 
EmittanceX 0
EmittanceY 0
BetaStar 0
