Runnumber 352425
BeginTimeOfFit 2022.05.27 11:18:12 GMT 1653650292
EndTimeOfFit 2022.05.27 11:18:35 GMT 1653650315
LumiRange 308 - 308
Type 2
X0 0.169954
Y0 -0.182029
Z0 0.00656957
sigmaZ0 7.81906
dxdz 0.000103464
dydz 0.000171276
BeamWidthX 0.0148434
BeamWidthY 0.0156643
dxdy -0.0324811
Cov(0,j) 1.11405e-07 -2.3754e-09 0 0 0 0 0 0 0 
Cov(1,j) -2.3754e-09 1.09122e-07 0 0 0 0 0 0 0 
Cov(2,j) 0 0 0.571261 0 0 0 0 0 0 
Cov(3,j) 0 0 0 0.285533 0 0 0 0 0 
Cov(4,j) 0 0 0 0 2.03985e-09 -5.66693e-11 0 0 0 
Cov(5,j) 0 0 0 0 -5.66693e-11 2.09276e-09 0 0 0 
Cov(6,j) 0 0 0 0 0 0 1.1046e-06 0 0 
Cov(7,j) 0 0 0 0 0 0 0 1.2133e-06 0 
Cov(8,j) 0 0 0 0 0 0 0 0 0.00993742 
EmittanceX 0
EmittanceY 0
BetaStar 0
