Runnumber 352509
BeginTimeOfFit 2022.05.28 11:20:07 GMT 1653736807
EndTimeOfFit 2022.05.28 11:20:30 GMT 1653736830
LumiRange 112 - 112
Type 2
X0 0.170586
Y0 -0.181977
Z0 0.0340459
sigmaZ0 6.51853
dxdz 0.000103671
dydz 0.000211949
BeamWidthX 0.0163068
BeamWidthY 0.0170879
dxdy -0.0552527
Cov(0,j) 8.11757e-08 2.34049e-10 0 0 0 0 0 0 0 
Cov(1,j) 2.34049e-10 8.24542e-08 0 0 0 0 0 0 0 
Cov(2,j) 0 0 0.232173 0 0 0 0 0 0 
Cov(3,j) 0 0 0 0.116068 0 0 0 0 0 
Cov(4,j) 0 0 0 0 1.50223e-09 -2.60627e-11 0 0 0 
Cov(5,j) 0 0 0 0 -2.60627e-11 1.55494e-09 0 0 0 
Cov(6,j) 0 0 0 0 0 0 7.68717e-07 0 0 
Cov(7,j) 0 0 0 0 0 0 0 8.36005e-07 0 
Cov(8,j) 0 0 0 0 0 0 0 0 0.00570033 
EmittanceX 0
EmittanceY 0
BetaStar 0
