Runnumber 352508
BeginTimeOfFit 2022.05.28 10:25:06 GMT 1653733506
EndTimeOfFit 2022.05.28 10:25:30 GMT 1653733530
LumiRange 11 - 11
Type 2
X0 0.170082
Y0 -0.1816
Z0 -0.0916228
sigmaZ0 7.07936
dxdz 0.000156187
dydz 0.000157245
BeamWidthX 0.0156652
BeamWidthY 0.0161282
dxdy 0.0620858
Cov(0,j) 6.76392e-08 4.55635e-10 0 0 0 0 0 0 0 
Cov(1,j) 4.55635e-10 6.85214e-08 0 0 0 0 0 0 0 
Cov(2,j) 0 0 0.284728 0 0 0 0 0 0 
Cov(3,j) 0 0 0 0.142337 0 0 0 0 0 
Cov(4,j) 0 0 0 0 1.19653e-09 1.1303e-11 0 0 0 
Cov(5,j) 0 0 0 0 1.1303e-11 1.23437e-09 0 0 0 
Cov(6,j) 0 0 0 0 0 0 7.36444e-07 0 0 
Cov(7,j) 0 0 0 0 0 0 0 7.78258e-07 0 
Cov(8,j) 0 0 0 0 0 0 0 0 0.00593206 
EmittanceX 0
EmittanceY 0
BetaStar 0
