Runnumber 352568
BeginTimeOfFit 2022.05.29 10:37:37 GMT 1653820657
EndTimeOfFit 2022.05.29 10:38:00 GMT 1653820680
LumiRange 485 - 485
Type 2
X0 0.176707
Y0 -0.181759
Z0 0.571421
sigmaZ0 6.8302
dxdz 0.000121346
dydz 0.000228355
BeamWidthX 0.0153532
BeamWidthY 0.0160458
dxdy 0.0490165
Cov(0,j) 8.23068e-08 2.65888e-10 0 0 0 0 0 0 0 
Cov(1,j) 2.65888e-10 7.93159e-08 0 0 0 0 0 0 0 
Cov(2,j) 0 0 0.282708 0 0 0 0 0 0 
Cov(3,j) 0 0 0 0.141327 0 0 0 0 0 
Cov(4,j) 0 0 0 0 1.8139e-09 1.80435e-11 0 0 0 
Cov(5,j) 0 0 0 0 1.80435e-11 1.78224e-09 0 0 0 
Cov(6,j) 0 0 0 0 0 0 7.57535e-07 0 0 
Cov(7,j) 0 0 0 0 0 0 0 8.19542e-07 0 
Cov(8,j) 0 0 0 0 0 0 0 0 0.00634452 
EmittanceX 0
EmittanceY 0
BetaStar 0
