Runnumber 352568
BeginTimeOfFit 2022.05.29 11:09:29 GMT 1653822569
EndTimeOfFit 2022.05.29 11:09:52 GMT 1653822592
LumiRange 567 - 567
Type 2
X0 0.176333
Y0 -0.181374
Z0 0.406034
sigmaZ0 6.86328
dxdz 0.000234282
dydz 0.000221311
BeamWidthX 0.0150917
BeamWidthY 0.0148206
dxdy 0.0827306
Cov(0,j) 7.46715e-08 5.82804e-10 0 0 0 0 0 0 0 
Cov(1,j) 5.82804e-10 7.50342e-08 0 0 0 0 0 0 0 
Cov(2,j) 0 0 0.288955 0 0 0 0 0 0 
Cov(3,j) 0 0 0 0.144442 0 0 0 0 0 
Cov(4,j) 0 0 0 0 1.6214e-09 1.39957e-11 0 0 0 
Cov(5,j) 0 0 0 0 1.39957e-11 1.653e-09 0 0 0 
Cov(6,j) 0 0 0 0 0 0 7.39948e-07 0 0 
Cov(7,j) 0 0 0 0 0 0 0 7.18957e-07 0 
Cov(8,j) 0 0 0 0 0 0 0 0 0.00644154 
EmittanceX 0
EmittanceY 0
BetaStar 0
