Runnumber 352509
BeginTimeOfFit 2022.05.28 11:58:12 GMT 1653739092
EndTimeOfFit 2022.05.28 11:58:35 GMT 1653739115
LumiRange 210 - 210
Type 2
X0 0.171283
Y0 -0.181937
Z0 -0.494279
sigmaZ0 7.69387
dxdz 0.000176924
dydz 0.00012959
BeamWidthX 0.0164404
BeamWidthY 0.0181411
dxdy -0.0208885
Cov(0,j) 9.59081e-08 1.50968e-09 0 0 0 0 0 0 0 
Cov(1,j) 1.50968e-09 9.2232e-08 0 0 0 0 0 0 0 
Cov(2,j) 0 0 0.374604 0 0 0 0 0 0 
Cov(3,j) 0 0 0 0.18726 0 0 0 0 0 
Cov(4,j) 0 0 0 0 1.63227e-09 5.12065e-11 0 0 0 
Cov(5,j) 0 0 0 0 5.12065e-11 1.55796e-09 0 0 0 
Cov(6,j) 0 0 0 0 0 0 9.09226e-07 0 0 
Cov(7,j) 0 0 0 0 0 0 0 1.08776e-06 0 
Cov(8,j) 0 0 0 0 0 0 0 0 0.00665077 
EmittanceX 0
EmittanceY 0
BetaStar 0
