Runnumber 352931
BeginTimeOfFit 2022.06.03 13:23:01 GMT 1654262581
EndTimeOfFit 2022.06.03 13:23:24 GMT 1654262604
LumiRange 296 - 296
Type 2
X0 0.168792
Y0 -0.178943
Z0 0.765744
sigmaZ0 7.37988
dxdz 0.000138838
dydz 0.000213826
BeamWidthX 0.0153684
BeamWidthY 0.018837
dxdy 0.0799267
Cov(0,j) 1.05194e-07 1.05898e-09 0 0 0 0 0 0 0 
Cov(1,j) 1.05898e-09 1.02736e-07 0 0 0 0 0 0 0 
Cov(2,j) 0 0 0.363036 0 0 0 0 0 0 
Cov(3,j) 0 0 0 0.181476 0 0 0 0 0 
Cov(4,j) 0 0 0 0 1.84312e-09 3.24504e-11 0 0 0 
Cov(5,j) 0 0 0 0 3.24504e-11 1.74176e-09 0 0 0 
Cov(6,j) 0 0 0 0 0 0 8.41644e-07 0 0 
Cov(7,j) 0 0 0 0 0 0 0 1.22944e-06 0 
Cov(8,j) 0 0 0 0 0 0 0 0 0.0069001 
EmittanceX 0
EmittanceY 0
BetaStar 0
