Runnumber 352493
BeginTimeOfFit 2022.05.28 06:44:14 GMT 1653720254
EndTimeOfFit 2022.05.28 06:44:37 GMT 1653720277
LumiRange 69 - 69
Type 2
X0 0.169873
Y0 -0.182824
Z0 0.0838431
sigmaZ0 5.92826
dxdz 0.0001612
dydz 0.000231188
BeamWidthX 0.0141622
BeamWidthY 0.0139443
dxdy 0.00565679
Cov(0,j) 3.29654e-08 -1.81667e-10 0 0 0 0 0 0 0 
Cov(1,j) -1.81667e-10 3.17389e-08 0 0 0 0 0 0 0 
Cov(2,j) 0 0 0.101864 0 0 0 0 0 0 
Cov(3,j) 0 0 0 0.050928 0 0 0 0 0 
Cov(4,j) 0 0 0 0 9.00304e-10 -6.77251e-12 0 0 0 
Cov(5,j) 0 0 0 0 -6.77251e-12 8.34004e-10 0 0 0 
Cov(6,j) 0 0 0 0 0 0 3.10949e-07 0 0 
Cov(7,j) 0 0 0 0 0 0 0 3.01911e-07 0 
Cov(8,j) 0 0 0 0 0 0 0 0 0.00309908 
EmittanceX 0
EmittanceY 0
BetaStar 0
