Runnumber 353060
BeginTimeOfFit 2022.06.05 12:26:16 GMT 1654431976
EndTimeOfFit 2022.06.05 12:26:39 GMT 1654431999
LumiRange 1201 - 1201
Type 2
X0 0.165668
Y0 -0.181412
Z0 -0.564297
sigmaZ0 7.69527
dxdz 0.000123037
dydz 0.00022083
BeamWidthX 0.0155597
BeamWidthY 0.0171495
dxdy 0.0678169
Cov(0,j) 1.69876e-07 -9.13697e-10 0 0 0 0 0 0 0 
Cov(1,j) -9.13697e-10 1.68536e-07 0 0 0 0 0 0 0 
Cov(2,j) 0 0 0.665198 0 0 0 0 0 0 
Cov(3,j) 0 0 0 0.332467 0 0 0 0 0 
Cov(4,j) 0 0 0 0 2.74927e-09 -1.47396e-12 0 0 0 
Cov(5,j) 0 0 0 0 -1.47396e-12 2.84761e-09 0 0 0 
Cov(6,j) 0 0 0 0 0 0 1.44222e-06 0 0 
Cov(7,j) 0 0 0 0 0 0 0 1.73468e-06 0 
Cov(8,j) 0 0 0 0 0 0 0 0 0.0117142 
EmittanceX 0
EmittanceY 0
BetaStar 0
