Runnumber 353087
BeginTimeOfFit 2022.06.05 15:56:29 GMT 1654444589
EndTimeOfFit 2022.06.05 15:56:53 GMT 1654444613
LumiRange 174 - 174
Type 2
X0 0.171431
Y0 -0.181926
Z0 -0.489733
sigmaZ0 7.23675
dxdz 0.000286469
dydz 0.000241294
BeamWidthX 0.0131863
BeamWidthY 0.0165185
dxdy 0.190733
Cov(0,j) 2.1668e-07 -3.26565e-09 0 0 0 0 0 0 0 
Cov(1,j) -3.26565e-09 2.14003e-07 0 0 0 0 0 0 0 
Cov(2,j) 0 0 0.737414 0 0 0 0 0 0 
Cov(3,j) 0 0 0 0.368332 0 0 0 0 0 
Cov(4,j) 0 0 0 0 3.94845e-09 -9.80922e-11 0 0 0 
Cov(5,j) 0 0 0 0 -9.80922e-11 3.86546e-09 0 0 0 
Cov(6,j) 0 0 0 0 0 0 1.32766e-06 0 0 
Cov(7,j) 0 0 0 0 0 0 0 2.00473e-06 0 
Cov(8,j) 0 0 0 0 0 0 0 0 0.0138535 
EmittanceX 0
EmittanceY 0
BetaStar 0
