Runnumber 352509
BeginTimeOfFit 2022.05.28 10:41:39 GMT 1653734499
EndTimeOfFit 2022.05.28 10:42:03 GMT 1653734523
LumiRange 13 - 13
Type 2
X0 0.170446
Y0 -0.180611
Z0 -0.0460371
sigmaZ0 7.716
dxdz 0.000106675
dydz 0.00028409
BeamWidthX 0.0159739
BeamWidthY 0.0170314
dxdy 0.0384403
Cov(0,j) 7.57279e-08 2.15724e-09 0 0 0 0 0 0 0 
Cov(1,j) 2.15724e-09 7.4547e-08 0 0 0 0 0 0 0 
Cov(2,j) 0 0 0.303724 0 0 0 0 0 0 
Cov(3,j) 0 0 0 0.151835 0 0 0 0 0 
Cov(4,j) 0 0 0 0 1.26435e-09 2.36735e-11 0 0 0 
Cov(5,j) 0 0 0 0 2.36735e-11 1.24207e-09 0 0 0 
Cov(6,j) 0 0 0 0 0 0 6.91962e-07 0 0 
Cov(7,j) 0 0 0 0 0 0 0 7.77271e-07 0 
Cov(8,j) 0 0 0 0 0 0 0 0 0.00537228 
EmittanceX 0
EmittanceY 0
BetaStar 0
