Runnumber 352425
BeginTimeOfFit 2022.05.27 09:53:53 GMT 1653645233
EndTimeOfFit 2022.05.27 09:54:16 GMT 1653645256
LumiRange 91 - 91
Type 2
X0 0.170412
Y0 -0.181602
Z0 -0.39895
sigmaZ0 6.58204
dxdz 0.000120158
dydz 0.000150981
BeamWidthX 0.0153803
BeamWidthY 0.0149939
dxdy 0.0926881
Cov(0,j) 9.13109e-08 4.83926e-10 0 0 0 0 0 0 0 
Cov(1,j) 4.83926e-10 9.10272e-08 0 0 0 0 0 0 0 
Cov(2,j) 0 0 0.335798 0 0 0 0 0 0 
Cov(3,j) 0 0 0 0.167859 0 0 0 0 0 
Cov(4,j) 0 0 0 0 1.86476e-09 -2.15344e-11 0 0 0 
Cov(5,j) 0 0 0 0 -2.15344e-11 1.90484e-09 0 0 0 
Cov(6,j) 0 0 0 0 0 0 9.65075e-07 0 0 
Cov(7,j) 0 0 0 0 0 0 0 9.29693e-07 0 
Cov(8,j) 0 0 0 0 0 0 0 0 0.00806371 
EmittanceX 0
EmittanceY 0
BetaStar 0
