Runnumber 353015
BeginTimeOfFit 2022.06.04 04:21:47 GMT 1654316507
EndTimeOfFit 2022.06.04 04:22:10 GMT 1654316530
LumiRange 96 - 96
Type 2
X0 0.17695
Y0 -0.177937
Z0 -0.201722
sigmaZ0 6.16434
dxdz 0.00018694
dydz 0.000206855
BeamWidthX 0.0142931
BeamWidthY 0.0148113
dxdy 0.0416944
Cov(0,j) 2.62999e-08 -2.09725e-10 0 0 0 0 0 0 0 
Cov(1,j) -2.09725e-10 2.65452e-08 0 0 0 0 0 0 0 
Cov(2,j) 0 0 0.0805044 0 0 0 0 0 0 
Cov(3,j) 0 0 0 0.0402498 0 0 0 0 0 
Cov(4,j) 0 0 0 0 6.18393e-10 -1.24642e-11 0 0 0 
Cov(5,j) 0 0 0 0 -1.24642e-11 6.33053e-10 0 0 0 
Cov(6,j) 0 0 0 0 0 0 2.30788e-07 0 0 
Cov(7,j) 0 0 0 0 0 0 0 2.47658e-07 0 
Cov(8,j) 0 0 0 0 0 0 0 0 0.00224753 
EmittanceX 0
EmittanceY 0
BetaStar 0
