Runnumber 352900
BeginTimeOfFit 2022.06.03 07:04:32 GMT 1654239872
EndTimeOfFit 2022.06.03 07:04:55 GMT 1654239895
LumiRange 10 - 10
Type 2
X0 0.169779
Y0 -0.181834
Z0 -0.0506314
sigmaZ0 6.18659
dxdz 0.000140088
dydz 0.000270717
BeamWidthX 0.0132792
BeamWidthY 0.012492
dxdy 0.0139443
Cov(0,j) 2.40256e-08 -4.65186e-10 0 0 0 0 0 0 0 
Cov(1,j) -4.65186e-10 2.42035e-08 0 0 0 0 0 0 0 
Cov(2,j) 0 0 0.0971384 0 0 0 0 0 0 
Cov(3,j) 0 0 0 0.048566 0 0 0 0 0 
Cov(4,j) 0 0 0 0 6.80052e-10 -1.37386e-11 0 0 0 
Cov(5,j) 0 0 0 0 -1.37386e-11 6.86365e-10 0 0 0 
Cov(6,j) 0 0 0 0 0 0 2.43679e-07 0 0 
Cov(7,j) 0 0 0 0 0 0 0 2.1603e-07 0 
Cov(8,j) 0 0 0 0 0 0 0 0 0.00275814 
EmittanceX 0
EmittanceY 0
BetaStar 0
