Runnumber 353706
BeginTimeOfFit 2022.06.13 10:59:26 GMT 1655117966
EndTimeOfFit 2022.06.13 10:59:49 GMT 1655117989
LumiRange 105 - 105
Type 2
X0 0.171894
Y0 -0.181043
Z0 0.728632
sigmaZ0 6.36168
dxdz 0.00016249
dydz 0.000216203
BeamWidthX 0.0156795
BeamWidthY 0.0181243
dxdy -0.0257442
Cov(0,j) 8.12048e-08 1.29335e-10 0 0 0 0 0 0 0 
Cov(1,j) 1.29335e-10 7.8315e-08 0 0 0 0 0 0 0 
Cov(2,j) 0 0 0.200337 0 0 0 0 0 0 
Cov(3,j) 0 0 0 0.100154 0 0 0 0 0 
Cov(4,j) 0 0 0 0 1.54139e-09 -8.92399e-12 0 0 0 
Cov(5,j) 0 0 0 0 -8.92399e-12 1.50341e-09 0 0 0 
Cov(6,j) 0 0 0 0 0 0 6.45025e-07 0 0 
Cov(7,j) 0 0 0 0 0 0 0 8.47444e-07 0 
Cov(8,j) 0 0 0 0 0 0 0 0 0.00517796 
EmittanceX 0
EmittanceY 0
BetaStar 0
