Runnumber 353689
BeginTimeOfFit 2022.06.13 08:17:37 GMT 1655108257
EndTimeOfFit 2022.06.13 08:18:00 GMT 1655108280
LumiRange 54 - 54
Type 2
X0 0.171849
Y0 -0.180912
Z0 1.1024
sigmaZ0 6.09013
dxdz 0.000235729
dydz 0.000217927
BeamWidthX 0.0143275
BeamWidthY 0.0147055
dxdy -0.0638893
Cov(0,j) 3.59229e-08 3.29649e-10 0 0 0 0 0 0 0 
Cov(1,j) 3.29649e-10 3.57755e-08 0 0 0 0 0 0 0 
Cov(2,j) 0 0 0.108445 0 0 0 0 0 0 
Cov(3,j) 0 0 0 0.0542173 0 0 0 0 0 
Cov(4,j) 0 0 0 0 9.93379e-10 1.02396e-11 0 0 0 
Cov(5,j) 0 0 0 0 1.02396e-11 9.64883e-10 0 0 0 
Cov(6,j) 0 0 0 0 0 0 3.19369e-07 0 0 
Cov(7,j) 0 0 0 0 0 0 0 3.35754e-07 0 
Cov(8,j) 0 0 0 0 0 0 0 0 0.00307147 
EmittanceX 0
EmittanceY 0
BetaStar 0
