Runnumber 353060
BeginTimeOfFit 2022.06.05 12:16:33 GMT 1654431393
EndTimeOfFit 2022.06.05 12:16:57 GMT 1654431417
LumiRange 1176 - 1176
Type 2
X0 0.166312
Y0 -0.181171
Z0 0.0427662
sigmaZ0 7.26455
dxdz 7.46482e-05
dydz 0.000134983
BeamWidthX 0.016499
BeamWidthY 0.0169691
dxdy -0.0785208
Cov(0,j) 1.57903e-07 -2.0704e-09 0 0 0 0 0 0 0 
Cov(1,j) -2.0704e-09 1.54788e-07 0 0 0 0 0 0 0 
Cov(2,j) 0 0 0.447161 0 0 0 0 0 0 
Cov(3,j) 0 0 0 0.223516 0 0 0 0 0 
Cov(4,j) 0 0 0 0 2.85811e-09 -6.10379e-11 0 0 0 
Cov(5,j) 0 0 0 0 -6.10379e-11 2.82059e-09 0 0 0 
Cov(6,j) 0 0 0 0 0 0 1.21959e-06 0 0 
Cov(7,j) 0 0 0 0 0 0 0 1.27445e-06 0 
Cov(8,j) 0 0 0 0 0 0 0 0 0.00880688 
EmittanceX 0
EmittanceY 0
BetaStar 0
