Runnumber 352567
BeginTimeOfFit 2022.05.29 07:01:12 GMT 1653807672
EndTimeOfFit 2022.05.29 07:01:35 GMT 1653807695
LumiRange 56 - 56
Type 2
X0 0.176155
Y0 -0.182143
Z0 -0.307549
sigmaZ0 6.52584
dxdz 0.000191843
dydz 0.00024551
BeamWidthX 0.0148686
BeamWidthY 0.0146329
dxdy 0.0615555
Cov(0,j) 4.47679e-08 6.42468e-10 0 0 0 0 0 0 0 
Cov(1,j) 6.42468e-10 4.4437e-08 0 0 0 0 0 0 0 
Cov(2,j) 0 0 0.167654 0 0 0 0 0 0 
Cov(3,j) 0 0 0 0.0838163 0 0 0 0 0 
Cov(4,j) 0 0 0 0 1.00705e-09 6.24865e-12 0 0 0 
Cov(5,j) 0 0 0 0 6.24865e-12 1.01227e-09 0 0 0 
Cov(6,j) 0 0 0 0 0 0 4.65927e-07 0 0 
Cov(7,j) 0 0 0 0 0 0 0 4.50021e-07 0 
Cov(8,j) 0 0 0 0 0 0 0 0 0.00417737 
EmittanceX 0
EmittanceY 0
BetaStar 0
