Runnumber 352909
BeginTimeOfFit 2022.06.03 08:52:56 GMT 1654246376
EndTimeOfFit 2022.06.03 08:53:19 GMT 1654246399
LumiRange 61 - 61
Type 2
X0 0.167713
Y0 -0.181216
Z0 0.122135
sigmaZ0 6.48792
dxdz 0.000149148
dydz 0.000266756
BeamWidthX 0.0137599
BeamWidthY 0.0148129
dxdy 0.185618
Cov(0,j) 2.28968e-07 1.02288e-08 0 0 0 0 0 0 0 
Cov(1,j) 1.02288e-08 2.36255e-07 0 0 0 0 0 0 0 
Cov(2,j) 0 0 0.701373 0 0 0 0 0 0 
Cov(3,j) 0 0 0 0.35051 0 0 0 0 0 
Cov(4,j) 0 0 0 0 4.99677e-09 1.25496e-10 0 0 0 
Cov(5,j) 0 0 0 0 1.25496e-10 5.09155e-09 0 0 0 
Cov(6,j) 0 0 0 0 0 0 1.70089e-06 0 0 
Cov(7,j) 0 0 0 0 0 0 0 1.97288e-06 0 
Cov(8,j) 0 0 0 0 0 0 0 0 0.0168535 
EmittanceX 0
EmittanceY 0
BetaStar 0
