Runnumber 353015
BeginTimeOfFit 2022.06.04 04:57:55 GMT 1654318675
EndTimeOfFit 2022.06.04 04:58:18 GMT 1654318698
LumiRange 189 - 189
Type 2
X0 0.175974
Y0 -0.178161
Z0 -0.391486
sigmaZ0 6.3328
dxdz 0.000209231
dydz 0.000226796
BeamWidthX 0.0137468
BeamWidthY 0.0159009
dxdy -0.012366
Cov(0,j) 3.08932e-08 -1.45085e-11 0 0 0 0 0 0 0 
Cov(1,j) -1.45085e-11 3.04742e-08 0 0 0 0 0 0 0 
Cov(2,j) 0 0 0.0883328 0 0 0 0 0 0 
Cov(3,j) 0 0 0 0.0441633 0 0 0 0 0 
Cov(4,j) 0 0 0 0 6.81444e-10 6.0559e-12 0 0 0 
Cov(5,j) 0 0 0 0 6.0559e-12 6.67343e-10 0 0 0 
Cov(6,j) 0 0 0 0 0 0 2.24892e-07 0 0 
Cov(7,j) 0 0 0 0 0 0 0 2.94395e-07 0 
Cov(8,j) 0 0 0 0 0 0 0 0 0.00235202 
EmittanceX 0
EmittanceY 0
BetaStar 0
