Runnumber 353060
BeginTimeOfFit 2022.06.05 04:50:32 GMT 1654404632
EndTimeOfFit 2022.06.05 04:50:56 GMT 1654404656
LumiRange 28 - 28
Type 2
X0 0.170916
Y0 -0.179312
Z0 0.497997
sigmaZ0 6.34836
dxdz 0.000164326
dydz 0.00018442
BeamWidthX 0.011605
BeamWidthY 0.0144863
dxdy 0.0570976
Cov(0,j) 1.49506e-07 1.81653e-09 0 0 0 0 0 0 0 
Cov(1,j) 1.81653e-09 1.46384e-07 0 0 0 0 0 0 0 
Cov(2,j) 0 0 0.639558 0 0 0 0 0 0 
Cov(3,j) 0 0 0 0.319609 0 0 0 0 0 
Cov(4,j) 0 0 0 0 3.3756e-09 9.88316e-11 0 0 0 
Cov(5,j) 0 0 0 0 9.88316e-11 3.17963e-09 0 0 0 
Cov(6,j) 0 0 0 0 0 0 1.15861e-06 0 0 
Cov(7,j) 0 0 0 0 0 0 0 1.76534e-06 0 
Cov(8,j) 0 0 0 0 0 0 0 0 0.0167938 
EmittanceX 0
EmittanceY 0
BetaStar 0
