Runnumber 352568
BeginTimeOfFit 2022.05.29 08:58:56 GMT 1653814736
EndTimeOfFit 2022.05.29 08:59:19 GMT 1653814759
LumiRange 231 - 231
Type 2
X0 0.176197
Y0 -0.182283
Z0 0.522158
sigmaZ0 6.51783
dxdz 0.000206509
dydz 0.000231652
BeamWidthX 0.0149755
BeamWidthY 0.0155603
dxdy -0.107411
Cov(0,j) 6.61354e-08 -5.73963e-10 0 0 0 0 0 0 0 
Cov(1,j) -5.73963e-10 6.46877e-08 0 0 0 0 0 0 0 
Cov(2,j) 0 0 0.232123 0 0 0 0 0 0 
Cov(3,j) 0 0 0 0.116042 0 0 0 0 0 
Cov(4,j) 0 0 0 0 1.47041e-09 -1.24832e-11 0 0 0 
Cov(5,j) 0 0 0 0 -1.24832e-11 1.55219e-09 0 0 0 
Cov(6,j) 0 0 0 0 0 0 6.50594e-07 0 0 
Cov(7,j) 0 0 0 0 0 0 0 7.00875e-07 0 
Cov(8,j) 0 0 0 0 0 0 0 0 0.00566387 
EmittanceX 0
EmittanceY 0
BetaStar 0
