Runnumber 353060
BeginTimeOfFit 2022.06.05 12:40:39 GMT 1654432839
EndTimeOfFit 2022.06.05 12:41:02 GMT 1654432862
LumiRange 1238 - 1238
Type 2
X0 0.165946
Y0 -0.179711
Z0 -0.569093
sigmaZ0 7.35975
dxdz 0.000330184
dydz 0.000132253
BeamWidthX 0.01799
BeamWidthY 0.0192994
dxdy 0.293473
Cov(0,j) 2.12738e-07 -9.28583e-10 0 0 0 0 0 0 0 
Cov(1,j) -9.28583e-10 2.08546e-07 0 0 0 0 0 0 0 
Cov(2,j) 0 0 0.773579 0 0 0 0 0 0 
Cov(3,j) 0 0 0 0.386595 0 0 0 0 0 
Cov(4,j) 0 0 0 0 3.92069e-09 1.24185e-10 0 0 0 
Cov(5,j) 0 0 0 0 1.24185e-10 3.76432e-09 0 0 0 
Cov(6,j) 0 0 0 0 0 0 2.40629e-06 0 0 
Cov(7,j) 0 0 0 0 0 0 0 2.7506e-06 0 
Cov(8,j) 0 0 0 0 0 0 0 0 0.012402 
EmittanceX 0
EmittanceY 0
BetaStar 0
