Runnumber 352493
BeginTimeOfFit 2022.05.28 07:28:08 GMT 1653722888
EndTimeOfFit 2022.05.28 07:28:31 GMT 1653722911
LumiRange 182 - 182
Type 2
X0 0.169537
Y0 -0.181999
Z0 0.474751
sigmaZ0 6.74261
dxdz 0.000202299
dydz 0.000237358
BeamWidthX 0.0133945
BeamWidthY 0.0146394
dxdy 0.018586
Cov(0,j) 3.59547e-08 -1.9953e-10 0 0 0 0 0 0 0 
Cov(1,j) -1.9953e-10 3.53947e-08 0 0 0 0 0 0 0 
Cov(2,j) 0 0 0.147599 0 0 0 0 0 0 
Cov(3,j) 0 0 0 0.0737912 0 0 0 0 0 
Cov(4,j) 0 0 0 0 7.65648e-10 -4.90063e-12 0 0 0 
Cov(5,j) 0 0 0 0 -4.90063e-12 7.5312e-10 0 0 0 
Cov(6,j) 0 0 0 0 0 0 3.16486e-07 0 0 
Cov(7,j) 0 0 0 0 0 0 0 3.70347e-07 0 
Cov(8,j) 0 0 0 0 0 0 0 0 0.00347877 
EmittanceX 0
EmittanceY 0
BetaStar 0
