Runnumber 352568
BeginTimeOfFit 2022.05.29 11:35:30 GMT 1653824130
EndTimeOfFit 2022.05.29 11:35:54 GMT 1653824154
LumiRange 634 - 634
Type 2
X0 0.177875
Y0 -0.182083
Z0 -0.0753974
sigmaZ0 6.38774
dxdz 7.68529e-05
dydz 0.000158882
BeamWidthX 0.0158039
BeamWidthY 0.0167156
dxdy 0.0255404
Cov(0,j) 8.99515e-08 8.27606e-10 0 0 0 0 0 0 0 
Cov(1,j) 8.27606e-10 8.94131e-08 0 0 0 0 0 0 0 
Cov(2,j) 0 0 0.242855 0 0 0 0 0 0 
Cov(3,j) 0 0 0 0.121406 0 0 0 0 0 
Cov(4,j) 0 0 0 0 1.95676e-09 1.89098e-12 0 0 0 
Cov(5,j) 0 0 0 0 1.89098e-12 1.93248e-09 0 0 0 
Cov(6,j) 0 0 0 0 0 0 7.92059e-07 0 0 
Cov(7,j) 0 0 0 0 0 0 0 8.69593e-07 0 
Cov(8,j) 0 0 0 0 0 0 0 0 0.00624545 
EmittanceX 0
EmittanceY 0
BetaStar 0
