Runnumber 353087
BeginTimeOfFit 2022.06.05 15:17:15 GMT 1654442235
EndTimeOfFit 2022.06.05 15:17:38 GMT 1654442258
LumiRange 73 - 73
Type 2
X0 0.172179
Y0 -0.179639
Z0 0.130294
sigmaZ0 7.08403
dxdz 0.000102192
dydz 0.000198381
BeamWidthX 0.0141457
BeamWidthY 0.0137505
dxdy 0.10189
Cov(0,j) 3.29792e-08 3.22072e-10 0 0 0 0 0 0 0 
Cov(1,j) 3.22072e-10 3.25445e-08 0 0 0 0 0 0 0 
Cov(2,j) 0 0 0.142559 0 0 0 0 0 0 
Cov(3,j) 0 0 0 0.0712726 0 0 0 0 0 
Cov(4,j) 0 0 0 0 6.92051e-10 2.55762e-12 0 0 0 
Cov(5,j) 0 0 0 0 2.55762e-12 6.72663e-10 0 0 0 
Cov(6,j) 0 0 0 0 0 0 3.0442e-07 0 0 
Cov(7,j) 0 0 0 0 0 0 0 2.90567e-07 0 
Cov(8,j) 0 0 0 0 0 0 0 0 0.00300154 
EmittanceX 0
EmittanceY 0
BetaStar 0
