Runnumber 353015
BeginTimeOfFit 2022.06.04 04:54:02 GMT 1654318442
EndTimeOfFit 2022.06.04 04:54:25 GMT 1654318465
LumiRange 179 - 179
Type 2
X0 0.176037
Y0 -0.178028
Z0 -0.597337
sigmaZ0 6.20802
dxdz 0.000168094
dydz 0.000198905
BeamWidthX 0.0150613
BeamWidthY 0.0146444
dxdy -0.0306885
Cov(0,j) 2.94102e-08 -1.26901e-10 0 0 0 0 0 0 0 
Cov(1,j) -1.26901e-10 2.90951e-08 0 0 0 0 0 0 0 
Cov(2,j) 0 0 0.0908923 0 0 0 0 0 0 
Cov(3,j) 0 0 0 0.0454428 0 0 0 0 0 
Cov(4,j) 0 0 0 0 6.77314e-10 -1.42654e-12 0 0 0 
Cov(5,j) 0 0 0 0 -1.42654e-12 6.63363e-10 0 0 0 
Cov(6,j) 0 0 0 0 0 0 2.83641e-07 0 0 
Cov(7,j) 0 0 0 0 0 0 0 2.69032e-07 0 
Cov(8,j) 0 0 0 0 0 0 0 0 0.002494 
EmittanceX 0
EmittanceY 0
BetaStar 0
