Runnumber 352493
BeginTimeOfFit 2022.05.28 06:34:08 GMT 1653719648
EndTimeOfFit 2022.05.28 06:34:31 GMT 1653719671
LumiRange 43 - 43
Type 2
X0 0.170947
Y0 -0.182353
Z0 0.731199
sigmaZ0 6.15476
dxdz 0.000123037
dydz 0.000161066
BeamWidthX 0.0136356
BeamWidthY 0.014365
dxdy 0.00318202
Cov(0,j) 3.05969e-08 -9.09278e-11 0 0 0 0 0 0 0 
Cov(1,j) -9.09278e-11 3.01589e-08 0 0 0 0 0 0 0 
Cov(2,j) 0 0 0.102655 0 0 0 0 0 0 
Cov(3,j) 0 0 0 0.0513235 0 0 0 0 0 
Cov(4,j) 0 0 0 0 8.37741e-10 -1.10647e-11 0 0 0 
Cov(5,j) 0 0 0 0 -1.10647e-11 8.21098e-10 0 0 0 
Cov(6,j) 0 0 0 0 0 0 2.71478e-07 0 0 
Cov(7,j) 0 0 0 0 0 0 0 2.98218e-07 0 
Cov(8,j) 0 0 0 0 0 0 0 0 0.00290024 
EmittanceX 0
EmittanceY 0
BetaStar 0
