Runnumber 352567
BeginTimeOfFit 2022.05.29 07:01:35 GMT 1653807695
EndTimeOfFit 2022.05.29 07:01:59 GMT 1653807719
LumiRange 57 - 57
Type 2
X0 0.176799
Y0 -0.182342
Z0 -0.0895203
sigmaZ0 6.15607
dxdz 0.000104839
dydz 0.000150256
BeamWidthX 0.0143419
BeamWidthY 0.0130136
dxdy -0.0197026
Cov(0,j) 3.88179e-08 6.56021e-10 0 0 0 0 0 0 0 
Cov(1,j) 6.56021e-10 3.80728e-08 0 0 0 0 0 0 0 
Cov(2,j) 0 0 0.136806 0 0 0 0 0 0 
Cov(3,j) 0 0 0 0.068396 0 0 0 0 0 
Cov(4,j) 0 0 0 0 8.94818e-10 1.17979e-11 0 0 0 
Cov(5,j) 0 0 0 0 1.17979e-11 8.84899e-10 0 0 0 
Cov(6,j) 0 0 0 0 0 0 3.98474e-07 0 0 
Cov(7,j) 0 0 0 0 0 0 0 3.34018e-07 0 
Cov(8,j) 0 0 0 0 0 0 0 0 0.00389895 
EmittanceX 0
EmittanceY 0
BetaStar 0
