Runnumber 353087
BeginTimeOfFit 2022.06.05 15:44:04 GMT 1654443844
EndTimeOfFit 2022.06.05 15:44:27 GMT 1654443867
LumiRange 142 - 142
Type 2
X0 0.172552
Y0 -0.180613
Z0 0.976077
sigmaZ0 7.2435
dxdz 0.000137191
dydz 0.000145353
BeamWidthX 0.0131475
BeamWidthY 0.0138019
dxdy 0.0509243
Cov(0,j) 3.29381e-08 -2.75045e-10 0 0 0 0 0 0 0 
Cov(1,j) -2.75045e-10 3.26732e-08 0 0 0 0 0 0 0 
Cov(2,j) 0 0 0.158028 0 0 0 0 0 0 
Cov(3,j) 0 0 0 0.0790062 0 0 0 0 0 
Cov(4,j) 0 0 0 0 6.30671e-10 -4.70125e-12 0 0 0 
Cov(5,j) 0 0 0 0 -4.70125e-12 6.31598e-10 0 0 0 
Cov(6,j) 0 0 0 0 0 0 2.82441e-07 0 0 
Cov(7,j) 0 0 0 0 0 0 0 3.06899e-07 0 
Cov(8,j) 0 0 0 0 0 0 0 0 0.00322454 
EmittanceX 0
EmittanceY 0
BetaStar 0
