Runnumber 353709
BeginTimeOfFit 2022.06.13 12:28:37 GMT 1655123317
EndTimeOfFit 2022.06.13 12:29:00 GMT 1655123340
LumiRange 135 - 135
Type 2
X0 0.173839
Y0 -0.179872
Z0 1.92721
sigmaZ0 7.09816
dxdz 0.000233421
dydz 0.00011976
BeamWidthX 0.0168782
BeamWidthY 0.0194656
dxdy -0.0031832
Cov(0,j) 1.10059e-07 3.11677e-10 0 0 0 0 0 0 0 
Cov(1,j) 3.11677e-10 1.11959e-07 0 0 0 0 0 0 0 
Cov(2,j) 0 0 0.331432 0 0 0 0 0 0 
Cov(3,j) 0 0 0 0.16568 0 0 0 0 0 
Cov(4,j) 0 0 0 0 2.00597e-09 4.33349e-12 0 0 0 
Cov(5,j) 0 0 0 0 4.33349e-12 1.98681e-09 0 0 0 
Cov(6,j) 0 0 0 0 0 0 9.83806e-07 0 0 
Cov(7,j) 0 0 0 0 0 0 0 1.297e-06 0 
Cov(8,j) 0 0 0 0 0 0 0 0 0.00688202 
EmittanceX 0
EmittanceY 0
BetaStar 0
