Runnumber 352568
BeginTimeOfFit 2022.05.29 09:26:54 GMT 1653816414
EndTimeOfFit 2022.05.29 09:27:18 GMT 1653816438
LumiRange 303 - 303
Type 2
X0 0.17672
Y0 -0.181265
Z0 0.00117167
sigmaZ0 6.6237
dxdz 7.79924e-05
dydz 0.000195276
BeamWidthX 0.0153563
BeamWidthY 0.0148791
dxdy -0.0708094
Cov(0,j) 6.89469e-08 9.42975e-10 0 0 0 0 0 0 0 
Cov(1,j) 9.42975e-10 6.81683e-08 0 0 0 0 0 0 0 
Cov(2,j) 0 0 0.226133 0 0 0 0 0 0 
Cov(3,j) 0 0 0 0.113048 0 0 0 0 0 
Cov(4,j) 0 0 0 0 1.67329e-09 -1.54741e-11 0 0 0 
Cov(5,j) 0 0 0 0 -1.54741e-11 1.63591e-09 0 0 0 
Cov(6,j) 0 0 0 0 0 0 6.45165e-07 0 0 
Cov(7,j) 0 0 0 0 0 0 0 6.08166e-07 0 
Cov(8,j) 0 0 0 0 0 0 0 0 0.00542256 
EmittanceX 0
EmittanceY 0
BetaStar 0
