Runnumber 352509
BeginTimeOfFit 2022.05.28 12:25:23 GMT 1653740723
EndTimeOfFit 2022.05.28 12:25:47 GMT 1653740747
LumiRange 280 - 280
Type 2
X0 0.170591
Y0 -0.18116
Z0 -0.336386
sigmaZ0 7.49379
dxdz 0.000103133
dydz 0.000236926
BeamWidthX 0.0160096
BeamWidthY 0.016863
dxdy 0.0712094
Cov(0,j) 9.82384e-08 1.16476e-09 0 0 0 0 0 0 0 
Cov(1,j) 1.16476e-09 1.0189e-07 0 0 0 0 0 0 0 
Cov(2,j) 0 0 0.456483 0 0 0 0 0 0 
Cov(3,j) 0 0 0 0.228176 0 0 0 0 0 
Cov(4,j) 0 0 0 0 1.73797e-09 3.04101e-11 0 0 0 
Cov(5,j) 0 0 0 0 3.04101e-11 1.68056e-09 0 0 0 
Cov(6,j) 0 0 0 0 0 0 1.09849e-06 0 0 
Cov(7,j) 0 0 0 0 0 0 0 1.22414e-06 0 
Cov(8,j) 0 0 0 0 0 0 0 0 0.00849134 
EmittanceX 0
EmittanceY 0
BetaStar 0
