Runnumber 353060
BeginTimeOfFit 2022.06.05 11:59:28 GMT 1654430368
EndTimeOfFit 2022.06.05 11:59:51 GMT 1654430391
LumiRange 1132 - 1132
Type 2
X0 0.166144
Y0 -0.18193
Z0 0.81821
sigmaZ0 7.93516
dxdz 0.000108686
dydz 0.000167059
BeamWidthX 0.0158489
BeamWidthY 0.0153789
dxdy 0.0284981
Cov(0,j) 1.44496e-07 1.90753e-09 0 0 0 0 0 0 0 
Cov(1,j) 1.90753e-09 1.41894e-07 0 0 0 0 0 0 0 
Cov(2,j) 0 0 0.707307 0 0 0 0 0 0 
Cov(3,j) 0 0 0 0.353508 0 0 0 0 0 
Cov(4,j) 0 0 0 0 2.49541e-09 4.46993e-11 0 0 0 
Cov(5,j) 0 0 0 0 4.46993e-11 2.37796e-09 0 0 0 
Cov(6,j) 0 0 0 0 0 0 1.49381e-06 0 0 
Cov(7,j) 0 0 0 0 0 0 0 1.41148e-06 0 
Cov(8,j) 0 0 0 0 0 0 0 0 0.0118386 
EmittanceX 0
EmittanceY 0
BetaStar 0
