Runnumber 352931
BeginTimeOfFit 2022.06.03 13:07:29 GMT 1654261649
EndTimeOfFit 2022.06.03 13:07:52 GMT 1654261672
LumiRange 256 - 256
Type 2
X0 0.170334
Y0 -0.180218
Z0 -1.01593
sigmaZ0 7.62951
dxdz 0.000218393
dydz 0.000122764
BeamWidthX 0.0147181
BeamWidthY 0.0162163
dxdy 0.0515207
Cov(0,j) 2.17303e-07 2.8803e-09 0 0 0 0 0 0 0 
Cov(1,j) 2.8803e-09 2.22422e-07 0 0 0 0 0 0 0 
Cov(2,j) 0 0 0.969811 0 0 0 0 0 0 
Cov(3,j) 0 0 0 0.484621 0 0 0 0 0 
Cov(4,j) 0 0 0 0 3.62641e-09 7.37067e-11 0 0 0 
Cov(5,j) 0 0 0 0 7.37067e-11 3.92207e-09 0 0 0 
Cov(6,j) 0 0 0 0 0 0 1.91851e-06 0 0 
Cov(7,j) 0 0 0 0 0 0 0 2.31417e-06 0 
Cov(8,j) 0 0 0 0 0 0 0 0 0.0174427 
EmittanceX 0
EmittanceY 0
BetaStar 0
