Runnumber 352568
BeginTimeOfFit 2022.05.29 09:03:36 GMT 1653815016
EndTimeOfFit 2022.05.29 09:03:59 GMT 1653815039
LumiRange 243 - 243
Type 2
X0 0.175945
Y0 -0.182203
Z0 0.458263
sigmaZ0 6.06127
dxdz 9.95388e-05
dydz 0.000255149
BeamWidthX 0.0145538
BeamWidthY 0.0162222
dxdy -0.00298496
Cov(0,j) 6.91329e-08 5.74845e-10 0 0 0 0 0 0 0 
Cov(1,j) 5.74845e-10 6.88334e-08 0 0 0 0 0 0 0 
Cov(2,j) 0 0 0.20409 0 0 0 0 0 0 
Cov(3,j) 0 0 0 0.102029 0 0 0 0 0 
Cov(4,j) 0 0 0 0 1.63701e-09 -6.20567e-12 0 0 0 
Cov(5,j) 0 0 0 0 -6.20567e-12 1.63015e-09 0 0 0 
Cov(6,j) 0 0 0 0 0 0 6.31082e-07 0 0 
Cov(7,j) 0 0 0 0 0 0 0 7.73133e-07 0 
Cov(8,j) 0 0 0 0 0 0 0 0 0.00588824 
EmittanceX 0
EmittanceY 0
BetaStar 0
