Runnumber 352931
BeginTimeOfFit 2022.06.03 11:41:37 GMT 1654256497
EndTimeOfFit 2022.06.03 11:42:00 GMT 1654256520
LumiRange 35 - 35
Type 2
X0 0.170152
Y0 -0.181228
Z0 0.341343
sigmaZ0 7.79384
dxdz 0.000128218
dydz 0.000249398
BeamWidthX 0.0164201
BeamWidthY 0.0158687
dxdy 0.0221706
Cov(0,j) 7.9062e-08 -1.39445e-09 0 0 0 0 0 0 0 
Cov(1,j) -1.39445e-09 7.63301e-08 0 0 0 0 0 0 0 
Cov(2,j) 0 0 0.359384 0 0 0 0 0 0 
Cov(3,j) 0 0 0 0.179644 0 0 0 0 0 
Cov(4,j) 0 0 0 0 1.31655e-09 -3.03656e-11 0 0 0 
Cov(5,j) 0 0 0 0 -3.03656e-11 1.26083e-09 0 0 0 
Cov(6,j) 0 0 0 0 0 0 8.38019e-07 0 0 
Cov(7,j) 0 0 0 0 0 0 0 7.84239e-07 0 
Cov(8,j) 0 0 0 0 0 0 0 0 0.00618817 
EmittanceX 0
EmittanceY 0
BetaStar 0
