Runnumber 353060
BeginTimeOfFit 2022.06.05 11:13:37 GMT 1654427617
EndTimeOfFit 2022.06.05 11:14:00 GMT 1654427640
LumiRange 1014 - 1014
Type 2
X0 0.167675
Y0 -0.179723
Z0 0.0563182
sigmaZ0 7.53069
dxdz 0.000152239
dydz 0.000204399
BeamWidthX 0.0177177
BeamWidthY 0.018453
dxdy -0.105818
Cov(0,j) 1.65612e-07 -7.27899e-10 0 0 0 0 0 0 0 
Cov(1,j) -7.27899e-10 1.59622e-07 0 0 0 0 0 0 0 
Cov(2,j) 0 0 0.510816 0 0 0 0 0 0 
Cov(3,j) 0 0 0 0.255326 0 0 0 0 0 
Cov(4,j) 0 0 0 0 2.91522e-09 4.11667e-11 0 0 0 
Cov(5,j) 0 0 0 0 4.11667e-11 2.83689e-09 0 0 0 
Cov(6,j) 0 0 0 0 0 0 1.48017e-06 0 0 
Cov(7,j) 0 0 0 0 0 0 0 1.59969e-06 0 
Cov(8,j) 0 0 0 0 0 0 0 0 0.00916522 
EmittanceX 0
EmittanceY 0
BetaStar 0
