Runnumber 353689
BeginTimeOfFit 2022.06.13 08:39:45 GMT 1655109585
EndTimeOfFit 2022.06.13 08:40:09 GMT 1655109609
LumiRange 111 - 111
Type 2
X0 0.171564
Y0 -0.181727
Z0 0.892507
sigmaZ0 6.08076
dxdz 9.67452e-05
dydz 0.000192581
BeamWidthX 0.0146737
BeamWidthY 0.0149406
dxdy 0.0799481
Cov(0,j) 4.06336e-08 2.5657e-10 0 0 0 0 0 0 0 
Cov(1,j) 2.5657e-10 3.99497e-08 0 0 0 0 0 0 0 
Cov(2,j) 0 0 0.112043 0 0 0 0 0 0 
Cov(3,j) 0 0 0 0.0560166 0 0 0 0 0 
Cov(4,j) 0 0 0 0 1.02187e-09 -2.63018e-12 0 0 0 
Cov(5,j) 0 0 0 0 -2.63018e-12 1.01551e-09 0 0 0 
Cov(6,j) 0 0 0 0 0 0 3.48071e-07 0 0 
Cov(7,j) 0 0 0 0 0 0 0 3.5931e-07 0 
Cov(8,j) 0 0 0 0 0 0 0 0 0.00319118 
EmittanceX 0
EmittanceY 0
BetaStar 0
