Runnumber 353709
BeginTimeOfFit 2022.06.13 12:09:58 GMT 1655122198
EndTimeOfFit 2022.06.13 12:10:21 GMT 1655122221
LumiRange 87 - 87
Type 2
X0 0.173624
Y0 -0.181506
Z0 0.454713
sigmaZ0 6.77957
dxdz 0.000209639
dydz 0.000196144
BeamWidthX 0.0176945
BeamWidthY 0.0175135
dxdy 0.0186311
Cov(0,j) 9.80671e-08 -5.20823e-10 0 0 0 0 0 0 0 
Cov(1,j) -5.20823e-10 9.75202e-08 0 0 0 0 0 0 0 
Cov(2,j) 0 0 0.261126 0 0 0 0 0 0 
Cov(3,j) 0 0 0 0.13054 0 0 0 0 0 
Cov(4,j) 0 0 0 0 1.72755e-09 -2.36777e-11 0 0 0 
Cov(5,j) 0 0 0 0 -2.36777e-11 1.69883e-09 0 0 0 
Cov(6,j) 0 0 0 0 0 0 9.27714e-07 0 0 
Cov(7,j) 0 0 0 0 0 0 0 9.18277e-07 0 
Cov(8,j) 0 0 0 0 0 0 0 0 0.00593233 
EmittanceX 0
EmittanceY 0
BetaStar 0
