Runnumber 353087
BeginTimeOfFit 2022.06.05 15:40:57 GMT 1654443657
EndTimeOfFit 2022.06.05 15:41:20 GMT 1654443680
LumiRange 134 - 134
Type 2
X0 0.171479
Y0 -0.180253
Z0 0.0438888
sigmaZ0 6.92255
dxdz 0.000120586
dydz 0.000108017
BeamWidthX 0.0128516
BeamWidthY 0.0149502
dxdy 0.0102168
Cov(0,j) 1.97482e-07 1.6185e-09 0 0 0 0 0 0 0 
Cov(1,j) 1.6185e-09 2.03107e-07 0 0 0 0 0 0 0 
Cov(2,j) 0 0 0.737057 0 0 0 0 0 0 
Cov(3,j) 0 0 0 0.368349 0 0 0 0 0 
Cov(4,j) 0 0 0 0 3.86943e-09 5.65973e-11 0 0 0 
Cov(5,j) 0 0 0 0 5.65973e-11 3.95876e-09 0 0 0 
Cov(6,j) 0 0 0 0 0 0 1.37624e-06 0 0 
Cov(7,j) 0 0 0 0 0 0 0 1.8541e-06 0 
Cov(8,j) 0 0 0 0 0 0 0 0 0.0166866 
EmittanceX 0
EmittanceY 0
BetaStar 0
