Runnumber 352493
BeginTimeOfFit 2022.05.28 07:17:15 GMT 1653722235
EndTimeOfFit 2022.05.28 07:17:38 GMT 1653722258
LumiRange 154 - 154
Type 2
X0 0.170047
Y0 -0.182246
Z0 0.154705
sigmaZ0 6.14281
dxdz 0.000134632
dydz 0.00013712
BeamWidthX 0.0136185
BeamWidthY 0.0143441
dxdy 0.0204625
Cov(0,j) 3.38629e-08 -4.63986e-10 0 0 0 0 0 0 0 
Cov(1,j) -4.63986e-10 3.37027e-08 0 0 0 0 0 0 0 
Cov(2,j) 0 0 0.112972 0 0 0 0 0 0 
Cov(3,j) 0 0 0 0.0564809 0 0 0 0 0 
Cov(4,j) 0 0 0 0 7.67623e-10 -3.23776e-11 0 0 0 
Cov(5,j) 0 0 0 0 -3.23776e-11 7.49436e-10 0 0 0 
Cov(6,j) 0 0 0 0 0 0 2.97636e-07 0 0 
Cov(7,j) 0 0 0 0 0 0 0 3.28736e-07 0 
Cov(8,j) 0 0 0 0 0 0 0 0 0.00319469 
EmittanceX 0
EmittanceY 0
BetaStar 0
