Runnumber 352568
BeginTimeOfFit 2022.05.29 07:51:43 GMT 1653810703
EndTimeOfFit 2022.05.29 07:52:07 GMT 1653810727
LumiRange 58 - 58
Type 2
X0 0.177017
Y0 -0.181369
Z0 -0.00258307
sigmaZ0 7.12511
dxdz 0.000253961
dydz 0.000233405
BeamWidthX 0.01457
BeamWidthY 0.0144128
dxdy -0.0905411
Cov(0,j) 4.98445e-08 7.12883e-10 0 0 0 0 0 0 0 
Cov(1,j) 7.12883e-10 4.90316e-08 0 0 0 0 0 0 0 
Cov(2,j) 0 0 0.208903 0 0 0 0 0 0 
Cov(3,j) 0 0 0 0.104435 0 0 0 0 0 
Cov(4,j) 0 0 0 0 9.83681e-10 8.5033e-12 0 0 0 
Cov(5,j) 0 0 0 0 8.5033e-12 9.54533e-10 0 0 0 
Cov(6,j) 0 0 0 0 0 0 4.71059e-07 0 0 
Cov(7,j) 0 0 0 0 0 0 0 4.61646e-07 0 
Cov(8,j) 0 0 0 0 0 0 0 0 0.00435673 
EmittanceX 0
EmittanceY 0
BetaStar 0
