Runnumber 353709
BeginTimeOfFit 2022.06.13 12:18:07 GMT 1655122687
EndTimeOfFit 2022.06.13 12:18:31 GMT 1655122711
LumiRange 108 - 108
Type 2
X0 0.172898
Y0 -0.180624
Z0 1.36957
sigmaZ0 6.67007
dxdz 9.2791e-05
dydz 0.000105753
BeamWidthX 0.0169012
BeamWidthY 0.0199284
dxdy -0.0539051
Cov(0,j) 1.12697e-07 7.54938e-10 0 0 0 0 0 0 0 
Cov(1,j) 7.54938e-10 1.11828e-07 0 0 0 0 0 0 0 
Cov(2,j) 0 0 0.263228 0 0 0 0 0 0 
Cov(3,j) 0 0 0 0.13159 0 0 0 0 0 
Cov(4,j) 0 0 0 0 1.98416e-09 3.41231e-11 0 0 0 
Cov(5,j) 0 0 0 0 3.41231e-11 2.05732e-09 0 0 0 
Cov(6,j) 0 0 0 0 0 0 8.87755e-07 0 0 
Cov(7,j) 0 0 0 0 0 0 0 1.21854e-06 0 
Cov(8,j) 0 0 0 0 0 0 0 0 0.00611364 
EmittanceX 0
EmittanceY 0
BetaStar 0
