Runnumber 352931
BeginTimeOfFit 2022.06.03 13:13:41 GMT 1654262021
EndTimeOfFit 2022.06.03 13:14:05 GMT 1654262045
LumiRange 272 - 272
Type 2
X0 0.168956
Y0 -0.179597
Z0 0.509483
sigmaZ0 7.51424
dxdz 0.000180749
dydz 0.000199501
BeamWidthX 0.0171286
BeamWidthY 0.0162551
dxdy 0.0299304
Cov(0,j) 1.04003e-07 -2.4435e-10 0 0 0 0 0 0 0 
Cov(1,j) -2.4435e-10 1.01367e-07 0 0 0 0 0 0 0 
Cov(2,j) 0 0 0.392054 0 0 0 0 0 0 
Cov(3,j) 0 0 0 0.19598 0 0 0 0 0 
Cov(4,j) 0 0 0 0 1.7522e-09 8.82687e-12 0 0 0 
Cov(5,j) 0 0 0 0 8.82687e-12 1.72901e-09 0 0 0 
Cov(6,j) 0 0 0 0 0 0 1.06938e-06 0 0 
Cov(7,j) 0 0 0 0 0 0 0 9.64956e-07 0 
Cov(8,j) 0 0 0 0 0 0 0 0 0.00727389 
EmittanceX 0
EmittanceY 0
BetaStar 0
