Runnumber 352425
BeginTimeOfFit 2022.05.27 10:12:32 GMT 1653646352
EndTimeOfFit 2022.05.27 10:12:55 GMT 1653646375
LumiRange 139 - 139
Type 2
X0 0.170305
Y0 -0.180917
Z0 0.0674996
sigmaZ0 7.01859
dxdz 0.00025565
dydz 0.000250119
BeamWidthX 0.0160405
BeamWidthY 0.0153213
dxdy -0.00378483
Cov(0,j) 1.00933e-07 -2.27768e-10 0 0 0 0 0 0 0 
Cov(1,j) -2.27768e-10 1.00227e-07 0 0 0 0 0 0 0 
Cov(2,j) 0 0 0.356914 0 0 0 0 0 0 
Cov(3,j) 0 0 0 0.178411 0 0 0 0 0 
Cov(4,j) 0 0 0 0 1.96868e-09 -3.48165e-11 0 0 0 
Cov(5,j) 0 0 0 0 -3.48165e-11 1.90622e-09 0 0 0 
Cov(6,j) 0 0 0 0 0 0 9.83993e-07 0 0 
Cov(7,j) 0 0 0 0 0 0 0 9.09788e-07 0 
Cov(8,j) 0 0 0 0 0 0 0 0 0.00764026 
EmittanceX 0
EmittanceY 0
BetaStar 0
