Runnumber 352509
BeginTimeOfFit 2022.05.28 11:53:55 GMT 1653738835
EndTimeOfFit 2022.05.28 11:54:18 GMT 1653738858
LumiRange 199 - 199
Type 2
X0 0.170221
Y0 -0.181183
Z0 -0.894524
sigmaZ0 7.63878
dxdz 0.000130741
dydz 0.000245334
BeamWidthX 0.018098
BeamWidthY 0.01721
dxdy 0.0386216
Cov(0,j) 9.48218e-08 7.78883e-10 0 0 0 0 0 0 0 
Cov(1,j) 7.78883e-10 9.33254e-08 0 0 0 0 0 0 0 
Cov(2,j) 0 0 0.339208 0 0 0 0 0 0 
Cov(3,j) 0 0 0 0.169569 0 0 0 0 0 
Cov(4,j) 0 0 0 0 1.63357e-09 -6.17687e-12 0 0 0 
Cov(5,j) 0 0 0 0 -6.17687e-12 1.60382e-09 0 0 0 
Cov(6,j) 0 0 0 0 0 0 9.93289e-07 0 0 
Cov(7,j) 0 0 0 0 0 0 0 9.01629e-07 0 
Cov(8,j) 0 0 0 0 0 0 0 0 0.00603996 
EmittanceX 0
EmittanceY 0
BetaStar 0
