Runnumber 352493
BeginTimeOfFit 2022.05.28 06:57:50 GMT 1653721070
EndTimeOfFit 2022.05.28 06:58:13 GMT 1653721093
LumiRange 104 - 104
Type 2
X0 0.168507
Y0 -0.182547
Z0 0.81747
sigmaZ0 6.33925
dxdz 0.000269656
dydz 0.000291846
BeamWidthX 0.0129329
BeamWidthY 0.016439
dxdy -0.196114
Cov(0,j) 1.78817e-07 3.3248e-10 0 0 0 0 0 0 0 
Cov(1,j) 3.3248e-10 1.78024e-07 0 0 0 0 0 0 0 
Cov(2,j) 0 0 0.627761 0 0 0 0 0 0 
Cov(3,j) 0 0 0 0.313696 0 0 0 0 0 
Cov(4,j) 0 0 0 0 4.65505e-09 5.26036e-11 0 0 0 
Cov(5,j) 0 0 0 0 5.26036e-11 4.58584e-09 0 0 0 
Cov(6,j) 0 0 0 0 0 0 1.40948e-06 0 0 
Cov(7,j) 0 0 0 0 0 0 0 2.24248e-06 0 
Cov(8,j) 0 0 0 0 0 0 0 0 0.015382 
EmittanceX 0
EmittanceY 0
BetaStar 0
