Runnumber 353706
BeginTimeOfFit 2022.06.13 10:27:34 GMT 1655116054
EndTimeOfFit 2022.06.13 10:27:58 GMT 1655116078
LumiRange 23 - 23
Type 2
X0 0.171341
Y0 -0.181881
Z0 1.10174
sigmaZ0 7.04546
dxdz 0.000130181
dydz 0.000215048
BeamWidthX 0.0158503
BeamWidthY 0.017036
dxdy -0.00612253
Cov(0,j) 6.86809e-08 -6.25949e-10 0 0 0 0 0 0 0 
Cov(1,j) -6.25949e-10 6.61574e-08 0 0 0 0 0 0 0 
Cov(2,j) 0 0 0.214868 0 0 0 0 0 0 
Cov(3,j) 0 0 0 0.107419 0 0 0 0 0 
Cov(4,j) 0 0 0 0 1.27848e-09 -1.75928e-11 0 0 0 
Cov(5,j) 0 0 0 0 -1.75928e-11 1.23615e-09 0 0 0 
Cov(6,j) 0 0 0 0 0 0 5.77627e-07 0 0 
Cov(7,j) 0 0 0 0 0 0 0 6.62726e-07 0 
Cov(8,j) 0 0 0 0 0 0 0 0 0.00455893 
EmittanceX 0
EmittanceY 0
BetaStar 0
