Runnumber 352422
BeginTimeOfFit 2022.05.27 09:14:47 GMT 1653642887
EndTimeOfFit 2022.05.27 09:15:11 GMT 1653642911
LumiRange 12 - 12
Type 2
X0 0.168994
Y0 -0.182293
Z0 0.370731
sigmaZ0 7.44943
dxdz 0.000173378
dydz 0.000327339
BeamWidthX 0.0151368
BeamWidthY 0.0147113
dxdy -0.108828
Cov(0,j) 7.97457e-08 -1.00841e-09 0 0 0 0 0 0 0 
Cov(1,j) -1.00841e-09 8.04582e-08 0 0 0 0 0 0 0 
Cov(2,j) 0 0 0.385321 0 0 0 0 0 0 
Cov(3,j) 0 0 0 0.192625 0 0 0 0 0 
Cov(4,j) 0 0 0 0 1.63685e-09 2.17907e-11 0 0 0 
Cov(5,j) 0 0 0 0 2.17907e-11 1.58952e-09 0 0 0 
Cov(6,j) 0 0 0 0 0 0 8.4318e-07 0 0 
Cov(7,j) 0 0 0 0 0 0 0 7.97499e-07 0 
Cov(8,j) 0 0 0 0 0 0 0 0 0.0071713 
EmittanceX 0
EmittanceY 0
BetaStar 0
