Runnumber 353018
BeginTimeOfFit 2022.06.04 08:06:44 GMT 1654330004
EndTimeOfFit 2022.06.04 08:07:08 GMT 1654330028
LumiRange 265 - 265
Type 2
X0 0.175294
Y0 -0.184012
Z0 0.518643
sigmaZ0 6.8619
dxdz 0.000144193
dydz 0.000244356
BeamWidthX 0.0149632
BeamWidthY 0.0145135
dxdy 0.0305512
Cov(0,j) 3.75776e-08 1.15898e-10 0 0 0 0 0 0 0 
Cov(1,j) 1.15898e-10 3.65495e-08 0 0 0 0 0 0 0 
Cov(2,j) 0 0 0.145319 0 0 0 0 0 0 
Cov(3,j) 0 0 0 0.0726522 0 0 0 0 0 
Cov(4,j) 0 0 0 0 7.93025e-10 1.61387e-12 0 0 0 
Cov(5,j) 0 0 0 0 1.61387e-12 7.42308e-10 0 0 0 
Cov(6,j) 0 0 0 0 0 0 3.66968e-07 0 0 
Cov(7,j) 0 0 0 0 0 0 0 3.48629e-07 0 
Cov(8,j) 0 0 0 0 0 0 0 0 0.00329002 
EmittanceX 0
EmittanceY 0
BetaStar 0
