Runnumber 352493
BeginTimeOfFit 2022.05.28 07:29:41 GMT 1653722981
EndTimeOfFit 2022.05.28 07:30:04 GMT 1653723004
LumiRange 186 - 186
Type 2
X0 0.169698
Y0 -0.18236
Z0 0.440009
sigmaZ0 6.72791
dxdz 0.00017285
dydz 0.000190954
BeamWidthX 0.0146346
BeamWidthY 0.0140195
dxdy 0.0338671
Cov(0,j) 3.87099e-08 3.691e-10 0 0 0 0 0 0 0 
Cov(1,j) 3.691e-10 3.75275e-08 0 0 0 0 0 0 0 
Cov(2,j) 0 0 0.149381 0 0 0 0 0 0 
Cov(3,j) 0 0 0 0.0746828 0 0 0 0 0 
Cov(4,j) 0 0 0 0 8.39162e-10 1.4754e-11 0 0 0 
Cov(5,j) 0 0 0 0 1.4754e-11 8.38313e-10 0 0 0 
Cov(6,j) 0 0 0 0 0 0 3.78015e-07 0 0 
Cov(7,j) 0 0 0 0 0 0 0 3.46969e-07 0 
Cov(8,j) 0 0 0 0 0 0 0 0 0.00351125 
EmittanceX 0
EmittanceY 0
BetaStar 0
