Runnumber 353018
BeginTimeOfFit 2022.06.04 08:46:46 GMT 1654332406
EndTimeOfFit 2022.06.04 08:47:09 GMT 1654332429
LumiRange 368 - 368
Type 2
X0 0.188518
Y0 -0.180366
Z0 -0.0812451
sigmaZ0 6.87478
dxdz 3.73225e-05
dydz 0.000166631
BeamWidthX 0.0137075
BeamWidthY 0.0152788
dxdy 0.0609191
Cov(0,j) 3.90689e-08 1.59142e-10 0 0 0 0 0 0 0 
Cov(1,j) 1.59142e-10 3.85863e-08 0 0 0 0 0 0 0 
Cov(2,j) 0 0 0.181767 0 0 0 0 0 0 
Cov(3,j) 0 0 0 0.0908723 0 0 0 0 0 
Cov(4,j) 0 0 0 0 7.78624e-10 5.2512e-12 0 0 0 
Cov(5,j) 0 0 0 0 5.2512e-12 7.55299e-10 0 0 0 
Cov(6,j) 0 0 0 0 0 0 3.92905e-07 0 0 
Cov(7,j) 0 0 0 0 0 0 0 4.78978e-07 0 
Cov(8,j) 0 0 0 0 0 0 0 0 0.00408909 
EmittanceX 0
EmittanceY 0
BetaStar 0
