Runnumber 352503
BeginTimeOfFit 2022.05.28 09:10:57 GMT 1653729057
EndTimeOfFit 2022.05.28 09:11:21 GMT 1653729081
LumiRange 26 - 26
Type 2
X0 0.170017
Y0 -0.180188
Z0 -1.04027
sigmaZ0 7.43604
dxdz 0.000126288
dydz 0.000278416
BeamWidthX 0.0157028
BeamWidthY 0.0156858
dxdy 0.046389
Cov(0,j) 5.98385e-08 6.5053e-10 0 0 0 0 0 0 0 
Cov(1,j) 6.5053e-10 5.83101e-08 0 0 0 0 0 0 0 
Cov(2,j) 0 0 0.241441 0 0 0 0 0 0 
Cov(3,j) 0 0 0 0.120699 0 0 0 0 0 
Cov(4,j) 0 0 0 0 1.08919e-09 1.85446e-11 0 0 0 
Cov(5,j) 0 0 0 0 1.85446e-11 1.07517e-09 0 0 0 
Cov(6,j) 0 0 0 0 0 0 5.69646e-07 0 0 
Cov(7,j) 0 0 0 0 0 0 0 5.66678e-07 0 
Cov(8,j) 0 0 0 0 0 0 0 0 0.00457246 
EmittanceX 0
EmittanceY 0
BetaStar 0
