Runnumber 353060
BeginTimeOfFit 2022.06.05 06:15:14 GMT 1654409714
EndTimeOfFit 2022.06.05 06:15:37 GMT 1654409737
LumiRange 246 - 246
Type 2
X0 0.167711
Y0 -0.179802
Z0 1.21709
sigmaZ0 7.16132
dxdz 0.000100331
dydz 0.000234763
BeamWidthX 0.0135178
BeamWidthY 0.0153547
dxdy -0.0326751
Cov(0,j) 4.22221e-08 8.44818e-11 0 0 0 0 0 0 0 
Cov(1,j) 8.44818e-11 4.11827e-08 0 0 0 0 0 0 0 
Cov(2,j) 0 0 0.187157 0 0 0 0 0 0 
Cov(3,j) 0 0 0 0.0935664 0 0 0 0 0 
Cov(4,j) 0 0 0 0 7.91159e-10 -1.31601e-11 0 0 0 
Cov(5,j) 0 0 0 0 -1.31601e-11 7.68378e-10 0 0 0 
Cov(6,j) 0 0 0 0 0 0 3.60033e-07 0 0 
Cov(7,j) 0 0 0 0 0 0 0 4.54727e-07 0 
Cov(8,j) 0 0 0 0 0 0 0 0 0.0038784 
EmittanceX 0
EmittanceY 0
BetaStar 0
