Runnumber 352508
BeginTimeOfFit 2022.05.28 10:22:00 GMT 1653733320
EndTimeOfFit 2022.05.28 10:22:23 GMT 1653733343
LumiRange 3 - 3
Type 2
X0 0.170975
Y0 -0.181246
Z0 -0.072885
sigmaZ0 6.89988
dxdz 0.000213133
dydz 0.000289599
BeamWidthX 0.0152718
BeamWidthY 0.0168084
dxdy -0.0111055
Cov(0,j) 6.7779e-08 1.57316e-09 0 0 0 0 0 0 0 
Cov(1,j) 1.57316e-09 6.76234e-08 0 0 0 0 0 0 0 
Cov(2,j) 0 0 0.26156 0 0 0 0 0 0 
Cov(3,j) 0 0 0 0.130758 0 0 0 0 0 
Cov(4,j) 0 0 0 0 1.18064e-09 2.00531e-11 0 0 0 
Cov(5,j) 0 0 0 0 2.00531e-11 1.17682e-09 0 0 0 
Cov(6,j) 0 0 0 0 0 0 6.79382e-07 0 0 
Cov(7,j) 0 0 0 0 0 0 0 8.19622e-07 0 
Cov(8,j) 0 0 0 0 0 0 0 0 0.00581132 
EmittanceX 0
EmittanceY 0
BetaStar 0
