Runnumber 352508
BeginTimeOfFit 2022.05.28 10:29:23 GMT 1653733763
EndTimeOfFit 2022.05.28 10:29:46 GMT 1653733786
LumiRange 22 - 22
Type 2
X0 0.170333
Y0 -0.181281
Z0 -0.140268
sigmaZ0 7.45391
dxdz 0.000185942
dydz 0.000200514
BeamWidthX 0.0151477
BeamWidthY 0.0160562
dxdy 0.00372799
Cov(0,j) 6.77441e-08 -1.31004e-10 0 0 0 0 0 0 0 
Cov(1,j) -1.31004e-10 6.62466e-08 0 0 0 0 0 0 0 
Cov(2,j) 0 0 0.305245 0 0 0 0 0 0 
Cov(3,j) 0 0 0 0.152594 0 0 0 0 0 
Cov(4,j) 0 0 0 0 1.28959e-09 2.25451e-13 0 0 0 
Cov(5,j) 0 0 0 0 2.25451e-13 1.23913e-09 0 0 0 
Cov(6,j) 0 0 0 0 0 0 6.69126e-07 0 0 
Cov(7,j) 0 0 0 0 0 0 0 7.44829e-07 0 
Cov(8,j) 0 0 0 0 0 0 0 0 0.00581265 
EmittanceX 0
EmittanceY 0
BetaStar 0
