Runnumber 352568
BeginTimeOfFit 2022.05.29 11:12:35 GMT 1653822755
EndTimeOfFit 2022.05.29 11:12:58 GMT 1653822778
LumiRange 575 - 575
Type 2
X0 0.177072
Y0 -0.181011
Z0 0.243413
sigmaZ0 6.30415
dxdz -0.000105073
dydz 0.000309269
BeamWidthX 0.0151452
BeamWidthY 0.0157098
dxdy -0.10084
Cov(0,j) 7.9979e-08 1.99697e-09 0 0 0 0 0 0 0 
Cov(1,j) 1.99697e-09 7.9176e-08 0 0 0 0 0 0 0 
Cov(2,j) 0 0 0.233759 0 0 0 0 0 0 
Cov(3,j) 0 0 0 0.116857 0 0 0 0 0 
Cov(4,j) 0 0 0 0 1.77296e-09 1.16505e-11 0 0 0 
Cov(5,j) 0 0 0 0 1.16505e-11 1.70721e-09 0 0 0 
Cov(6,j) 0 0 0 0 0 0 7.19722e-07 0 0 
Cov(7,j) 0 0 0 0 0 0 0 7.68149e-07 0 
Cov(8,j) 0 0 0 0 0 0 0 0 0.00612241 
EmittanceX 0
EmittanceY 0
BetaStar 0
