Runnumber 352509
BeginTimeOfFit 2022.05.28 11:06:08 GMT 1653735968
EndTimeOfFit 2022.05.28 11:06:31 GMT 1653735991
LumiRange 76 - 76
Type 2
X0 0.170019
Y0 -0.181941
Z0 0.510932
sigmaZ0 7.41236
dxdz 0.000100981
dydz 0.000246562
BeamWidthX 0.0154321
BeamWidthY 0.0177055
dxdy 0.08967
Cov(0,j) 7.9444e-08 6.07304e-10 0 0 0 0 0 0 0 
Cov(1,j) 6.07304e-10 7.76224e-08 0 0 0 0 0 0 0 
Cov(2,j) 0 0 0.276068 0 0 0 0 0 0 
Cov(3,j) 0 0 0 0.13801 0 0 0 0 0 
Cov(4,j) 0 0 0 0 1.33579e-09 1.89796e-11 0 0 0 
Cov(5,j) 0 0 0 0 1.89796e-11 1.30028e-09 0 0 0 
Cov(6,j) 0 0 0 0 0 0 6.3627e-07 0 0 
Cov(7,j) 0 0 0 0 0 0 0 8.26492e-07 0 
Cov(8,j) 0 0 0 0 0 0 0 0 0.00521017 
EmittanceX 0
EmittanceY 0
BetaStar 0
