Runnumber 352566
BeginTimeOfFit 2022.05.29 06:35:27 GMT 1653806127
EndTimeOfFit 2022.05.29 06:35:50 GMT 1653806150
LumiRange 3 - 3
Type 2
X0 0.176395
Y0 -0.182432
Z0 -0.00829552
sigmaZ0 6.15398
dxdz 0.000164426
dydz 0.00016122
BeamWidthX 0.0135095
BeamWidthY 0.0123561
dxdy 0.0665457
Cov(0,j) 4.08154e-08 2.08363e-10 0 0 0 0 0 0 0 
Cov(1,j) 2.08363e-10 4.09191e-08 0 0 0 0 0 0 0 
Cov(2,j) 0 0 0.160463 0 0 0 0 0 0 
Cov(3,j) 0 0 0 0.0802213 0 0 0 0 0 
Cov(4,j) 0 0 0 0 1.03076e-09 -3.73699e-12 0 0 0 
Cov(5,j) 0 0 0 0 -3.73699e-12 1.01915e-09 0 0 0 
Cov(6,j) 0 0 0 0 0 0 4.18988e-07 0 0 
Cov(7,j) 0 0 0 0 0 0 0 3.53764e-07 0 
Cov(8,j) 0 0 0 0 0 0 0 0 0.00460116 
EmittanceX 0
EmittanceY 0
BetaStar 0
