Runnumber 352908
BeginTimeOfFit 2022.06.03 08:13:15 GMT 1654243995
EndTimeOfFit 2022.06.03 08:13:38 GMT 1654244018
LumiRange 8 - 8
Type 2
X0 0.169049
Y0 -0.181517
Z0 1.34972
sigmaZ0 6.97143
dxdz 0.000191367
dydz 0.000208486
BeamWidthX 0.0133764
BeamWidthY 0.0138803
dxdy -0.0421308
Cov(0,j) 3.43861e-08 -2.22639e-10 0 0 0 0 0 0 0 
Cov(1,j) -2.22639e-10 3.41961e-08 0 0 0 0 0 0 0 
Cov(2,j) 0 0 0.159338 0 0 0 0 0 0 
Cov(3,j) 0 0 0 0.0796595 0 0 0 0 0 
Cov(4,j) 0 0 0 0 7.01512e-10 5.71466e-13 0 0 0 
Cov(5,j) 0 0 0 0 5.71466e-13 6.94327e-10 0 0 0 
Cov(6,j) 0 0 0 0 0 0 3.18363e-07 0 0 
Cov(7,j) 0 0 0 0 0 0 0 3.39709e-07 0 
Cov(8,j) 0 0 0 0 0 0 0 0 0.0035473 
EmittanceX 0
EmittanceY 0
BetaStar 0
