Runnumber 353015
BeginTimeOfFit 2022.06.04 04:19:50 GMT 1654316390
EndTimeOfFit 2022.06.04 04:20:14 GMT 1654316414
LumiRange 91 - 91
Type 2
X0 0.177369
Y0 -0.177903
Z0 0.580847
sigmaZ0 6.60261
dxdz 0.000104408
dydz 0.000255591
BeamWidthX 0.0137291
BeamWidthY 0.0153
dxdy -0.0575589
Cov(0,j) 2.65338e-08 -3.00392e-10 0 0 0 0 0 0 0 
Cov(1,j) -3.00392e-10 2.61481e-08 0 0 0 0 0 0 0 
Cov(2,j) 0 0 0.0887844 0 0 0 0 0 0 
Cov(3,j) 0 0 0 0.0443888 0 0 0 0 0 
Cov(4,j) 0 0 0 0 6.10313e-10 -8.34691e-12 0 0 0 
Cov(5,j) 0 0 0 0 -8.34691e-12 6.07474e-10 0 0 0 
Cov(6,j) 0 0 0 0 0 0 2.06066e-07 0 0 
Cov(7,j) 0 0 0 0 0 0 0 2.52833e-07 0 
Cov(8,j) 0 0 0 0 0 0 0 0 0.00215709 
EmittanceX 0
EmittanceY 0
BetaStar 0
