Runnumber 353018
BeginTimeOfFit 2022.06.04 07:46:32 GMT 1654328792
EndTimeOfFit 2022.06.04 07:46:56 GMT 1654328816
LumiRange 213 - 213
Type 2
X0 0.17511
Y0 -0.179589
Z0 0.0656304
sigmaZ0 6.58408
dxdz 7.02529e-05
dydz 0.000184564
BeamWidthX 0.0146561
BeamWidthY 0.0158995
dxdy -0.00755382
Cov(0,j) 3.48961e-08 3.79165e-10 0 0 0 0 0 0 0 
Cov(1,j) 3.79165e-10 3.51802e-08 0 0 0 0 0 0 0 
Cov(2,j) 0 0 0.117158 0 0 0 0 0 0 
Cov(3,j) 0 0 0 0.0585738 0 0 0 0 0 
Cov(4,j) 0 0 0 0 7.24894e-10 7.52681e-12 0 0 0 
Cov(5,j) 0 0 0 0 7.52681e-12 7.35787e-10 0 0 0 
Cov(6,j) 0 0 0 0 0 0 3.09219e-07 0 0 
Cov(7,j) 0 0 0 0 0 0 0 3.6159e-07 0 
Cov(8,j) 0 0 0 0 0 0 0 0 0.00286865 
EmittanceX 0
EmittanceY 0
BetaStar 0
