Runnumber 352509
BeginTimeOfFit 2022.05.28 11:50:02 GMT 1653738602
EndTimeOfFit 2022.05.28 11:50:25 GMT 1653738625
LumiRange 189 - 189
Type 2
X0 0.16972
Y0 -0.182079
Z0 -0.536837
sigmaZ0 7.69182
dxdz -1.18336e-06
dydz 0.000184438
BeamWidthX 0.0167983
BeamWidthY 0.0185552
dxdy 0.0838805
Cov(0,j) 1.34478e-07 2.19564e-09 0 0 0 0 0 0 0 
Cov(1,j) 2.19564e-09 1.31606e-07 0 0 0 0 0 0 0 
Cov(2,j) 0 0 0.45856 0 0 0 0 0 0 
Cov(3,j) 0 0 0 0.229216 0 0 0 0 0 
Cov(4,j) 0 0 0 0 2.14776e-09 3.36657e-11 0 0 0 
Cov(5,j) 0 0 0 0 3.36657e-11 2.08128e-09 0 0 0 
Cov(6,j) 0 0 0 0 0 0 1.15519e-06 0 0 
Cov(7,j) 0 0 0 0 0 0 0 1.39983e-06 0 
Cov(8,j) 0 0 0 0 0 0 0 0 0.00798729 
EmittanceX 0
EmittanceY 0
BetaStar 0
