Runnumber 352568
BeginTimeOfFit 2022.05.29 11:16:28 GMT 1653822988
EndTimeOfFit 2022.05.29 11:16:51 GMT 1653823011
LumiRange 585 - 585
Type 2
X0 0.176586
Y0 -0.181935
Z0 0.286391
sigmaZ0 6.25041
dxdz 0.00020409
dydz 0.000171723
BeamWidthX 0.0152572
BeamWidthY 0.016443
dxdy -0.0876622
Cov(0,j) 8.88296e-08 5.71681e-10 0 0 0 0 0 0 0 
Cov(1,j) 5.71681e-10 8.47537e-08 0 0 0 0 0 0 0 
Cov(2,j) 0 0 0.253662 0 0 0 0 0 0 
Cov(3,j) 0 0 0 0.126808 0 0 0 0 0 
Cov(4,j) 0 0 0 0 2.07043e-09 -3.26949e-11 0 0 0 
Cov(5,j) 0 0 0 0 -3.26949e-11 1.9715e-09 0 0 0 
Cov(6,j) 0 0 0 0 0 0 8.05025e-07 0 0 
Cov(7,j) 0 0 0 0 0 0 0 9.24622e-07 0 
Cov(8,j) 0 0 0 0 0 0 0 0 0.00679848 
EmittanceX 0
EmittanceY 0
BetaStar 0
