Runnumber 352568
BeginTimeOfFit 2022.05.29 08:51:56 GMT 1653814316
EndTimeOfFit 2022.05.29 08:52:20 GMT 1653814340
LumiRange 213 - 213
Type 2
X0 0.175711
Y0 -0.181599
Z0 0.590895
sigmaZ0 6.38474
dxdz 0.000208633
dydz 0.000141539
BeamWidthX 0.0139306
BeamWidthY 0.0156086
dxdy -0.101557
Cov(0,j) 5.89395e-08 5.25069e-10 0 0 0 0 0 0 0 
Cov(1,j) 5.25069e-10 6.00504e-08 0 0 0 0 0 0 0 
Cov(2,j) 0 0 0.194105 0 0 0 0 0 0 
Cov(3,j) 0 0 0 0.0970389 0 0 0 0 0 
Cov(4,j) 0 0 0 0 1.29947e-09 -1.24378e-12 0 0 0 
Cov(5,j) 0 0 0 0 -1.24378e-12 1.33413e-09 0 0 0 
Cov(6,j) 0 0 0 0 0 0 4.95775e-07 0 0 
Cov(7,j) 0 0 0 0 0 0 0 6.1726e-07 0 
Cov(8,j) 0 0 0 0 0 0 0 0 0.00495325 
EmittanceX 0
EmittanceY 0
BetaStar 0
