Runnumber 353060
BeginTimeOfFit 2022.06.05 11:07:47 GMT 1654427267
EndTimeOfFit 2022.06.05 11:08:11 GMT 1654427291
LumiRange 999 - 999
Type 2
X0 0.167008
Y0 -0.180036
Z0 0.0486676
sigmaZ0 7.2209
dxdz 0.000182323
dydz 0.000100686
BeamWidthX 0.015943
BeamWidthY 0.0169138
dxdy 0.00914555
Cov(0,j) 1.33456e-07 2.07185e-09 0 0 0 0 0 0 0 
Cov(1,j) 2.07185e-09 1.28863e-07 0 0 0 0 0 0 0 
Cov(2,j) 0 0 0.506134 0 0 0 0 0 0 
Cov(3,j) 0 0 0 0.252985 0 0 0 0 0 
Cov(4,j) 0 0 0 0 2.39869e-09 -3.2628e-11 0 0 0 
Cov(5,j) 0 0 0 0 -3.2628e-11 2.23921e-09 0 0 0 
Cov(6,j) 0 0 0 0 0 0 1.31548e-06 0 0 
Cov(7,j) 0 0 0 0 0 0 0 1.4642e-06 0 
Cov(8,j) 0 0 0 0 0 0 0 0 0.0101871 
EmittanceX 0
EmittanceY 0
BetaStar 0
