Runnumber 353060
BeginTimeOfFit 2022.06.05 07:38:46 GMT 1654414726
EndTimeOfFit 2022.06.05 07:39:09 GMT 1654414749
LumiRange 461 - 461
Type 2
X0 0.164987
Y0 -0.179144
Z0 0.676741
sigmaZ0 7.41265
dxdz 0.000197943
dydz 0.000234464
BeamWidthX 0.0166157
BeamWidthY 0.0158015
dxdy 0.0591061
Cov(0,j) 6.89177e-08 4.49123e-10 0 0 0 0 0 0 0 
Cov(1,j) 4.49123e-10 6.8749e-08 0 0 0 0 0 0 0 
Cov(2,j) 0 0 0.274709 0 0 0 0 0 0 
Cov(3,j) 0 0 0 0.137331 0 0 0 0 0 
Cov(4,j) 0 0 0 0 1.20856e-09 -1.16839e-11 0 0 0 
Cov(5,j) 0 0 0 0 -1.16839e-11 1.22723e-09 0 0 0 
Cov(6,j) 0 0 0 0 0 0 7.32544e-07 0 0 
Cov(7,j) 0 0 0 0 0 0 0 6.61396e-07 0 
Cov(8,j) 0 0 0 0 0 0 0 0 0.00521948 
EmittanceX 0
EmittanceY 0
BetaStar 0
