Runnumber 353060
BeginTimeOfFit 2022.06.05 05:56:12 GMT 1654408572
EndTimeOfFit 2022.06.05 05:56:35 GMT 1654408595
LumiRange 197 - 197
Type 2
X0 0.16725
Y0 -0.179916
Z0 -0.31048
sigmaZ0 6.78576
dxdz 0.000148369
dydz 0.000226669
BeamWidthX 0.0146194
BeamWidthY 0.0151365
dxdy 0.113996
Cov(0,j) 4.18789e-08 -6.69821e-11 0 0 0 0 0 0 0 
Cov(1,j) -6.69821e-11 4.11592e-08 0 0 0 0 0 0 0 
Cov(2,j) 0 0 0.148529 0 0 0 0 0 0 
Cov(3,j) 0 0 0 0.074255 0 0 0 0 0 
Cov(4,j) 0 0 0 0 8.01314e-10 7.38966e-12 0 0 0 
Cov(5,j) 0 0 0 0 7.38966e-12 7.98534e-10 0 0 0 
Cov(6,j) 0 0 0 0 0 0 3.69049e-07 0 0 
Cov(7,j) 0 0 0 0 0 0 0 3.92503e-07 0 
Cov(8,j) 0 0 0 0 0 0 0 0 0.00334486 
EmittanceX 0
EmittanceY 0
BetaStar 0
