Runnumber 352493
BeginTimeOfFit 2022.05.28 07:03:39 GMT 1653721419
EndTimeOfFit 2022.05.28 07:04:02 GMT 1653721442
LumiRange 119 - 119
Type 2
X0 0.169697
Y0 -0.182312
Z0 0.147598
sigmaZ0 6.60168
dxdz 0.000156315
dydz 0.000188461
BeamWidthX 0.013957
BeamWidthY 0.0140132
dxdy -0.0588209
Cov(0,j) 3.34202e-08 2.3145e-10 0 0 0 0 0 0 0 
Cov(1,j) 2.3145e-10 3.33618e-08 0 0 0 0 0 0 0 
Cov(2,j) 0 0 0.127801 0 0 0 0 0 0 
Cov(3,j) 0 0 0 0.0638947 0 0 0 0 0 
Cov(4,j) 0 0 0 0 7.90641e-10 1.20339e-11 0 0 0 
Cov(5,j) 0 0 0 0 1.20339e-11 7.75004e-10 0 0 0 
Cov(6,j) 0 0 0 0 0 0 3.09626e-07 0 0 
Cov(7,j) 0 0 0 0 0 0 0 3.08762e-07 0 
Cov(8,j) 0 0 0 0 0 0 0 0 0.00313405 
EmittanceX 0
EmittanceY 0
BetaStar 0
