Runnumber 352493
BeginTimeOfFit 2022.05.28 07:19:35 GMT 1653722375
EndTimeOfFit 2022.05.28 07:19:58 GMT 1653722398
LumiRange 160 - 160
Type 2
X0 0.170109
Y0 -0.182342
Z0 0.346685
sigmaZ0 6.5095
dxdz 6.82856e-05
dydz 0.000132901
BeamWidthX 0.0139632
BeamWidthY 0.0141389
dxdy 0.0609874
Cov(0,j) 3.53531e-08 -1.83595e-10 0 0 0 0 0 0 0 
Cov(1,j) -1.83595e-10 3.44679e-08 0 0 0 0 0 0 0 
Cov(2,j) 0 0 0.131181 0 0 0 0 0 0 
Cov(3,j) 0 0 0 0.0655848 0 0 0 0 0 
Cov(4,j) 0 0 0 0 8.21593e-10 -5.12138e-12 0 0 0 
Cov(5,j) 0 0 0 0 -5.12138e-12 7.71773e-10 0 0 0 
Cov(6,j) 0 0 0 0 0 0 3.24495e-07 0 0 
Cov(7,j) 0 0 0 0 0 0 0 3.34425e-07 0 
Cov(8,j) 0 0 0 0 0 0 0 0 0.00330529 
EmittanceX 0
EmittanceY 0
BetaStar 0
