Runnumber 352568
BeginTimeOfFit 2022.05.29 08:31:21 GMT 1653813081
EndTimeOfFit 2022.05.29 08:31:44 GMT 1653813104
LumiRange 160 - 160
Type 2
X0 0.177048
Y0 -0.181643
Z0 -0.407997
sigmaZ0 7.76974
dxdz 0.000100259
dydz 0.000159185
BeamWidthX 0.014007
BeamWidthY 0.0145537
dxdy 0.0812552
Cov(0,j) 5.64474e-08 8.24828e-10 0 0 0 0 0 0 0 
Cov(1,j) 8.24828e-10 5.6213e-08 0 0 0 0 0 0 0 
Cov(2,j) 0 0 0.290204 0 0 0 0 0 0 
Cov(3,j) 0 0 0 0.145074 0 0 0 0 0 
Cov(4,j) 0 0 0 0 1.04001e-09 1.56674e-11 0 0 0 
Cov(5,j) 0 0 0 0 1.56674e-11 1.06454e-09 0 0 0 
Cov(6,j) 0 0 0 0 0 0 5.05465e-07 0 0 
Cov(7,j) 0 0 0 0 0 0 0 5.46974e-07 0 
Cov(8,j) 0 0 0 0 0 0 0 0 0.0050856 
EmittanceX 0
EmittanceY 0
BetaStar 0
