Runnumber 352931
BeginTimeOfFit 2022.06.03 12:03:22 GMT 1654257802
EndTimeOfFit 2022.06.03 12:03:45 GMT 1654257825
LumiRange 91 - 91
Type 2
X0 0.170568
Y0 -0.180255
Z0 0.211765
sigmaZ0 7.26872
dxdz 0.000122538
dydz 0.000235121
BeamWidthX 0.0156862
BeamWidthY 0.0174905
dxdy -0.0135927
Cov(0,j) 8.42934e-08 -4.17543e-11 0 0 0 0 0 0 0 
Cov(1,j) -4.17543e-11 8.13826e-08 0 0 0 0 0 0 0 
Cov(2,j) 0 0 0.305366 0 0 0 0 0 0 
Cov(3,j) 0 0 0 0.152653 0 0 0 0 0 
Cov(4,j) 0 0 0 0 1.48573e-09 2.12064e-11 0 0 0 
Cov(5,j) 0 0 0 0 2.12064e-11 1.45724e-09 0 0 0 
Cov(6,j) 0 0 0 0 0 0 7.5825e-07 0 0 
Cov(7,j) 0 0 0 0 0 0 0 9.29987e-07 0 
Cov(8,j) 0 0 0 0 0 0 0 0 0.00607883 
EmittanceX 0
EmittanceY 0
BetaStar 0
