Runnumber 353015
BeginTimeOfFit 2022.06.04 04:55:12 GMT 1654318512
EndTimeOfFit 2022.06.04 04:55:35 GMT 1654318535
LumiRange 182 - 182
Type 2
X0 0.175951
Y0 -0.178513
Z0 -0.0458558
sigmaZ0 6.72524
dxdz 0.000141917
dydz 0.000228099
BeamWidthX 0.0142321
BeamWidthY 0.0154862
dxdy 0.0344818
Cov(0,j) 3.13208e-08 -1.71259e-10 0 0 0 0 0 0 0 
Cov(1,j) -1.71259e-10 3.11582e-08 0 0 0 0 0 0 0 
Cov(2,j) 0 0 0.109509 0 0 0 0 0 0 
Cov(3,j) 0 0 0 0.0547502 0 0 0 0 0 
Cov(4,j) 0 0 0 0 6.61477e-10 -1.9029e-11 0 0 0 
Cov(5,j) 0 0 0 0 -1.9029e-11 6.69287e-10 0 0 0 
Cov(6,j) 0 0 0 0 0 0 2.62128e-07 0 0 
Cov(7,j) 0 0 0 0 0 0 0 3.08158e-07 0 
Cov(8,j) 0 0 0 0 0 0 0 0 0.0025715 
EmittanceX 0
EmittanceY 0
BetaStar 0
