Runnumber 353060
BeginTimeOfFit 2022.06.05 10:34:23 GMT 1654425263
EndTimeOfFit 2022.06.05 10:34:46 GMT 1654425286
LumiRange 913 - 913
Type 2
X0 0.169734
Y0 -0.17961
Z0 0.696202
sigmaZ0 7.27692
dxdz 0.000133707
dydz 0.00019578
BeamWidthX 0.0177101
BeamWidthY 0.01609
dxdy -0.0401112
Cov(0,j) 1.15938e-07 1.80869e-09 0 0 0 0 0 0 0 
Cov(1,j) 1.80869e-09 1.09275e-07 0 0 0 0 0 0 0 
Cov(2,j) 0 0 0.367684 0 0 0 0 0 0 
Cov(3,j) 0 0 0 0.183799 0 0 0 0 0 
Cov(4,j) 0 0 0 0 1.91632e-09 7.28139e-11 0 0 0 
Cov(5,j) 0 0 0 0 7.28139e-11 1.81019e-09 0 0 0 
Cov(6,j) 0 0 0 0 0 0 1.14343e-06 0 0 
Cov(7,j) 0 0 0 0 0 0 0 9.50905e-07 0 
Cov(8,j) 0 0 0 0 0 0 0 0 0.00729144 
EmittanceX 0
EmittanceY 0
BetaStar 0
