Runnumber 353060
BeginTimeOfFit 2022.06.05 10:16:54 GMT 1654424214
EndTimeOfFit 2022.06.05 10:17:17 GMT 1654424237
LumiRange 868 - 868
Type 2
X0 0.167616
Y0 -0.180081
Z0 0.322133
sigmaZ0 7.28916
dxdz 0.000232846
dydz 0.000286033
BeamWidthX 0.0163711
BeamWidthY 0.0163695
dxdy 0.0325049
Cov(0,j) 1.05821e-07 -1.72781e-09 0 0 0 0 0 0 0 
Cov(1,j) -1.72781e-09 1.02279e-07 0 0 0 0 0 0 0 
Cov(2,j) 0 0 0.340547 0 0 0 0 0 0 
Cov(3,j) 0 0 0 0.170238 0 0 0 0 0 
Cov(4,j) 0 0 0 0 1.80724e-09 -4.07066e-11 0 0 0 
Cov(5,j) 0 0 0 0 -4.07066e-11 1.74446e-09 0 0 0 
Cov(6,j) 0 0 0 0 0 0 9.10754e-07 0 0 
Cov(7,j) 0 0 0 0 0 0 0 9.06819e-07 0 
Cov(8,j) 0 0 0 0 0 0 0 0 0.00675016 
EmittanceX 0
EmittanceY 0
BetaStar 0
