Runnumber 352568
BeginTimeOfFit 2022.05.29 09:21:05 GMT 1653816065
EndTimeOfFit 2022.05.29 09:21:28 GMT 1653816088
LumiRange 288 - 288
Type 2
X0 0.176721
Y0 -0.181268
Z0 0.268027
sigmaZ0 5.79802
dxdz 6.93012e-05
dydz 0.000348693
BeamWidthX 0.0149864
BeamWidthY 0.0141652
dxdy -0.0795732
Cov(0,j) 6.42272e-08 7.00132e-10 0 0 0 0 0 0 0 
Cov(1,j) 7.00132e-10 6.40398e-08 0 0 0 0 0 0 0 
Cov(2,j) 0 0 0.173273 0 0 0 0 0 0 
Cov(3,j) 0 0 0 0.0866235 0 0 0 0 0 
Cov(4,j) 0 0 0 0 1.67742e-09 1.98259e-11 0 0 0 
Cov(5,j) 0 0 0 0 1.98259e-11 1.6327e-09 0 0 0 
Cov(6,j) 0 0 0 0 0 0 6.17918e-07 0 0 
Cov(7,j) 0 0 0 0 0 0 0 5.5546e-07 0 
Cov(8,j) 0 0 0 0 0 0 0 0 0.00541049 
EmittanceX 0
EmittanceY 0
BetaStar 0
