Runnumber 353706
BeginTimeOfFit 2022.06.13 10:53:13 GMT 1655117593
EndTimeOfFit 2022.06.13 10:53:36 GMT 1655117616
LumiRange 89 - 89
Type 2
X0 0.172531
Y0 -0.180991
Z0 0.856713
sigmaZ0 7.38283
dxdz 9.90113e-05
dydz 0.000192644
BeamWidthX 0.0153341
BeamWidthY 0.0182568
dxdy -0.0058981
Cov(0,j) 7.65286e-08 9.24442e-11 0 0 0 0 0 0 0 
Cov(1,j) 9.24442e-11 7.53899e-08 0 0 0 0 0 0 0 
Cov(2,j) 0 0 0.267161 0 0 0 0 0 0 
Cov(3,j) 0 0 0 0.133557 0 0 0 0 0 
Cov(4,j) 0 0 0 0 1.48407e-09 2.11914e-12 0 0 0 
Cov(5,j) 0 0 0 0 2.11914e-12 1.42939e-09 0 0 0 
Cov(6,j) 0 0 0 0 0 0 6.14774e-07 0 0 
Cov(7,j) 0 0 0 0 0 0 0 8.50467e-07 0 
Cov(8,j) 0 0 0 0 0 0 0 0 0.00514815 
EmittanceX 0
EmittanceY 0
BetaStar 0
