Runnumber 353018
BeginTimeOfFit 2022.06.04 07:26:43 GMT 1654327603
EndTimeOfFit 2022.06.04 07:27:07 GMT 1654327627
LumiRange 162 - 162
Type 2
X0 0.191787
Y0 -0.180839
Z0 0.556205
sigmaZ0 6.78815
dxdz 0.000129838
dydz 0.000211855
BeamWidthX 0.0145448
BeamWidthY 0.0149941
dxdy -0.0116234
Cov(0,j) 5.52864e-08 -8.71761e-10 0 0 0 0 0 0 0 
Cov(1,j) -8.71761e-10 5.4839e-08 0 0 0 0 0 0 0 
Cov(2,j) 0 0 0.198602 0 0 0 0 0 0 
Cov(3,j) 0 0 0 0.0992875 0 0 0 0 0 
Cov(4,j) 0 0 0 0 1.22642e-09 -4.38498e-11 0 0 0 
Cov(5,j) 0 0 0 0 -4.38498e-11 1.17201e-09 0 0 0 
Cov(6,j) 0 0 0 0 0 0 4.9344e-07 0 0 
Cov(7,j) 0 0 0 0 0 0 0 5.13699e-07 0 
Cov(8,j) 0 0 0 0 0 0 0 0 0.00462502 
EmittanceX 0
EmittanceY 0
BetaStar 0
