Runnumber 353702
BeginTimeOfFit 2022.06.13 09:35:53 GMT 1655112953
EndTimeOfFit 2022.06.13 09:36:17 GMT 1655112977
LumiRange 13 - 13
Type 2
X0 0.171335
Y0 -0.181429
Z0 0.551233
sigmaZ0 6.5054
dxdz 0.000187633
dydz 0.000158066
BeamWidthX 0.0153846
BeamWidthY 0.015246
dxdy -0.00377254
Cov(0,j) 5.17327e-08 -5.04051e-10 0 0 0 0 0 0 0 
Cov(1,j) -5.04051e-10 4.96393e-08 0 0 0 0 0 0 0 
Cov(2,j) 0 0 0.167927 0 0 0 0 0 0 
Cov(3,j) 0 0 0 0.0839536 0 0 0 0 0 
Cov(4,j) 0 0 0 0 1.08587e-09 4.73733e-12 0 0 0 
Cov(5,j) 0 0 0 0 4.73733e-12 1.0616e-09 0 0 0 
Cov(6,j) 0 0 0 0 0 0 5.02021e-07 0 0 
Cov(7,j) 0 0 0 0 0 0 0 4.92861e-07 0 
Cov(8,j) 0 0 0 0 0 0 0 0 0.00421688 
EmittanceX 0
EmittanceY 0
BetaStar 0
