Runnumber 353015
BeginTimeOfFit 2022.06.04 04:52:52 GMT 1654318372
EndTimeOfFit 2022.06.04 04:53:15 GMT 1654318395
LumiRange 176 - 176
Type 2
X0 0.176783
Y0 -0.178193
Z0 -0.111591
sigmaZ0 7.1685
dxdz 0.000122888
dydz 0.000162404
BeamWidthX 0.0143137
BeamWidthY 0.0151227
dxdy 0.000886041
Cov(0,j) 3.0418e-08 -2.18148e-10 0 0 0 0 0 0 0 
Cov(1,j) -2.18148e-10 3.00564e-08 0 0 0 0 0 0 0 
Cov(2,j) 0 0 0.12976 0 0 0 0 0 0 
Cov(3,j) 0 0 0 0.0648733 0 0 0 0 0 
Cov(4,j) 0 0 0 0 6.44285e-10 -8.03369e-12 0 0 0 
Cov(5,j) 0 0 0 0 -8.03369e-12 6.38843e-10 0 0 0 
Cov(6,j) 0 0 0 0 0 0 2.77491e-07 0 0 
Cov(7,j) 0 0 0 0 0 0 0 3.06245e-07 0 
Cov(8,j) 0 0 0 0 0 0 0 0 0.00269122 
EmittanceX 0
EmittanceY 0
BetaStar 0
