Runnumber 352909
BeginTimeOfFit 2022.06.03 08:49:03 GMT 1654246143
EndTimeOfFit 2022.06.03 08:49:26 GMT 1654246166
LumiRange 51 - 51
Type 2
X0 0.170215
Y0 -0.181075
Z0 0.309793
sigmaZ0 6.82326
dxdz 0.000128618
dydz 0.000240557
BeamWidthX 0.0140346
BeamWidthY 0.0148342
dxdy 0.126583
Cov(0,j) 4.70844e-08 -2.60988e-10 0 0 0 0 0 0 0 
Cov(1,j) -2.60988e-10 4.66427e-08 0 0 0 0 0 0 0 
Cov(2,j) 0 0 0.184007 0 0 0 0 0 0 
Cov(3,j) 0 0 0 0.0919925 0 0 0 0 0 
Cov(4,j) 0 0 0 0 9.3489e-10 -3.58535e-12 0 0 0 
Cov(5,j) 0 0 0 0 -3.58535e-12 9.22312e-10 0 0 0 
Cov(6,j) 0 0 0 0 0 0 4.20514e-07 0 0 
Cov(7,j) 0 0 0 0 0 0 0 4.63872e-07 0 
Cov(8,j) 0 0 0 0 0 0 0 0 0.00410517 
EmittanceX 0
EmittanceY 0
BetaStar 0
