Runnumber 353060
BeginTimeOfFit 2022.06.05 12:36:22 GMT 1654432582
EndTimeOfFit 2022.06.05 12:36:46 GMT 1654432606
LumiRange 1227 - 1227
Type 2
X0 0.169035
Y0 -0.181693
Z0 1.76019
sigmaZ0 6.09934
dxdz 0.000252844
dydz 0.000528721
BeamWidthX 0.014169
BeamWidthY 0.0204084
dxdy 0.0875921
Cov(0,j) 9.71794e-07 -1.17553e-08 0 0 0 0 0 0 0 
Cov(1,j) -1.17553e-08 9.29323e-07 0 0 0 0 0 0 0 
Cov(2,j) 0 0 2.32311 0 0 0 0 0 0 
Cov(3,j) 0 0 0 1.15952 0 0 0 0 0 
Cov(4,j) 0 0 0 0 2.00007e-08 1.42735e-09 0 0 0 
Cov(5,j) 0 0 0 0 1.42735e-09 1.83925e-08 0 0 0 
Cov(6,j) 0 0 0 0 0 0 6.78388e-06 0 0 
Cov(7,j) 0 0 0 0 0 0 0 1.3449e-05 0 
Cov(8,j) 0 0 0 0 0 0 0 0 0.063193 
EmittanceX 0
EmittanceY 0
BetaStar 0
