Runnumber 353709
BeginTimeOfFit 2022.06.13 11:45:06 GMT 1655120706
EndTimeOfFit 2022.06.13 11:45:29 GMT 1655120729
LumiRange 23 - 23
Type 2
X0 0.172245
Y0 -0.179844
Z0 0.843098
sigmaZ0 6.92526
dxdz 0.000106889
dydz 0.000149542
BeamWidthX 0.0177082
BeamWidthY 0.0171565
dxdy -0.0731462
Cov(0,j) 8.67594e-08 -2.35314e-10 0 0 0 0 0 0 0 
Cov(1,j) -2.35314e-10 8.72829e-08 0 0 0 0 0 0 0 
Cov(2,j) 0 0 0.253729 0 0 0 0 0 0 
Cov(3,j) 0 0 0 0.126843 0 0 0 0 0 
Cov(4,j) 0 0 0 0 1.5878e-09 -2.54691e-11 0 0 0 
Cov(5,j) 0 0 0 0 -2.54691e-11 1.64475e-09 0 0 0 
Cov(6,j) 0 0 0 0 0 0 8.72695e-07 0 0 
Cov(7,j) 0 0 0 0 0 0 0 8.16457e-07 0 
Cov(8,j) 0 0 0 0 0 0 0 0 0.00546029 
EmittanceX 0
EmittanceY 0
BetaStar 0
