Runnumber 352493
BeginTimeOfFit 2022.05.28 06:50:27 GMT 1653720627
EndTimeOfFit 2022.05.28 06:50:50 GMT 1653720650
LumiRange 85 - 85
Type 2
X0 0.172206
Y0 -0.182129
Z0 0.151948
sigmaZ0 6.93127
dxdz -0.000102008
dydz 0.000178389
BeamWidthX 0.0171874
BeamWidthY 0.0141164
dxdy -0.0374988
Cov(0,j) 1.30597e-07 6.77406e-10 0 0 0 0 0 0 0 
Cov(1,j) 6.77406e-10 1.30881e-07 0 0 0 0 0 0 0 
Cov(2,j) 0 0 0.403659 0 0 0 0 0 0 
Cov(3,j) 0 0 0 0.201775 0 0 0 0 0 
Cov(4,j) 0 0 0 0 3.20172e-09 -6.52109e-11 0 0 0 
Cov(5,j) 0 0 0 0 -6.52109e-11 3.27444e-09 0 0 0 
Cov(6,j) 0 0 0 0 0 0 1.29577e-06 0 0 
Cov(7,j) 0 0 0 0 0 0 0 8.98733e-07 0 
Cov(8,j) 0 0 0 0 0 0 0 0 0.00891205 
EmittanceX 0
EmittanceY 0
BetaStar 0
