Runnumber 352568
BeginTimeOfFit 2022.05.29 10:36:50 GMT 1653820610
EndTimeOfFit 2022.05.29 10:37:14 GMT 1653820634
LumiRange 483 - 483
Type 2
X0 0.177302
Y0 -0.182019
Z0 -0.252748
sigmaZ0 5.93822
dxdz 0.000337452
dydz 0.000204845
BeamWidthX 0.0164414
BeamWidthY 0.0159541
dxdy 0.17715
Cov(0,j) 8.73143e-08 1.32792e-09 0 0 0 0 0 0 0 
Cov(1,j) 1.32792e-09 8.50569e-08 0 0 0 0 0 0 0 
Cov(2,j) 0 0 0.217652 0 0 0 0 0 0 
Cov(3,j) 0 0 0 0.108805 0 0 0 0 0 
Cov(4,j) 0 0 0 0 1.98976e-09 2.47157e-11 0 0 0 
Cov(5,j) 0 0 0 0 2.47157e-11 1.98401e-09 0 0 0 
Cov(6,j) 0 0 0 0 0 0 8.83311e-07 0 0 
Cov(7,j) 0 0 0 0 0 0 0 8.36829e-07 0 
Cov(8,j) 0 0 0 0 0 0 0 0 0.00614728 
EmittanceX 0
EmittanceY 0
BetaStar 0
