Runnumber 353087
BeginTimeOfFit 2022.06.05 15:54:33 GMT 1654444473
EndTimeOfFit 2022.06.05 15:54:56 GMT 1654444496
LumiRange 169 - 169
Type 2
X0 0.170812
Y0 -0.179946
Z0 0.026138
sigmaZ0 7.08286
dxdz 0.000131058
dydz 0.000242661
BeamWidthX 0.0134769
BeamWidthY 0.0142302
dxdy 0.00797563
Cov(0,j) 3.61455e-08 -7.62668e-10 0 0 0 0 0 0 0 
Cov(1,j) -7.62668e-10 3.60266e-08 0 0 0 0 0 0 0 
Cov(2,j) 0 0 0.151553 0 0 0 0 0 0 
Cov(3,j) 0 0 0 0.0757693 0 0 0 0 0 
Cov(4,j) 0 0 0 0 6.97098e-10 -1.16735e-11 0 0 0 
Cov(5,j) 0 0 0 0 -1.16735e-11 7.02184e-10 0 0 0 
Cov(6,j) 0 0 0 0 0 0 2.96525e-07 0 0 
Cov(7,j) 0 0 0 0 0 0 0 3.27781e-07 0 
Cov(8,j) 0 0 0 0 0 0 0 0 0.00324435 
EmittanceX 0
EmittanceY 0
BetaStar 0
