Runnumber 352568
BeginTimeOfFit 2022.05.29 11:06:22 GMT 1653822382
EndTimeOfFit 2022.05.29 11:06:45 GMT 1653822405
LumiRange 559 - 559
Type 2
X0 0.176663
Y0 -0.181725
Z0 0.213415
sigmaZ0 7.11145
dxdz 5.79757e-05
dydz 0.000256225
BeamWidthX 0.0152173
BeamWidthY 0.0155108
dxdy 0.0150212
Cov(0,j) 7.87878e-08 1.43936e-10 0 0 0 0 0 0 0 
Cov(1,j) 1.43936e-10 7.8393e-08 0 0 0 0 0 0 0 
Cov(2,j) 0 0 0.284087 0 0 0 0 0 0 
Cov(3,j) 0 0 0 0.142016 0 0 0 0 0 
Cov(4,j) 0 0 0 0 1.72728e-09 -2.13696e-11 0 0 0 
Cov(5,j) 0 0 0 0 -2.13696e-11 1.72353e-09 0 0 0 
Cov(6,j) 0 0 0 0 0 0 6.96049e-07 0 0 
Cov(7,j) 0 0 0 0 0 0 0 7.26705e-07 0 
Cov(8,j) 0 0 0 0 0 0 0 0 0.00597407 
EmittanceX 0
EmittanceY 0
BetaStar 0
