Runnumber 352931
BeginTimeOfFit 2022.06.03 12:33:40 GMT 1654259620
EndTimeOfFit 2022.06.03 12:34:04 GMT 1654259644
LumiRange 169 - 169
Type 2
X0 0.168838
Y0 -0.181261
Z0 -0.971116
sigmaZ0 7.41845
dxdz 0.000111236
dydz 0.000205464
BeamWidthX 0.0147411
BeamWidthY 0.0182882
dxdy -0.0390326
Cov(0,j) 9.06944e-08 -1.4296e-09 0 0 0 0 0 0 0 
Cov(1,j) -1.4296e-09 9.01419e-08 0 0 0 0 0 0 0 
Cov(2,j) 0 0 0.364411 0 0 0 0 0 0 
Cov(3,j) 0 0 0 0.182164 0 0 0 0 0 
Cov(4,j) 0 0 0 0 1.54154e-09 -5.31245e-11 0 0 0 
Cov(5,j) 0 0 0 0 -5.31245e-11 1.51002e-09 0 0 0 
Cov(6,j) 0 0 0 0 0 0 7.64102e-07 0 0 
Cov(7,j) 0 0 0 0 0 0 0 1.16297e-06 0 
Cov(8,j) 0 0 0 0 0 0 0 0 0.00694437 
EmittanceX 0
EmittanceY 0
BetaStar 0
