Runnumber 352568
BeginTimeOfFit 2022.05.29 09:10:35 GMT 1653815435
EndTimeOfFit 2022.05.29 09:10:59 GMT 1653815459
LumiRange 261 - 261
Type 2
X0 0.177737
Y0 -0.181347
Z0 -0.222551
sigmaZ0 6.13584
dxdz 0.000181283
dydz 0.000116796
BeamWidthX 0.0158914
BeamWidthY 0.0142241
dxdy 0.0904595
Cov(0,j) 6.66881e-08 9.49435e-10 0 0 0 0 0 0 0 
Cov(1,j) 9.49435e-10 6.69589e-08 0 0 0 0 0 0 0 
Cov(2,j) 0 0 0.209143 0 0 0 0 0 0 
Cov(3,j) 0 0 0 0.104554 0 0 0 0 0 
Cov(4,j) 0 0 0 0 1.67425e-09 7.69643e-12 0 0 0 
Cov(5,j) 0 0 0 0 7.69643e-12 1.72861e-09 0 0 0 
Cov(6,j) 0 0 0 0 0 0 7.42514e-07 0 0 
Cov(7,j) 0 0 0 0 0 0 0 6.00518e-07 0 
Cov(8,j) 0 0 0 0 0 0 0 0 0.00580658 
EmittanceX 0
EmittanceY 0
BetaStar 0
