Runnumber 352900
BeginTimeOfFit 2022.06.03 07:07:38 GMT 1654240058
EndTimeOfFit 2022.06.03 07:08:02 GMT 1654240082
LumiRange 18 - 18
Type 2
X0 0.170164
Y0 -0.182038
Z0 0.0241134
sigmaZ0 5.84659
dxdz 0.000142525
dydz 0.000202569
BeamWidthX 0.0131015
BeamWidthY 0.0132837
dxdy -0.0387051
Cov(0,j) 2.68535e-08 -6.76215e-11 0 0 0 0 0 0 0 
Cov(1,j) -6.76215e-11 2.62218e-08 0 0 0 0 0 0 0 
Cov(2,j) 0 0 0.0819703 0 0 0 0 0 0 
Cov(3,j) 0 0 0 0.0409824 0 0 0 0 0 
Cov(4,j) 0 0 0 0 7.51122e-10 3.50818e-12 0 0 0 
Cov(5,j) 0 0 0 0 3.50818e-12 7.34227e-10 0 0 0 
Cov(6,j) 0 0 0 0 0 0 2.23644e-07 0 0 
Cov(7,j) 0 0 0 0 0 0 0 2.30322e-07 0 
Cov(8,j) 0 0 0 0 0 0 0 0 0.00257157 
EmittanceX 0
EmittanceY 0
BetaStar 0
