Runnumber 353015
BeginTimeOfFit 2022.06.04 04:20:37 GMT 1654316437
EndTimeOfFit 2022.06.04 04:21:00 GMT 1654316460
LumiRange 93 - 93
Type 2
X0 0.177125
Y0 -0.177531
Z0 -0.198183
sigmaZ0 6.41223
dxdz 0.000141407
dydz 0.000180439
BeamWidthX 0.0141208
BeamWidthY 0.0142988
dxdy -0.0152693
Cov(0,j) 2.51898e-08 -1.56184e-10 0 0 0 0 0 0 0 
Cov(1,j) -1.56184e-10 2.5146e-08 0 0 0 0 0 0 0 
Cov(2,j) 0 0 0.0880415 0 0 0 0 0 0 
Cov(3,j) 0 0 0 0.0440176 0 0 0 0 0 
Cov(4,j) 0 0 0 0 6.22952e-10 -1.91246e-12 0 0 0 
Cov(5,j) 0 0 0 0 -1.91246e-12 6.05963e-10 0 0 0 
Cov(6,j) 0 0 0 0 0 0 2.30193e-07 0 0 
Cov(7,j) 0 0 0 0 0 0 0 2.34979e-07 0 
Cov(8,j) 0 0 0 0 0 0 0 0 0.00229601 
EmittanceX 0
EmittanceY 0
BetaStar 0
