Runnumber 352568
BeginTimeOfFit 2022.05.29 10:49:40 GMT 1653821380
EndTimeOfFit 2022.05.29 10:50:03 GMT 1653821403
LumiRange 516 - 516
Type 2
X0 0.176103
Y0 -0.181165
Z0 0.61222
sigmaZ0 6.79619
dxdz 7.23913e-05
dydz 0.000187955
BeamWidthX 0.0148009
BeamWidthY 0.0157192
dxdy 0.00898885
Cov(0,j) 7.91194e-08 1.89925e-10 0 0 0 0 0 0 0 
Cov(1,j) 1.89925e-10 7.70139e-08 0 0 0 0 0 0 0 
Cov(2,j) 0 0 0.283334 0 0 0 0 0 0 
Cov(3,j) 0 0 0 0.141639 0 0 0 0 0 
Cov(4,j) 0 0 0 0 1.77556e-09 -3.06422e-11 0 0 0 
Cov(5,j) 0 0 0 0 -3.06422e-11 1.66379e-09 0 0 0 
Cov(6,j) 0 0 0 0 0 0 7.15299e-07 0 0 
Cov(7,j) 0 0 0 0 0 0 0 8.02399e-07 0 
Cov(8,j) 0 0 0 0 0 0 0 0 0.00652385 
EmittanceX 0
EmittanceY 0
BetaStar 0
