Runnumber 353060
BeginTimeOfFit 2022.06.05 06:29:37 GMT 1654410577
EndTimeOfFit 2022.06.05 06:30:00 GMT 1654410600
LumiRange 283 - 283
Type 2
X0 0.167873
Y0 -0.177932
Z0 0.678979
sigmaZ0 7.19353
dxdz 0.000228412
dydz 0.000205808
BeamWidthX 0.0145052
BeamWidthY 0.0165837
dxdy 0.150252
Cov(0,j) 1.89376e-07 1.84284e-09 0 0 0 0 0 0 0 
Cov(1,j) 1.84284e-09 1.90798e-07 0 0 0 0 0 0 0 
Cov(2,j) 0 0 0.608651 0 0 0 0 0 0 
Cov(3,j) 0 0 0 0.3042 0 0 0 0 0 
Cov(4,j) 0 0 0 0 3.38954e-09 1.82336e-10 0 0 0 
Cov(5,j) 0 0 0 0 1.82336e-10 3.17825e-09 0 0 0 
Cov(6,j) 0 0 0 0 0 0 1.30995e-06 0 0 
Cov(7,j) 0 0 0 0 0 0 0 1.68489e-06 0 
Cov(8,j) 0 0 0 0 0 0 0 0 0.0118004 
EmittanceX 0
EmittanceY 0
BetaStar 0
