Runnumber 353087
BeginTimeOfFit 2022.06.05 16:15:55 GMT 1654445755
EndTimeOfFit 2022.06.05 16:16:18 GMT 1654445778
LumiRange 224 - 224
Type 2
X0 0.172894
Y0 -0.180595
Z0 -0.509982
sigmaZ0 7.07848
dxdz 0.000119832
dydz 0.000193019
BeamWidthX 0.0148834
BeamWidthY 0.014373
dxdy 0.0312872
Cov(0,j) 4.3838e-08 -5.70495e-10 0 0 0 0 0 0 0 
Cov(1,j) -5.70495e-10 4.34732e-08 0 0 0 0 0 0 0 
Cov(2,j) 0 0 0.178298 0 0 0 0 0 0 
Cov(3,j) 0 0 0 0.0891386 0 0 0 0 0 
Cov(4,j) 0 0 0 0 8.30779e-10 -1.18186e-11 0 0 0 
Cov(5,j) 0 0 0 0 -1.18186e-11 8.25297e-10 0 0 0 
Cov(6,j) 0 0 0 0 0 0 4.22608e-07 0 0 
Cov(7,j) 0 0 0 0 0 0 0 3.94001e-07 0 
Cov(8,j) 0 0 0 0 0 0 0 0 0.00379143 
EmittanceX 0
EmittanceY 0
BetaStar 0
