Runnumber 353015
BeginTimeOfFit 2022.06.04 04:56:22 GMT 1654318582
EndTimeOfFit 2022.06.04 04:56:45 GMT 1654318605
LumiRange 185 - 185
Type 2
X0 0.175476
Y0 -0.179158
Z0 0.12832
sigmaZ0 6.90211
dxdz 0.000153134
dydz 0.000120069
BeamWidthX 0.014079
BeamWidthY 0.0146039
dxdy -0.00256417
Cov(0,j) 2.87507e-08 -1.60695e-10 0 0 0 0 0 0 0 
Cov(1,j) -1.60695e-10 2.84818e-08 0 0 0 0 0 0 0 
Cov(2,j) 0 0 0.120906 0 0 0 0 0 0 
Cov(3,j) 0 0 0 0.0604476 0 0 0 0 0 
Cov(4,j) 0 0 0 0 6.15347e-10 -4.03373e-12 0 0 0 
Cov(5,j) 0 0 0 0 -4.03373e-12 6.12824e-10 0 0 0 
Cov(6,j) 0 0 0 0 0 0 2.71339e-07 0 0 
Cov(7,j) 0 0 0 0 0 0 0 2.88335e-07 0 
Cov(8,j) 0 0 0 0 0 0 0 0 0.0027244 
EmittanceX 0
EmittanceY 0
BetaStar 0
