Runnumber 353018
BeginTimeOfFit 2022.06.04 07:49:39 GMT 1654328979
EndTimeOfFit 2022.06.04 07:50:02 GMT 1654329002
LumiRange 221 - 221
Type 2
X0 0.175119
Y0 -0.179664
Z0 -0.715853
sigmaZ0 6.64033
dxdz 9.3563e-05
dydz 0.000160784
BeamWidthX 0.0150251
BeamWidthY 0.0154728
dxdy 0.0496712
Cov(0,j) 3.61453e-08 5.3373e-11 0 0 0 0 0 0 0 
Cov(1,j) 5.3373e-11 3.48915e-08 0 0 0 0 0 0 0 
Cov(2,j) 0 0 0.119168 0 0 0 0 0 0 
Cov(3,j) 0 0 0 0.059579 0 0 0 0 0 
Cov(4,j) 0 0 0 0 7.41948e-10 4.20413e-12 0 0 0 
Cov(5,j) 0 0 0 0 4.20413e-12 7.05206e-10 0 0 0 
Cov(6,j) 0 0 0 0 0 0 3.25392e-07 0 0 
Cov(7,j) 0 0 0 0 0 0 0 3.43788e-07 0 
Cov(8,j) 0 0 0 0 0 0 0 0 0.00286637 
EmittanceX 0
EmittanceY 0
BetaStar 0
