Runnumber 353060
BeginTimeOfFit 2022.06.05 11:02:21 GMT 1654426941
EndTimeOfFit 2022.06.05 11:02:44 GMT 1654426964
LumiRange 985 - 985
Type 2
X0 0.167863
Y0 -0.180186
Z0 -0.286367
sigmaZ0 7.15467
dxdz 0.000128026
dydz 0.000381474
BeamWidthX 0.018132
BeamWidthY 0.0172703
dxdy -0.0566896
Cov(0,j) 1.49548e-07 -1.23453e-09 0 0 0 0 0 0 0 
Cov(1,j) -1.23453e-09 1.45808e-07 0 0 0 0 0 0 0 
Cov(2,j) 0 0 0.456971 0 0 0 0 0 0 
Cov(3,j) 0 0 0 0.228418 0 0 0 0 0 
Cov(4,j) 0 0 0 0 2.56072e-09 -5.30458e-11 0 0 0 
Cov(5,j) 0 0 0 0 -5.30458e-11 2.42998e-09 0 0 0 
Cov(6,j) 0 0 0 0 0 0 1.55031e-06 0 0 
Cov(7,j) 0 0 0 0 0 0 0 1.39503e-06 0 
Cov(8,j) 0 0 0 0 0 0 0 0 0.00928341 
EmittanceX 0
EmittanceY 0
BetaStar 0
