Runnumber 352499
BeginTimeOfFit 2022.05.28 08:45:12 GMT 1653727512
EndTimeOfFit 2022.05.28 08:45:35 GMT 1653727535
LumiRange 61 - 61
Type 2
X0 0.170198
Y0 -0.181622
Z0 0.178608
sigmaZ0 7.25113
dxdz 0.000162263
dydz 0.000158178
BeamWidthX 0.0146728
BeamWidthY 0.0160258
dxdy 0.0806226
Cov(0,j) 5.25513e-08 4.54138e-10 0 0 0 0 0 0 0 
Cov(1,j) 4.54138e-10 5.12796e-08 0 0 0 0 0 0 0 
Cov(2,j) 0 0 0.206988 0 0 0 0 0 0 
Cov(3,j) 0 0 0 0.10348 0 0 0 0 0 
Cov(4,j) 0 0 0 0 9.86387e-10 -6.1886e-12 0 0 0 
Cov(5,j) 0 0 0 0 -6.1886e-12 9.36825e-10 0 0 0 
Cov(6,j) 0 0 0 0 0 0 4.56757e-07 0 0 
Cov(7,j) 0 0 0 0 0 0 0 5.32609e-07 0 
Cov(8,j) 0 0 0 0 0 0 0 0 0.00412443 
EmittanceX 0
EmittanceY 0
BetaStar 0
