Runnumber 353087
BeginTimeOfFit 2022.06.05 15:28:31 GMT 1654442911
EndTimeOfFit 2022.06.05 15:28:54 GMT 1654442934
LumiRange 102 - 102
Type 2
X0 0.172935
Y0 -0.179986
Z0 -0.00674307
sigmaZ0 7.07006
dxdz 0.000137996
dydz 0.000135509
BeamWidthX 0.0138826
BeamWidthY 0.0140637
dxdy 0.0132224
Cov(0,j) 3.46234e-08 -2.59185e-10 0 0 0 0 0 0 0 
Cov(1,j) -2.59185e-10 3.37655e-08 0 0 0 0 0 0 0 
Cov(2,j) 0 0 0.161235 0 0 0 0 0 0 
Cov(3,j) 0 0 0 0.0806087 0 0 0 0 0 
Cov(4,j) 0 0 0 0 6.95438e-10 -1.10744e-11 0 0 0 
Cov(5,j) 0 0 0 0 -1.10744e-11 7.0195e-10 0 0 0 
Cov(6,j) 0 0 0 0 0 0 3.32262e-07 0 0 
Cov(7,j) 0 0 0 0 0 0 0 3.41742e-07 0 
Cov(8,j) 0 0 0 0 0 0 0 0 0.00344281 
EmittanceX 0
EmittanceY 0
BetaStar 0
