Runnumber 352567
BeginTimeOfFit 2022.05.29 07:21:48 GMT 1653808908
EndTimeOfFit 2022.05.29 07:22:11 GMT 1653808931
LumiRange 109 - 109
Type 2
X0 0.176924
Y0 -0.182141
Z0 0.216676
sigmaZ0 7.36335
dxdz 5.33634e-05
dydz 0.000241735
BeamWidthX 0.0142353
BeamWidthY 0.0148588
dxdy -0.0930563
Cov(0,j) 9.22801e-08 2.14193e-09 0 0 0 0 0 0 0 
Cov(1,j) 2.14193e-09 9.20465e-08 0 0 0 0 0 0 0 
Cov(2,j) 0 0 0.366296 0 0 0 0 0 0 
Cov(3,j) 0 0 0 0.183106 0 0 0 0 0 
Cov(4,j) 0 0 0 0 1.97457e-09 2.94169e-11 0 0 0 
Cov(5,j) 0 0 0 0 2.94169e-11 1.96321e-09 0 0 0 
Cov(6,j) 0 0 0 0 0 0 7.39686e-07 0 0 
Cov(7,j) 0 0 0 0 0 0 0 7.91302e-07 0 
Cov(8,j) 0 0 0 0 0 0 0 0 0.00711594 
EmittanceX 0
EmittanceY 0
BetaStar 0
