Runnumber 353060
BeginTimeOfFit 2022.06.05 10:33:36 GMT 1654425216
EndTimeOfFit 2022.06.05 10:33:59 GMT 1654425239
LumiRange 911 - 911
Type 2
X0 0.169079
Y0 -0.179781
Z0 -0.0339022
sigmaZ0 6.9226
dxdz -6.17577e-05
dydz 0.000315497
BeamWidthX 0.0197298
BeamWidthY 0.0174678
dxdy 0.018835
Cov(0,j) 1.44122e-07 -7.71208e-10 0 0 0 0 0 0 0 
Cov(1,j) -7.71208e-10 1.40454e-07 0 0 0 0 0 0 0 
Cov(2,j) 0 0 0.383325 0 0 0 0 0 0 
Cov(3,j) 0 0 0 0.191613 0 0 0 0 0 
Cov(4,j) 0 0 0 0 2.42358e-09 3.06411e-11 0 0 0 
Cov(5,j) 0 0 0 0 3.06411e-11 2.28783e-09 0 0 0 
Cov(6,j) 0 0 0 0 0 0 1.61363e-06 0 0 
Cov(7,j) 0 0 0 0 0 0 0 1.27441e-06 0 
Cov(8,j) 0 0 0 0 0 0 0 0 0.00833042 
EmittanceX 0
EmittanceY 0
BetaStar 0
