Runnumber 352568
BeginTimeOfFit 2022.05.29 09:29:14 GMT 1653816554
EndTimeOfFit 2022.05.29 09:29:38 GMT 1653816578
LumiRange 309 - 309
Type 2
X0 0.176752
Y0 -0.182038
Z0 0.0597209
sigmaZ0 6.08001
dxdz 0.000137664
dydz 0.000229518
BeamWidthX 0.0148981
BeamWidthY 0.0140879
dxdy -0.019101
Cov(0,j) 6.43959e-08 1.51043e-09 0 0 0 0 0 0 0 
Cov(1,j) 1.51043e-09 6.57105e-08 0 0 0 0 0 0 0 
Cov(2,j) 0 0 0.233946 0 0 0 0 0 0 
Cov(3,j) 0 0 0 0.11695 0 0 0 0 0 
Cov(4,j) 0 0 0 0 1.67497e-09 6.1399e-12 0 0 0 
Cov(5,j) 0 0 0 0 6.1399e-12 1.64218e-09 0 0 0 
Cov(6,j) 0 0 0 0 0 0 7.48374e-07 0 0 
Cov(7,j) 0 0 0 0 0 0 0 6.68997e-07 0 
Cov(8,j) 0 0 0 0 0 0 0 0 0.00672396 
EmittanceX 0
EmittanceY 0
BetaStar 0
