Runnumber 353060
BeginTimeOfFit 2022.06.05 08:49:05 GMT 1654418945
EndTimeOfFit 2022.06.05 08:49:29 GMT 1654418969
LumiRange 642 - 642
Type 2
X0 0.167325
Y0 -0.180607
Z0 0.129889
sigmaZ0 7.11514
dxdz 4.63055e-05
dydz 0.000161412
BeamWidthX 0.0158894
BeamWidthY 0.0162098
dxdy -0.159879
Cov(0,j) 8.24886e-08 -2.19481e-10 0 0 0 0 0 0 0 
Cov(1,j) -2.19481e-10 8.11405e-08 0 0 0 0 0 0 0 
Cov(2,j) 0 0 0.349095 0 0 0 0 0 0 
Cov(3,j) 0 0 0 0.174507 0 0 0 0 0 
Cov(4,j) 0 0 0 0 1.47515e-09 9.81554e-13 0 0 0 
Cov(5,j) 0 0 0 0 9.81554e-13 1.37617e-09 0 0 0 
Cov(6,j) 0 0 0 0 0 0 9.29263e-07 0 0 
Cov(7,j) 0 0 0 0 0 0 0 9.62615e-07 0 
Cov(8,j) 0 0 0 0 0 0 0 0 0.00694175 
EmittanceX 0
EmittanceY 0
BetaStar 0
