Runnumber 352900
BeginTimeOfFit 2022.06.03 07:06:52 GMT 1654240012
EndTimeOfFit 2022.06.03 07:07:15 GMT 1654240035
LumiRange 16 - 16
Type 2
X0 0.169231
Y0 -0.181792
Z0 0.288782
sigmaZ0 5.79294
dxdz 0.000165593
dydz 0.000223801
BeamWidthX 0.0129545
BeamWidthY 0.0133076
dxdy 0.0105094
Cov(0,j) 2.6202e-08 -3.79556e-10 0 0 0 0 0 0 0 
Cov(1,j) -3.79556e-10 2.58037e-08 0 0 0 0 0 0 0 
Cov(2,j) 0 0 0.0853872 0 0 0 0 0 0 
Cov(3,j) 0 0 0 0.0426906 0 0 0 0 0 
Cov(4,j) 0 0 0 0 7.36202e-10 -1.06605e-11 0 0 0 
Cov(5,j) 0 0 0 0 -1.06605e-11 7.34729e-10 0 0 0 
Cov(6,j) 0 0 0 0 0 0 2.32577e-07 0 0 
Cov(7,j) 0 0 0 0 0 0 0 2.42781e-07 0 
Cov(8,j) 0 0 0 0 0 0 0 0 0.00276154 
EmittanceX 0
EmittanceY 0
BetaStar 0
