Runnumber 353709
BeginTimeOfFit 2022.06.13 11:52:29 GMT 1655121149
EndTimeOfFit 2022.06.13 11:52:52 GMT 1655121172
LumiRange 42 - 42
Type 2
X0 0.173821
Y0 -0.179185
Z0 0.00136935
sigmaZ0 6.96748
dxdz 0.000128206
dydz 0.000180354
BeamWidthX 0.0167117
BeamWidthY 0.0182098
dxdy -0.0727525
Cov(0,j) 9.22833e-08 -8.16961e-10 0 0 0 0 0 0 0 
Cov(1,j) -8.16961e-10 9.16135e-08 0 0 0 0 0 0 0 
Cov(2,j) 0 0 0.275801 0 0 0 0 0 0 
Cov(3,j) 0 0 0 0.137873 0 0 0 0 0 
Cov(4,j) 0 0 0 0 1.67818e-09 1.76864e-12 0 0 0 
Cov(5,j) 0 0 0 0 1.76864e-12 1.67359e-09 0 0 0 
Cov(6,j) 0 0 0 0 0 0 8.29503e-07 0 0 
Cov(7,j) 0 0 0 0 0 0 0 9.82648e-07 0 
Cov(8,j) 0 0 0 0 0 0 0 0 0.00585779 
EmittanceX 0
EmittanceY 0
BetaStar 0
