Runnumber 353060
BeginTimeOfFit 2022.06.05 12:09:34 GMT 1654430974
EndTimeOfFit 2022.06.05 12:09:57 GMT 1654430997
LumiRange 1158 - 1158
Type 2
X0 0.164538
Y0 -0.180407
Z0 1.31245
sigmaZ0 6.8361
dxdz 5.70406e-05
dydz 0.000340115
BeamWidthX 0.0174872
BeamWidthY 0.0196801
dxdy -0.0675846
Cov(0,j) 1.98965e-07 5.44308e-10 0 0 0 0 0 0 0 
Cov(1,j) 5.44308e-10 1.92843e-07 0 0 0 0 0 0 0 
Cov(2,j) 0 0 0.584028 0 0 0 0 0 0 
Cov(3,j) 0 0 0 0.291898 0 0 0 0 0 
Cov(4,j) 0 0 0 0 3.69386e-09 -8.82389e-11 0 0 0 
Cov(5,j) 0 0 0 0 -8.82389e-11 3.59064e-09 0 0 0 
Cov(6,j) 0 0 0 0 0 0 1.98796e-06 0 0 
Cov(7,j) 0 0 0 0 0 0 0 2.49908e-06 0 
Cov(8,j) 0 0 0 0 0 0 0 0 0.0127503 
EmittanceX 0
EmittanceY 0
BetaStar 0
