Runnumber 352931
BeginTimeOfFit 2022.06.03 12:22:01 GMT 1654258921
EndTimeOfFit 2022.06.03 12:22:24 GMT 1654258944
LumiRange 139 - 139
Type 2
X0 0.16978
Y0 -0.181177
Z0 0.0100492
sigmaZ0 8.00568
dxdz 0.000105811
dydz 0.000169267
BeamWidthX 0.0171169
BeamWidthY 0.0176698
dxdy -0.0777599
Cov(0,j) 9.56847e-08 4.42204e-10 0 0 0 0 0 0 0 
Cov(1,j) 4.42204e-10 9.59844e-08 0 0 0 0 0 0 0 
Cov(2,j) 0 0 0.421586 0 0 0 0 0 0 
Cov(3,j) 0 0 0 0.210741 0 0 0 0 0 
Cov(4,j) 0 0 0 0 1.58045e-09 1.07922e-11 0 0 0 
Cov(5,j) 0 0 0 0 1.07922e-11 1.60324e-09 0 0 0 
Cov(6,j) 0 0 0 0 0 0 1.01905e-06 0 0 
Cov(7,j) 0 0 0 0 0 0 0 1.08505e-06 0 
Cov(8,j) 0 0 0 0 0 0 0 0 0.00684537 
EmittanceX 0
EmittanceY 0
BetaStar 0
