Runnumber 352417
BeginTimeOfFit 2022.05.27 08:03:41 GMT 1653638621
EndTimeOfFit 2022.05.27 08:04:05 GMT 1653638645
LumiRange 18 - 18
Type 2
X0 0.168865
Y0 -0.181222
Z0 -0.0922458
sigmaZ0 6.33016
dxdz 0.000270362
dydz 0.000143283
BeamWidthX 0.0132653
BeamWidthY 0.0137148
dxdy -0.020081
Cov(0,j) 5.67555e-08 -2.50942e-10 0 0 0 0 0 0 0 
Cov(1,j) -2.50942e-10 5.6257e-08 0 0 0 0 0 0 0 
Cov(2,j) 0 0 0.220152 0 0 0 0 0 0 
Cov(3,j) 0 0 0 0.110058 0 0 0 0 0 
Cov(4,j) 0 0 0 0 1.34074e-09 -1.02265e-11 0 0 0 
Cov(5,j) 0 0 0 0 -1.02265e-11 1.36504e-09 0 0 0 
Cov(6,j) 0 0 0 0 0 0 5.29461e-07 0 0 
Cov(7,j) 0 0 0 0 0 0 0 5.59144e-07 0 
Cov(8,j) 0 0 0 0 0 0 0 0 0.00595246 
EmittanceX 0
EmittanceY 0
BetaStar 0
