Runnumber 353015
BeginTimeOfFit 2022.06.04 04:13:37 GMT 1654316017
EndTimeOfFit 2022.06.04 04:14:01 GMT 1654316041
LumiRange 75 - 75
Type 2
X0 0.177784
Y0 -0.178241
Z0 0.945984
sigmaZ0 6.41774
dxdz 6.63805e-05
dydz 0.000216505
BeamWidthX 0.0146264
BeamWidthY 0.0147624
dxdy 0.0208721
Cov(0,j) 2.64558e-08 9.79346e-11 0 0 0 0 0 0 0 
Cov(1,j) 9.79346e-11 2.58677e-08 0 0 0 0 0 0 0 
Cov(2,j) 0 0 0.0919333 0 0 0 0 0 0 
Cov(3,j) 0 0 0 0.0459636 0 0 0 0 0 
Cov(4,j) 0 0 0 0 6.40745e-10 2.22681e-12 0 0 0 
Cov(5,j) 0 0 0 0 2.22681e-12 6.28284e-10 0 0 0 
Cov(6,j) 0 0 0 0 0 0 2.55502e-07 0 0 
Cov(7,j) 0 0 0 0 0 0 0 2.58746e-07 0 
Cov(8,j) 0 0 0 0 0 0 0 0 0.00238109 
EmittanceX 0
EmittanceY 0
BetaStar 0
