Runnumber 352425
BeginTimeOfFit 2022.05.27 10:21:05 GMT 1653646865
EndTimeOfFit 2022.05.27 10:21:28 GMT 1653646888
LumiRange 161 - 161
Type 2
X0 0.168657
Y0 -0.181053
Z0 -1.0283
sigmaZ0 7.62043
dxdz 0.000192825
dydz 0.000140393
BeamWidthX 0.0157993
BeamWidthY 0.0146531
dxdy -0.0515501
Cov(0,j) 9.65971e-08 -1.89565e-09 0 0 0 0 0 0 0 
Cov(1,j) -1.89565e-09 9.4133e-08 0 0 0 0 0 0 0 
Cov(2,j) 0 0 0.460803 0 0 0 0 0 0 
Cov(3,j) 0 0 0 0.230337 0 0 0 0 0 
Cov(4,j) 0 0 0 0 1.85341e-09 7.53313e-12 0 0 0 
Cov(5,j) 0 0 0 0 7.53313e-12 1.73664e-09 0 0 0 
Cov(6,j) 0 0 0 0 0 0 1.05286e-06 0 0 
Cov(7,j) 0 0 0 0 0 0 0 9.04239e-07 0 
Cov(8,j) 0 0 0 0 0 0 0 0 0.00840123 
EmittanceX 0
EmittanceY 0
BetaStar 0
