Runnumber 352493
BeginTimeOfFit 2022.05.28 06:50:50 GMT 1653720650
EndTimeOfFit 2022.05.28 06:51:13 GMT 1653720673
LumiRange 86 - 86
Type 2
X0 0.172319
Y0 -0.180868
Z0 0.0247642
sigmaZ0 4.96693
dxdz 0.000217526
dydz 0.000187352
BeamWidthX 0.0121285
BeamWidthY 0.0123376
dxdy -0.0374666
Cov(0,j) 1.39399e-07 -9.96737e-10 0 0 0 0 0 0 0 
Cov(1,j) -9.96737e-10 1.34392e-07 0 0 0 0 0 0 0 
Cov(2,j) 0 0 0.411112 0 0 0 0 0 0 
Cov(3,j) 0 0 0 0.205473 0 0 0 0 0 
Cov(4,j) 0 0 0 0 4.00848e-09 -1.60289e-10 0 0 0 
Cov(5,j) 0 0 0 0 -1.60289e-10 3.81159e-09 0 0 0 
Cov(6,j) 0 0 0 0 0 0 1.3539e-06 0 0 
Cov(7,j) 0 0 0 0 0 0 0 1.43249e-06 0 
Cov(8,j) 0 0 0 0 0 0 0 0 0.0184527 
EmittanceX 0
EmittanceY 0
BetaStar 0
