Runnumber 353015
BeginTimeOfFit 2022.06.04 04:25:17 GMT 1654316717
EndTimeOfFit 2022.06.04 04:25:40 GMT 1654316740
LumiRange 105 - 105
Type 2
X0 0.176801
Y0 -0.177665
Z0 0.196181
sigmaZ0 6.62272
dxdz 0.000115222
dydz 0.000154782
BeamWidthX 0.0134977
BeamWidthY 0.0153856
dxdy 0.0486591
Cov(0,j) 2.64622e-08 -2.31239e-10 0 0 0 0 0 0 0 
Cov(1,j) -2.31239e-10 2.63252e-08 0 0 0 0 0 0 0 
Cov(2,j) 0 0 0.0931189 0 0 0 0 0 0 
Cov(3,j) 0 0 0 0.0465563 0 0 0 0 0 
Cov(4,j) 0 0 0 0 6.17836e-10 -8.57883e-12 0 0 0 
Cov(5,j) 0 0 0 0 -8.57883e-12 6.28326e-10 0 0 0 
Cov(6,j) 0 0 0 0 0 0 2.08499e-07 0 0 
Cov(7,j) 0 0 0 0 0 0 0 2.66567e-07 0 
Cov(8,j) 0 0 0 0 0 0 0 0 0.00226209 
EmittanceX 0
EmittanceY 0
BetaStar 0
