Runnumber 353060
BeginTimeOfFit 2022.06.05 10:01:44 GMT 1654423304
EndTimeOfFit 2022.06.05 10:02:08 GMT 1654423328
LumiRange 829 - 829
Type 2
X0 0.167297
Y0 -0.179683
Z0 1.08266
sigmaZ0 7.06704
dxdz 0.000195843
dydz 0.000148382
BeamWidthX 0.0171582
BeamWidthY 0.0166921
dxdy 0.124794
Cov(0,j) 1.09104e-07 -5.90826e-10 0 0 0 0 0 0 0 
Cov(1,j) -5.90826e-10 1.08944e-07 0 0 0 0 0 0 0 
Cov(2,j) 0 0 0.361858 0 0 0 0 0 0 
Cov(3,j) 0 0 0 0.180889 0 0 0 0 0 
Cov(4,j) 0 0 0 0 1.81765e-09 -1.20303e-11 0 0 0 
Cov(5,j) 0 0 0 0 -1.20303e-11 1.79785e-09 0 0 0 
Cov(6,j) 0 0 0 0 0 0 1.12806e-06 0 0 
Cov(7,j) 0 0 0 0 0 0 0 1.07293e-06 0 
Cov(8,j) 0 0 0 0 0 0 0 0 0.00742587 
EmittanceX 0
EmittanceY 0
BetaStar 0
