Runnumber 353709
BeginTimeOfFit 2022.06.13 12:34:03 GMT 1655123643
EndTimeOfFit 2022.06.13 12:34:27 GMT 1655123667
LumiRange 149 - 149
Type 2
X0 0.173341
Y0 -0.179372
Z0 2.08447
sigmaZ0 6.84749
dxdz 0.000177321
dydz 0.000110241
BeamWidthX 0.0177826
BeamWidthY 0.0176896
dxdy 0.0655235
Cov(0,j) 1.02993e-07 -1.84903e-09 0 0 0 0 0 0 0 
Cov(1,j) -1.84903e-09 1.01942e-07 0 0 0 0 0 0 0 
Cov(2,j) 0 0 0.275785 0 0 0 0 0 0 
Cov(3,j) 0 0 0 0.137867 0 0 0 0 0 
Cov(4,j) 0 0 0 0 1.81543e-09 -3.63817e-11 0 0 0 
Cov(5,j) 0 0 0 0 -3.63817e-11 1.7911e-09 0 0 0 
Cov(6,j) 0 0 0 0 0 0 9.80208e-07 0 0 
Cov(7,j) 0 0 0 0 0 0 0 9.63905e-07 0 
Cov(8,j) 0 0 0 0 0 0 0 0 0.00613264 
EmittanceX 0
EmittanceY 0
BetaStar 0
