Runnumber 352568
BeginTimeOfFit 2022.05.29 08:18:08 GMT 1653812288
EndTimeOfFit 2022.05.29 08:18:32 GMT 1653812312
LumiRange 126 - 126
Type 2
X0 0.176656
Y0 -0.181794
Z0 0.573758
sigmaZ0 7.04436
dxdz 0.000152837
dydz 0.000225332
BeamWidthX 0.0152675
BeamWidthY 0.0147787
dxdy -0.0573087
Cov(0,j) 5.77554e-08 1.07502e-09 0 0 0 0 0 0 0 
Cov(1,j) 1.07502e-09 5.64563e-08 0 0 0 0 0 0 0 
Cov(2,j) 0 0 0.219554 0 0 0 0 0 0 
Cov(3,j) 0 0 0 0.109761 0 0 0 0 0 
Cov(4,j) 0 0 0 0 1.07742e-09 9.83052e-12 0 0 0 
Cov(5,j) 0 0 0 0 9.83052e-12 1.03097e-09 0 0 0 
Cov(6,j) 0 0 0 0 0 0 5.47562e-07 0 0 
Cov(7,j) 0 0 0 0 0 0 0 5.18199e-07 0 
Cov(8,j) 0 0 0 0 0 0 0 0 0.0046786 
EmittanceX 0
EmittanceY 0
BetaStar 0
