Runnumber 352503
BeginTimeOfFit 2022.05.28 09:03:11 GMT 1653728591
EndTimeOfFit 2022.05.28 09:03:34 GMT 1653728614
LumiRange 6 - 6
Type 2
X0 0.169127
Y0 -0.181134
Z0 0.625452
sigmaZ0 7.40547
dxdz 0.000157473
dydz 0.000234973
BeamWidthX 0.0150031
BeamWidthY 0.0154999
dxdy -0.104346
Cov(0,j) 5.37372e-08 6.02677e-10 0 0 0 0 0 0 0 
Cov(1,j) 6.02677e-10 5.35266e-08 0 0 0 0 0 0 0 
Cov(2,j) 0 0 0.245902 0 0 0 0 0 0 
Cov(3,j) 0 0 0 0.122932 0 0 0 0 0 
Cov(4,j) 0 0 0 0 9.94348e-10 9.56833e-13 0 0 0 
Cov(5,j) 0 0 0 0 9.56833e-13 9.93971e-10 0 0 0 
Cov(6,j) 0 0 0 0 0 0 5.35141e-07 0 0 
Cov(7,j) 0 0 0 0 0 0 0 5.76028e-07 0 
Cov(8,j) 0 0 0 0 0 0 0 0 0.0046852 
EmittanceX 0
EmittanceY 0
BetaStar 0
