Runnumber 352931
BeginTimeOfFit 2022.06.03 13:25:44 GMT 1654262744
EndTimeOfFit 2022.06.03 13:26:07 GMT 1654262767
LumiRange 303 - 303
Type 2
X0 0.169751
Y0 -0.179563
Z0 0.430547
sigmaZ0 7.07961
dxdz 0.000114333
dydz 0.000203013
BeamWidthX 0.0175111
BeamWidthY 0.0159436
dxdy -0.0232466
Cov(0,j) 1.04488e-07 -1.52107e-09 0 0 0 0 0 0 0 
Cov(1,j) -1.52107e-09 1.06789e-07 0 0 0 0 0 0 0 
Cov(2,j) 0 0 0.382549 0 0 0 0 0 0 
Cov(3,j) 0 0 0 0.191225 0 0 0 0 0 
Cov(4,j) 0 0 0 0 1.77297e-09 -1.69484e-11 0 0 0 
Cov(5,j) 0 0 0 0 -1.69484e-11 1.86315e-09 0 0 0 
Cov(6,j) 0 0 0 0 0 0 1.22766e-06 0 0 
Cov(7,j) 0 0 0 0 0 0 0 1.03293e-06 0 
Cov(8,j) 0 0 0 0 0 0 0 0 0.0080915 
EmittanceX 0
EmittanceY 0
BetaStar 0
