Runnumber 352509
BeginTimeOfFit 2022.05.28 12:26:33 GMT 1653740793
EndTimeOfFit 2022.05.28 12:26:57 GMT 1653740817
LumiRange 283 - 283
Type 2
X0 0.17071
Y0 -0.181979
Z0 -0.270204
sigmaZ0 7.67474
dxdz 0.000107747
dydz 0.000220282
BeamWidthX 0.0171276
BeamWidthY 0.0159252
dxdy -0.0369514
Cov(0,j) 9.68204e-08 3.34956e-10 0 0 0 0 0 0 0 
Cov(1,j) 3.34956e-10 9.64862e-08 0 0 0 0 0 0 0 
Cov(2,j) 0 0 0.411837 0 0 0 0 0 0 
Cov(3,j) 0 0 0 0.205867 0 0 0 0 0 
Cov(4,j) 0 0 0 0 1.69051e-09 -3.09125e-11 0 0 0 
Cov(5,j) 0 0 0 0 -3.09125e-11 1.65266e-09 0 0 0 
Cov(6,j) 0 0 0 0 0 0 1.07385e-06 0 0 
Cov(7,j) 0 0 0 0 0 0 0 9.41227e-07 0 
Cov(8,j) 0 0 0 0 0 0 0 0 0.00733989 
EmittanceX 0
EmittanceY 0
BetaStar 0
