Runnumber 353689
BeginTimeOfFit 2022.06.13 08:17:13 GMT 1655108233
EndTimeOfFit 2022.06.13 08:17:37 GMT 1655108257
LumiRange 53 - 53
Type 2
X0 0.172424
Y0 -0.181319
Z0 0.881534
sigmaZ0 5.95931
dxdz 0.000157671
dydz 0.000250606
BeamWidthX 0.0142505
BeamWidthY 0.0142323
dxdy 0.047039
Cov(0,j) 3.4253e-08 -6.09807e-10 0 0 0 0 0 0 0 
Cov(1,j) -6.09807e-10 3.40914e-08 0 0 0 0 0 0 0 
Cov(2,j) 0 0 0.102636 0 0 0 0 0 0 
Cov(3,j) 0 0 0 0.0513132 0 0 0 0 0 
Cov(4,j) 0 0 0 0 9.55457e-10 -1.59421e-11 0 0 0 
Cov(5,j) 0 0 0 0 -1.59421e-11 9.32059e-10 0 0 0 
Cov(6,j) 0 0 0 0 0 0 3.14262e-07 0 0 
Cov(7,j) 0 0 0 0 0 0 0 3.12203e-07 0 
Cov(8,j) 0 0 0 0 0 0 0 0 0.00307242 
EmittanceX 0
EmittanceY 0
BetaStar 0
