Runnumber 353709
BeginTimeOfFit 2022.06.13 11:48:59 GMT 1655120939
EndTimeOfFit 2022.06.13 11:49:22 GMT 1655120962
LumiRange 33 - 33
Type 2
X0 0.172841
Y0 -0.180493
Z0 0.84965
sigmaZ0 6.95743
dxdz 0.000117226
dydz 0.000119044
BeamWidthX 0.0176155
BeamWidthY 0.0174919
dxdy 0.0572037
Cov(0,j) 9.71791e-08 -9.65638e-10 0 0 0 0 0 0 0 
Cov(1,j) -9.65638e-10 9.53663e-08 0 0 0 0 0 0 0 
Cov(2,j) 0 0 0.279774 0 0 0 0 0 0 
Cov(3,j) 0 0 0 0.139861 0 0 0 0 0 
Cov(4,j) 0 0 0 0 1.75866e-09 -1.64707e-11 0 0 0 
Cov(5,j) 0 0 0 0 -1.64707e-11 1.76934e-09 0 0 0 
Cov(6,j) 0 0 0 0 0 0 9.42014e-07 0 0 
Cov(7,j) 0 0 0 0 0 0 0 9.26374e-07 0 
Cov(8,j) 0 0 0 0 0 0 0 0 0.00600814 
EmittanceX 0
EmittanceY 0
BetaStar 0
