Runnumber 352931
BeginTimeOfFit 2022.06.03 13:26:07 GMT 1654262767
EndTimeOfFit 2022.06.03 13:26:31 GMT 1654262791
LumiRange 304 - 304
Type 2
X0 0.169288
Y0 -0.179807
Z0 -0.703866
sigmaZ0 7.43085
dxdz 0.000147984
dydz 0.000100094
BeamWidthX 0.0151959
BeamWidthY 0.0180819
dxdy -0.0789544
Cov(0,j) 1.00044e-07 1.53804e-10 0 0 0 0 0 0 0 
Cov(1,j) 1.53804e-10 9.83734e-08 0 0 0 0 0 0 0 
Cov(2,j) 0 0 0.386082 0 0 0 0 0 0 
Cov(3,j) 0 0 0 0.192994 0 0 0 0 0 
Cov(4,j) 0 0 0 0 1.70163e-09 1.54546e-11 0 0 0 
Cov(5,j) 0 0 0 0 1.54546e-11 1.69903e-09 0 0 0 
Cov(6,j) 0 0 0 0 0 0 8.61459e-07 0 0 
Cov(7,j) 0 0 0 0 0 0 0 1.19714e-06 0 
Cov(8,j) 0 0 0 0 0 0 0 0 0.00731634 
EmittanceX 0
EmittanceY 0
BetaStar 0
