Runnumber 352568
BeginTimeOfFit 2022.05.29 11:07:32 GMT 1653822452
EndTimeOfFit 2022.05.29 11:07:55 GMT 1653822475
LumiRange 562 - 562
Type 2
X0 0.176707
Y0 -0.181467
Z0 0.432995
sigmaZ0 6.34138
dxdz 0.00017282
dydz 0.000127255
BeamWidthX 0.0166054
BeamWidthY 0.0156564
dxdy 0.0856126
Cov(0,j) 8.85512e-08 1.84774e-10 0 0 0 0 0 0 0 
Cov(1,j) 1.84774e-10 8.79073e-08 0 0 0 0 0 0 0 
Cov(2,j) 0 0 0.256111 0 0 0 0 0 0 
Cov(3,j) 0 0 0 0.128029 0 0 0 0 0 
Cov(4,j) 0 0 0 0 1.97489e-09 2.53624e-11 0 0 0 
Cov(5,j) 0 0 0 0 2.53624e-11 1.96373e-09 0 0 0 
Cov(6,j) 0 0 0 0 0 0 9.20924e-07 0 0 
Cov(7,j) 0 0 0 0 0 0 0 8.32063e-07 0 
Cov(8,j) 0 0 0 0 0 0 0 0 0.00663255 
EmittanceX 0
EmittanceY 0
BetaStar 0
