Runnumber 353060
BeginTimeOfFit 2022.06.05 04:54:25 GMT 1654404865
EndTimeOfFit 2022.06.05 04:54:49 GMT 1654404889
LumiRange 38 - 38
Type 2
X0 0.171155
Y0 -0.179138
Z0 -0.0233969
sigmaZ0 6.96053
dxdz 0.000149932
dydz 0.000186134
BeamWidthX 0.0127802
BeamWidthY 0.0140842
dxdy 0.0743579
Cov(0,j) 2.79094e-08 -4.25774e-10 0 0 0 0 0 0 0 
Cov(1,j) -4.25774e-10 2.71959e-08 0 0 0 0 0 0 0 
Cov(2,j) 0 0 0.120515 0 0 0 0 0 0 
Cov(3,j) 0 0 0 0.0602525 0 0 0 0 0 
Cov(4,j) 0 0 0 0 5.98942e-10 -8.23583e-12 0 0 0 
Cov(5,j) 0 0 0 0 -8.23583e-12 5.73099e-10 0 0 0 
Cov(6,j) 0 0 0 0 0 0 2.23023e-07 0 0 
Cov(7,j) 0 0 0 0 0 0 0 2.66404e-07 0 
Cov(8,j) 0 0 0 0 0 0 0 0 0.00267336 
EmittanceX 0
EmittanceY 0
BetaStar 0
