Runnumber 353018
BeginTimeOfFit 2022.06.04 07:44:59 GMT 1654328699
EndTimeOfFit 2022.06.04 07:45:22 GMT 1654328722
LumiRange 209 - 209
Type 2
X0 0.17412
Y0 -0.148806
Z0 0.776035
sigmaZ0 6.53271
dxdz 0.000201876
dydz 0.000148452
BeamWidthX 0.0123064
BeamWidthY 0.0212008
dxdy -0.107531
Cov(0,j) 2.79827e-07 2.69033e-09 0 0 0 0 0 0 0 
Cov(1,j) 2.69033e-09 2.68306e-07 0 0 0 0 0 0 0 
Cov(2,j) 0 0 0.992108 0 0 0 0 0 0 
Cov(3,j) 0 0 0 0.495695 0 0 0 0 0 
Cov(4,j) 0 0 0 0 6.36739e-09 -8.22955e-11 0 0 0 
Cov(5,j) 0 0 0 0 -8.22955e-11 5.91786e-09 0 0 0 
Cov(6,j) 0 0 0 0 0 0 1.9221e-06 0 0 
Cov(7,j) 0 0 0 0 0 0 0 5.40468e-06 0 
Cov(8,j) 0 0 0 0 0 0 0 0 0.0241672 
EmittanceX 0
EmittanceY 0
BetaStar 0
