Runnumber 352567
BeginTimeOfFit 2022.05.29 06:54:59 GMT 1653807299
EndTimeOfFit 2022.05.29 06:55:22 GMT 1653807322
LumiRange 40 - 40
Type 2
X0 0.176519
Y0 -0.181239
Z0 0.442713
sigmaZ0 6.76738
dxdz 0.000125188
dydz 0.00021853
BeamWidthX 0.0141017
BeamWidthY 0.0144732
dxdy -0.00964867
Cov(0,j) 3.97902e-08 6.93109e-10 0 0 0 0 0 0 0 
Cov(1,j) 6.93109e-10 3.95538e-08 0 0 0 0 0 0 0 
Cov(2,j) 0 0 0.147726 0 0 0 0 0 0 
Cov(3,j) 0 0 0 0.0738562 0 0 0 0 0 
Cov(4,j) 0 0 0 0 8.99222e-10 1.19605e-11 0 0 0 
Cov(5,j) 0 0 0 0 1.19605e-11 9.16852e-10 0 0 0 
Cov(6,j) 0 0 0 0 0 0 3.46926e-07 0 0 
Cov(7,j) 0 0 0 0 0 0 0 3.61695e-07 0 
Cov(8,j) 0 0 0 0 0 0 0 0 0.00348614 
EmittanceX 0
EmittanceY 0
BetaStar 0
