Runnumber 353087
BeginTimeOfFit 2022.06.05 15:36:41 GMT 1654443401
EndTimeOfFit 2022.06.05 15:37:04 GMT 1654443424
LumiRange 123 - 123
Type 2
X0 0.171765
Y0 -0.180296
Z0 0.634063
sigmaZ0 7.00284
dxdz 0.000241402
dydz 0.000155778
BeamWidthX 0.0132577
BeamWidthY 0.0146
dxdy -0.025974
Cov(0,j) 3.46414e-08 -1.00929e-10 0 0 0 0 0 0 0 
Cov(1,j) -1.00929e-10 3.43185e-08 0 0 0 0 0 0 0 
Cov(2,j) 0 0 0.158696 0 0 0 0 0 0 
Cov(3,j) 0 0 0 0.0793373 0 0 0 0 0 
Cov(4,j) 0 0 0 0 7.08033e-10 5.12934e-13 0 0 0 
Cov(5,j) 0 0 0 0 5.12934e-13 6.90468e-10 0 0 0 
Cov(6,j) 0 0 0 0 0 0 3.07756e-07 0 0 
Cov(7,j) 0 0 0 0 0 0 0 3.68682e-07 0 
Cov(8,j) 0 0 0 0 0 0 0 0 0.00345456 
EmittanceX 0
EmittanceY 0
BetaStar 0
