Runnumber 353060
BeginTimeOfFit 2022.06.05 10:06:24 GMT 1654423584
EndTimeOfFit 2022.06.05 10:06:48 GMT 1654423608
LumiRange 841 - 841
Type 2
X0 0.169607
Y0 -0.180335
Z0 0.825835
sigmaZ0 7.40851
dxdz 0.000179374
dydz 0.000218444
BeamWidthX 0.0152335
BeamWidthY 0.0181368
dxdy 0.00401657
Cov(0,j) 1.06518e-07 5.95521e-10 0 0 0 0 0 0 0 
Cov(1,j) 5.95521e-10 1.04766e-07 0 0 0 0 0 0 0 
Cov(2,j) 0 0 0.378472 0 0 0 0 0 0 
Cov(3,j) 0 0 0 0.189193 0 0 0 0 0 
Cov(4,j) 0 0 0 0 1.80413e-09 1.50623e-11 0 0 0 
Cov(5,j) 0 0 0 0 1.50623e-11 1.87474e-09 0 0 0 
Cov(6,j) 0 0 0 0 0 0 8.54081e-07 0 0 
Cov(7,j) 0 0 0 0 0 0 0 1.18488e-06 0 
Cov(8,j) 0 0 0 0 0 0 0 0 0.00724749 
EmittanceX 0
EmittanceY 0
BetaStar 0
