Runnumber 353018
BeginTimeOfFit 2022.06.04 07:54:19 GMT 1654329259
EndTimeOfFit 2022.06.04 07:54:42 GMT 1654329282
LumiRange 233 - 233
Type 2
X0 0.183859
Y0 -0.179396
Z0 0.0305074
sigmaZ0 6.66288
dxdz 0.0001006
dydz 0.000145782
BeamWidthX 0.0146435
BeamWidthY 0.0164129
dxdy 0.118027
Cov(0,j) 4.51312e-08 -3.25586e-10 0 0 0 0 0 0 0 
Cov(1,j) -3.25586e-10 4.37948e-08 0 0 0 0 0 0 0 
Cov(2,j) 0 0 0.145546 0 0 0 0 0 0 
Cov(3,j) 0 0 0 0.072765 0 0 0 0 0 
Cov(4,j) 0 0 0 0 9.24573e-10 6.4101e-12 0 0 0 
Cov(5,j) 0 0 0 0 6.4101e-12 8.83343e-10 0 0 0 
Cov(6,j) 0 0 0 0 0 0 3.73465e-07 0 0 
Cov(7,j) 0 0 0 0 0 0 0 4.64899e-07 0 
Cov(8,j) 0 0 0 0 0 0 0 0 0.00337259 
EmittanceX 0
EmittanceY 0
BetaStar 0
