Runnumber 352509
BeginTimeOfFit 2022.05.28 10:57:12 GMT 1653735432
EndTimeOfFit 2022.05.28 10:57:35 GMT 1653735455
LumiRange 53 - 53
Type 2
X0 0.170018
Y0 -0.182023
Z0 -0.171491
sigmaZ0 7.57587
dxdz 9.16704e-05
dydz 0.000134198
BeamWidthX 0.0165384
BeamWidthY 0.0154346
dxdy -0.0864582
Cov(0,j) 7.64137e-08 2.75901e-10 0 0 0 0 0 0 0 
Cov(1,j) 2.75901e-10 7.69926e-08 0 0 0 0 0 0 0 
Cov(2,j) 0 0 0.315315 0 0 0 0 0 0 
Cov(3,j) 0 0 0 0.157627 0 0 0 0 0 
Cov(4,j) 0 0 0 0 1.34045e-09 9.91976e-12 0 0 0 
Cov(5,j) 0 0 0 0 9.91976e-12 1.40271e-09 0 0 0 
Cov(6,j) 0 0 0 0 0 0 7.89577e-07 0 0 
Cov(7,j) 0 0 0 0 0 0 0 6.95442e-07 0 
Cov(8,j) 0 0 0 0 0 0 0 0 0.00570427 
EmittanceX 0
EmittanceY 0
BetaStar 0
