Runnumber 352493
BeginTimeOfFit 2022.05.28 07:14:09 GMT 1653722049
EndTimeOfFit 2022.05.28 07:14:32 GMT 1653722072
LumiRange 146 - 146
Type 2
X0 0.16985
Y0 -0.182171
Z0 -0.492018
sigmaZ0 7.11361
dxdz 0.000165301
dydz 0.000101341
BeamWidthX 0.0141636
BeamWidthY 0.0143044
dxdy -0.0357736
Cov(0,j) 3.65285e-08 1.63814e-11 0 0 0 0 0 0 0 
Cov(1,j) 1.63814e-11 3.54345e-08 0 0 0 0 0 0 0 
Cov(2,j) 0 0 0.166449 0 0 0 0 0 0 
Cov(3,j) 0 0 0 0.0832154 0 0 0 0 0 
Cov(4,j) 0 0 0 0 7.90654e-10 1.67154e-13 0 0 0 
Cov(5,j) 0 0 0 0 1.67154e-13 7.73183e-10 0 0 0 
Cov(6,j) 0 0 0 0 0 0 3.55419e-07 0 0 
Cov(7,j) 0 0 0 0 0 0 0 3.61217e-07 0 
Cov(8,j) 0 0 0 0 0 0 0 0 0.00353591 
EmittanceX 0
EmittanceY 0
BetaStar 0
