Runnumber 353018
BeginTimeOfFit 2022.06.04 09:00:45 GMT 1654333245
EndTimeOfFit 2022.06.04 09:01:08 GMT 1654333268
LumiRange 404 - 404
Type 2
X0 0.175519
Y0 -0.209928
Z0 -0.00808547
sigmaZ0 7.64302
dxdz 0.00015824
dydz 0.000200501
BeamWidthX 0.0158742
BeamWidthY 0.0176149
dxdy 0.0875905
Cov(0,j) 5.33759e-08 -3.07589e-10 0 0 0 0 0 0 0 
Cov(1,j) -3.07589e-10 5.24411e-08 0 0 0 0 0 0 0 
Cov(2,j) 0 0 0.225525 0 0 0 0 0 0 
Cov(3,j) 0 0 0 0.112747 0 0 0 0 0 
Cov(4,j) 0 0 0 0 1.03295e-09 -3.05383e-12 0 0 0 
Cov(5,j) 0 0 0 0 -3.05383e-12 1.02032e-09 0 0 0 
Cov(6,j) 0 0 0 0 0 0 5.11504e-07 0 0 
Cov(7,j) 0 0 0 0 0 0 0 6.27074e-07 0 
Cov(8,j) 0 0 0 0 0 0 0 0 0.00398933 
EmittanceX 0
EmittanceY 0
BetaStar 0
