Runnumber 352425
BeginTimeOfFit 2022.05.27 10:04:23 GMT 1653645863
EndTimeOfFit 2022.05.27 10:04:46 GMT 1653645886
LumiRange 118 - 118
Type 2
X0 0.168734
Y0 -0.181029
Z0 0.167611
sigmaZ0 7.77868
dxdz 0.000120567
dydz 0.000132863
BeamWidthX 0.0164287
BeamWidthY 0.017457
dxdy 0.116363
Cov(0,j) 1.14177e-07 -2.70587e-10 0 0 0 0 0 0 0 
Cov(1,j) -2.70587e-10 1.11742e-07 0 0 0 0 0 0 0 
Cov(2,j) 0 0 0.504139 0 0 0 0 0 0 
Cov(3,j) 0 0 0 0.251994 0 0 0 0 0 
Cov(4,j) 0 0 0 0 2.22839e-09 1.10735e-11 0 0 0 
Cov(5,j) 0 0 0 0 1.10735e-11 2.10662e-09 0 0 0 
Cov(6,j) 0 0 0 0 0 0 1.19106e-06 0 0 
Cov(7,j) 0 0 0 0 0 0 0 1.33793e-06 0 
Cov(8,j) 0 0 0 0 0 0 0 0 0.00853977 
EmittanceX 0
EmittanceY 0
BetaStar 0
