Runnumber 353087
BeginTimeOfFit 2022.06.05 15:28:08 GMT 1654442888
EndTimeOfFit 2022.06.05 15:28:31 GMT 1654442911
LumiRange 101 - 101
Type 2
X0 0.173473
Y0 -0.181021
Z0 -0.348477
sigmaZ0 6.79415
dxdz 0.0001041
dydz 0.000115195
BeamWidthX 0.0135887
BeamWidthY 0.013652
dxdy 0.0291315
Cov(0,j) 3.27167e-08 -3.08148e-10 0 0 0 0 0 0 0 
Cov(1,j) -3.08148e-10 3.21574e-08 0 0 0 0 0 0 0 
Cov(2,j) 0 0 0.130391 0 0 0 0 0 0 
Cov(3,j) 0 0 0 0.0651896 0 0 0 0 0 
Cov(4,j) 0 0 0 0 6.52917e-10 -6.55655e-12 0 0 0 
Cov(5,j) 0 0 0 0 -6.55655e-12 6.52721e-10 0 0 0 
Cov(6,j) 0 0 0 0 0 0 2.81869e-07 0 0 
Cov(7,j) 0 0 0 0 0 0 0 2.82759e-07 0 
Cov(8,j) 0 0 0 0 0 0 0 0 0.00303762 
EmittanceX 0
EmittanceY 0
BetaStar 0
