Runnumber 353060
BeginTimeOfFit 2022.06.05 07:43:49 GMT 1654415029
EndTimeOfFit 2022.06.05 07:44:12 GMT 1654415052
LumiRange 474 - 474
Type 2
X0 0.164277
Y0 -0.179092
Z0 -0.813298
sigmaZ0 7.16218
dxdz 0.000211203
dydz 0.000239959
BeamWidthX 0.014814
BeamWidthY 0.0159676
dxdy 0.0517133
Cov(0,j) 6.45047e-08 1.44787e-10 0 0 0 0 0 0 0 
Cov(1,j) 1.44787e-10 6.43084e-08 0 0 0 0 0 0 0 
Cov(2,j) 0 0 0.275761 0 0 0 0 0 0 
Cov(3,j) 0 0 0 0.137856 0 0 0 0 0 
Cov(4,j) 0 0 0 0 1.12849e-09 2.23446e-11 0 0 0 
Cov(5,j) 0 0 0 0 2.23446e-11 1.14648e-09 0 0 0 
Cov(6,j) 0 0 0 0 0 0 6.29838e-07 0 0 
Cov(7,j) 0 0 0 0 0 0 0 7.2608e-07 0 
Cov(8,j) 0 0 0 0 0 0 0 0 0.00566352 
EmittanceX 0
EmittanceY 0
BetaStar 0
