Runnumber 352568
BeginTimeOfFit 2022.05.29 11:00:56 GMT 1653822056
EndTimeOfFit 2022.05.29 11:01:19 GMT 1653822079
LumiRange 545 - 545
Type 2
X0 0.177031
Y0 -0.181671
Z0 -0.171147
sigmaZ0 6.40615
dxdz 0.000161357
dydz 0.000170621
BeamWidthX 0.0165532
BeamWidthY 0.0154045
dxdy -0.014424
Cov(0,j) 8.73096e-08 -2.99761e-10 0 0 0 0 0 0 0 
Cov(1,j) -2.99761e-10 8.72439e-08 0 0 0 0 0 0 0 
Cov(2,j) 0 0 0.271753 0 0 0 0 0 0 
Cov(3,j) 0 0 0 0.135848 0 0 0 0 0 
Cov(4,j) 0 0 0 0 2.06234e-09 2.17772e-11 0 0 0 
Cov(5,j) 0 0 0 0 2.17772e-11 2.00708e-09 0 0 0 
Cov(6,j) 0 0 0 0 0 0 9.61533e-07 0 0 
Cov(7,j) 0 0 0 0 0 0 0 8.34812e-07 0 
Cov(8,j) 0 0 0 0 0 0 0 0 0.00700395 
EmittanceX 0
EmittanceY 0
BetaStar 0
