Runnumber 352568
BeginTimeOfFit 2022.05.29 09:18:22 GMT 1653815902
EndTimeOfFit 2022.05.29 09:18:45 GMT 1653815925
LumiRange 281 - 281
Type 2
X0 0.177383
Y0 -0.181529
Z0 -0.035586
sigmaZ0 6.0194
dxdz 0.000144918
dydz 0.000295076
BeamWidthX 0.0147423
BeamWidthY 0.0156225
dxdy 0.00190886
Cov(0,j) 6.71455e-08 3.56636e-10 0 0 0 0 0 0 0 
Cov(1,j) 3.56636e-10 6.68074e-08 0 0 0 0 0 0 0 
Cov(2,j) 0 0 0.211874 0 0 0 0 0 0 
Cov(3,j) 0 0 0 0.10592 0 0 0 0 0 
Cov(4,j) 0 0 0 0 1.78253e-09 -6.30673e-12 0 0 0 
Cov(5,j) 0 0 0 0 -6.30673e-12 1.764e-09 0 0 0 
Cov(6,j) 0 0 0 0 0 0 6.8086e-07 0 0 
Cov(7,j) 0 0 0 0 0 0 0 7.58667e-07 0 
Cov(8,j) 0 0 0 0 0 0 0 0 0.00623727 
EmittanceX 0
EmittanceY 0
BetaStar 0
