Runnumber 352931
BeginTimeOfFit 2022.06.03 13:29:37 GMT 1654262977
EndTimeOfFit 2022.06.03 13:30:00 GMT 1654263000
LumiRange 313 - 313
Type 2
X0 0.16972
Y0 -0.179774
Z0 0.583278
sigmaZ0 7.0349
dxdz 0.000108341
dydz 0.000136216
BeamWidthX 0.0182631
BeamWidthY 0.0169258
dxdy 0.150322
Cov(0,j) 1.12733e-07 5.03848e-10 0 0 0 0 0 0 0 
Cov(1,j) 5.03848e-10 1.12892e-07 0 0 0 0 0 0 0 
Cov(2,j) 0 0 0.350946 0 0 0 0 0 0 
Cov(3,j) 0 0 0 0.175415 0 0 0 0 0 
Cov(4,j) 0 0 0 0 2.10025e-09 8.92951e-13 0 0 0 
Cov(5,j) 0 0 0 0 8.92951e-13 1.99385e-09 0 0 0 
Cov(6,j) 0 0 0 0 0 0 1.24211e-06 0 0 
Cov(7,j) 0 0 0 0 0 0 0 1.06742e-06 0 
Cov(8,j) 0 0 0 0 0 0 0 0 0.00710009 
EmittanceX 0
EmittanceY 0
BetaStar 0
