Runnumber 353018
BeginTimeOfFit 2022.06.04 07:58:58 GMT 1654329538
EndTimeOfFit 2022.06.04 07:59:22 GMT 1654329562
LumiRange 245 - 245
Type 2
X0 0.142865
Y0 -0.181096
Z0 -0.669978
sigmaZ0 7.07033
dxdz 0.000235002
dydz 0.000270025
BeamWidthX 0.0164275
BeamWidthY 0.0139174
dxdy 0.298859
Cov(0,j) 1.84469e-07 1.0741e-09 0 0 0 0 0 0 0 
Cov(1,j) 1.0741e-09 1.79087e-07 0 0 0 0 0 0 0 
Cov(2,j) 0 0 0.819255 0 0 0 0 0 0 
Cov(3,j) 0 0 0 0.409213 0 0 0 0 0 
Cov(4,j) 0 0 0 0 4.3243e-09 1.52223e-11 0 0 0 
Cov(5,j) 0 0 0 0 1.52223e-11 3.85778e-09 0 0 0 
Cov(6,j) 0 0 0 0 0 0 2.34966e-06 0 0 
Cov(7,j) 0 0 0 0 0 0 0 1.71107e-06 0 
Cov(8,j) 0 0 0 0 0 0 0 0 0.0145473 
EmittanceX 0
EmittanceY 0
BetaStar 0
