Runnumber 353689
BeginTimeOfFit 2022.06.13 08:31:36 GMT 1655109096
EndTimeOfFit 2022.06.13 08:31:59 GMT 1655109119
LumiRange 90 - 90
Type 2
X0 0.172626
Y0 -0.181275
Z0 0.722464
sigmaZ0 5.80456
dxdz 0.000135897
dydz 0.000183466
BeamWidthX 0.0145665
BeamWidthY 0.0152256
dxdy -0.0281139
Cov(0,j) 3.98453e-08 2.04973e-10 0 0 0 0 0 0 0 
Cov(1,j) 2.04973e-10 3.95196e-08 0 0 0 0 0 0 0 
Cov(2,j) 0 0 0.105287 0 0 0 0 0 0 
Cov(3,j) 0 0 0 0.0526381 0 0 0 0 0 
Cov(4,j) 0 0 0 0 1.02027e-09 2.86082e-12 0 0 0 
Cov(5,j) 0 0 0 0 2.86082e-12 1.04438e-09 0 0 0 
Cov(6,j) 0 0 0 0 0 0 3.54584e-07 0 0 
Cov(7,j) 0 0 0 0 0 0 0 3.84963e-07 0 
Cov(8,j) 0 0 0 0 0 0 0 0 0.00331531 
EmittanceX 0
EmittanceY 0
BetaStar 0
