Runnumber 352493
BeginTimeOfFit 2022.05.28 07:12:12 GMT 1653721932
EndTimeOfFit 2022.05.28 07:12:35 GMT 1653721955
LumiRange 141 - 141
Type 2
X0 0.170184
Y0 -0.182036
Z0 -0.131814
sigmaZ0 6.24812
dxdz 7.05382e-05
dydz 0.000187781
BeamWidthX 0.0145725
BeamWidthY 0.0140187
dxdy -0.00845021
Cov(0,j) 3.62971e-08 9.5659e-11 0 0 0 0 0 0 0 
Cov(1,j) 9.5659e-11 3.55428e-08 0 0 0 0 0 0 0 
Cov(2,j) 0 0 0.126334 0 0 0 0 0 0 
Cov(3,j) 0 0 0 0.0631612 0 0 0 0 0 
Cov(4,j) 0 0 0 0 8.4147e-10 1.08693e-12 0 0 0 
Cov(5,j) 0 0 0 0 1.08693e-12 8.24576e-10 0 0 0 
Cov(6,j) 0 0 0 0 0 0 3.67928e-07 0 0 
Cov(7,j) 0 0 0 0 0 0 0 3.40867e-07 0 
Cov(8,j) 0 0 0 0 0 0 0 0 0.00346082 
EmittanceX 0
EmittanceY 0
BetaStar 0
