Runnumber 352505
BeginTimeOfFit 2022.05.28 09:57:05 GMT 1653731825
EndTimeOfFit 2022.05.28 09:57:28 GMT 1653731848
LumiRange 95 - 95
Type 2
X0 0.169697
Y0 -0.18116
Z0 0.0656027
sigmaZ0 6.87858
dxdz 0.000105726
dydz 0.000166674
BeamWidthX 0.0153936
BeamWidthY 0.0154074
dxdy -0.0766762
Cov(0,j) 6.28404e-08 2.71471e-10 0 0 0 0 0 0 0 
Cov(1,j) 2.71471e-10 6.08841e-08 0 0 0 0 0 0 0 
Cov(2,j) 0 0 0.223165 0 0 0 0 0 0 
Cov(3,j) 0 0 0 0.111566 0 0 0 0 0 
Cov(4,j) 0 0 0 0 1.1779e-09 3.20429e-12 0 0 0 
Cov(5,j) 0 0 0 0 3.20429e-12 1.15942e-09 0 0 0 
Cov(6,j) 0 0 0 0 0 0 5.91112e-07 0 0 
Cov(7,j) 0 0 0 0 0 0 0 5.94154e-07 0 
Cov(8,j) 0 0 0 0 0 0 0 0 0.00494372 
EmittanceX 0
EmittanceY 0
BetaStar 0
