Runnumber 352425
BeginTimeOfFit 2022.05.27 10:30:01 GMT 1653647401
EndTimeOfFit 2022.05.27 10:30:24 GMT 1653647424
LumiRange 184 - 184
Type 2
X0 0.170091
Y0 -0.181596
Z0 0.264413
sigmaZ0 7.3551
dxdz 0.00010375
dydz 0.000151934
BeamWidthX 0.0155318
BeamWidthY 0.015737
dxdy 0.216084
Cov(0,j) 1.08733e-07 -1.00621e-09 0 0 0 0 0 0 0 
Cov(1,j) -1.00621e-09 1.04961e-07 0 0 0 0 0 0 0 
Cov(2,j) 0 0 0.478655 0 0 0 0 0 0 
Cov(3,j) 0 0 0 0.239256 0 0 0 0 0 
Cov(4,j) 0 0 0 0 2.00567e-09 -2.59696e-11 0 0 0 
Cov(5,j) 0 0 0 0 -2.59696e-11 2.03307e-09 0 0 0 
Cov(6,j) 0 0 0 0 0 0 1.12427e-06 0 0 
Cov(7,j) 0 0 0 0 0 0 0 1.15799e-06 0 
Cov(8,j) 0 0 0 0 0 0 0 0 0.00849876 
EmittanceX 0
EmittanceY 0
BetaStar 0
