Runnumber 352931
BeginTimeOfFit 2022.06.03 12:47:39 GMT 1654260459
EndTimeOfFit 2022.06.03 12:48:03 GMT 1654260483
LumiRange 205 - 205
Type 2
X0 0.169161
Y0 -0.180395
Z0 -0.270135
sigmaZ0 7.27857
dxdz 8.40264e-05
dydz 0.000250038
BeamWidthX 0.0161575
BeamWidthY 0.0149375
dxdy -0.0677807
Cov(0,j) 1.24134e-07 -3.28517e-10 0 0 0 0 0 0 0 
Cov(1,j) -3.28517e-10 1.24452e-07 0 0 0 0 0 0 0 
Cov(2,j) 0 0 0.472933 0 0 0 0 0 0 
Cov(3,j) 0 0 0 0.236393 0 0 0 0 0 
Cov(4,j) 0 0 0 0 2.06841e-09 3.89982e-11 0 0 0 
Cov(5,j) 0 0 0 0 3.89982e-11 2.09848e-09 0 0 0 
Cov(6,j) 0 0 0 0 0 0 1.23476e-06 0 0 
Cov(7,j) 0 0 0 0 0 0 0 1.06449e-06 0 
Cov(8,j) 0 0 0 0 0 0 0 0 0.00942109 
EmittanceX 0
EmittanceY 0
BetaStar 0
