Runnumber 353087
BeginTimeOfFit 2022.06.05 14:57:26 GMT 1654441046
EndTimeOfFit 2022.06.05 14:57:50 GMT 1654441070
LumiRange 22 - 22
Type 2
X0 0.171163
Y0 -0.179616
Z0 -0.186818
sigmaZ0 6.73964
dxdz 0.000164088
dydz 0.000168673
BeamWidthX 0.0133286
BeamWidthY 0.0133647
dxdy 0.0728539
Cov(0,j) 2.79173e-08 -5.46915e-11 0 0 0 0 0 0 0 
Cov(1,j) -5.46915e-11 2.74626e-08 0 0 0 0 0 0 0 
Cov(2,j) 0 0 0.113837 0 0 0 0 0 0 
Cov(3,j) 0 0 0 0.0569138 0 0 0 0 0 
Cov(4,j) 0 0 0 0 6.12548e-10 -5.82192e-12 0 0 0 
Cov(5,j) 0 0 0 0 -5.82192e-12 6.06115e-10 0 0 0 
Cov(6,j) 0 0 0 0 0 0 2.4148e-07 0 0 
Cov(7,j) 0 0 0 0 0 0 0 2.41347e-07 0 
Cov(8,j) 0 0 0 0 0 0 0 0 0.00267488 
EmittanceX 0
EmittanceY 0
BetaStar 0
