Runnumber 353018
BeginTimeOfFit 2022.06.04 08:45:59 GMT 1654332359
EndTimeOfFit 2022.06.04 08:46:22 GMT 1654332382
LumiRange 366 - 366
Type 2
X0 0.1752
Y0 -0.180386
Z0 -0.0233375
sigmaZ0 6.8411
dxdz 0.00011131
dydz 0.000188979
BeamWidthX 0.0147512
BeamWidthY 0.0168754
dxdy -0.00952103
Cov(0,j) 4.64579e-08 3.41893e-10 0 0 0 0 0 0 0 
Cov(1,j) 3.41893e-10 4.61198e-08 0 0 0 0 0 0 0 
Cov(2,j) 0 0 0.181386 0 0 0 0 0 0 
Cov(3,j) 0 0 0 0.0906819 0 0 0 0 0 
Cov(4,j) 0 0 0 0 8.62718e-10 1.42567e-13 0 0 0 
Cov(5,j) 0 0 0 0 1.42567e-13 8.68425e-10 0 0 0 
Cov(6,j) 0 0 0 0 0 0 4.51396e-07 0 0 
Cov(7,j) 0 0 0 0 0 0 0 5.80112e-07 0 
Cov(8,j) 0 0 0 0 0 0 0 0 0.00411388 
EmittanceX 0
EmittanceY 0
BetaStar 0
