Runnumber 352493
BeginTimeOfFit 2022.05.28 06:41:54 GMT 1653720114
EndTimeOfFit 2022.05.28 06:42:17 GMT 1653720137
LumiRange 63 - 63
Type 2
X0 0.170246
Y0 -0.182261
Z0 -0.553132
sigmaZ0 5.90773
dxdz 0.00010418
dydz 0.000261536
BeamWidthX 0.0132259
BeamWidthY 0.0134263
dxdy 0.00185793
Cov(0,j) 2.85394e-08 -1.64983e-10 0 0 0 0 0 0 0 
Cov(1,j) -1.64983e-10 2.85603e-08 0 0 0 0 0 0 0 
Cov(2,j) 0 0 0.105758 0 0 0 0 0 0 
Cov(3,j) 0 0 0 0.0528746 0 0 0 0 0 
Cov(4,j) 0 0 0 0 7.71354e-10 3.50198e-12 0 0 0 
Cov(5,j) 0 0 0 0 3.50198e-12 7.47213e-10 0 0 0 
Cov(6,j) 0 0 0 0 0 0 2.88296e-07 0 0 
Cov(7,j) 0 0 0 0 0 0 0 2.95289e-07 0 
Cov(8,j) 0 0 0 0 0 0 0 0 0.00327384 
EmittanceX 0
EmittanceY 0
BetaStar 0
