Runnumber 353060
BeginTimeOfFit 2022.06.05 11:33:49 GMT 1654428829
EndTimeOfFit 2022.06.05 11:34:12 GMT 1654428852
LumiRange 1066 - 1066
Type 2
X0 0.165578
Y0 -0.179285
Z0 0.27699
sigmaZ0 7.86263
dxdz 0.00021093
dydz 0.00021914
BeamWidthX 0.018553
BeamWidthY 0.0161212
dxdy -0.0134814
Cov(0,j) 1.53533e-07 -1.53971e-09 0 0 0 0 0 0 0 
Cov(1,j) -1.53971e-09 1.46967e-07 0 0 0 0 0 0 0 
Cov(2,j) 0 0 0.624311 0 0 0 0 0 0 
Cov(3,j) 0 0 0 0.312041 0 0 0 0 0 
Cov(4,j) 0 0 0 0 2.63066e-09 -8.18149e-11 0 0 0 
Cov(5,j) 0 0 0 0 -8.18149e-11 2.61835e-09 0 0 0 
Cov(6,j) 0 0 0 0 0 0 1.81741e-06 0 0 
Cov(7,j) 0 0 0 0 0 0 0 1.39419e-06 0 
Cov(8,j) 0 0 0 0 0 0 0 0 0.0106093 
EmittanceX 0
EmittanceY 0
BetaStar 0
