Runnumber 353060
BeginTimeOfFit 2022.06.05 12:03:21 GMT 1654430601
EndTimeOfFit 2022.06.05 12:03:44 GMT 1654430624
LumiRange 1142 - 1142
Type 2
X0 0.165558
Y0 -0.180416
Z0 0.277409
sigmaZ0 7.01368
dxdz 0.000238775
dydz 0.000270356
BeamWidthX 0.0179134
BeamWidthY 0.016528
dxdy -0.0990565
Cov(0,j) 1.66296e-07 4.57576e-10 0 0 0 0 0 0 0 
Cov(1,j) 4.57576e-10 1.6078e-07 0 0 0 0 0 0 0 
Cov(2,j) 0 0 0.622538 0 0 0 0 0 0 
Cov(3,j) 0 0 0 0.311152 0 0 0 0 0 
Cov(4,j) 0 0 0 0 3.08554e-09 4.61432e-11 0 0 0 
Cov(5,j) 0 0 0 0 4.61432e-11 3.08026e-09 0 0 0 
Cov(6,j) 0 0 0 0 0 0 2.11382e-06 0 0 
Cov(7,j) 0 0 0 0 0 0 0 1.82918e-06 0 
Cov(8,j) 0 0 0 0 0 0 0 0 0.0129233 
EmittanceX 0
EmittanceY 0
BetaStar 0
