Runnumber 352505
BeginTimeOfFit 2022.05.28 09:27:33 GMT 1653730053
EndTimeOfFit 2022.05.28 09:27:56 GMT 1653730076
LumiRange 19 - 19
Type 2
X0 0.170621
Y0 -0.181322
Z0 -0.180296
sigmaZ0 7.13559
dxdz 0.000163988
dydz 0.000287004
BeamWidthX 0.0159948
BeamWidthY 0.0172476
dxdy 0.0560868
Cov(0,j) 6.46278e-08 8.11875e-10 0 0 0 0 0 0 0 
Cov(1,j) 8.11875e-10 6.38727e-08 0 0 0 0 0 0 0 
Cov(2,j) 0 0 0.224284 0 0 0 0 0 0 
Cov(3,j) 0 0 0 0.112125 0 0 0 0 0 
Cov(4,j) 0 0 0 0 1.13675e-09 2.29828e-11 0 0 0 
Cov(5,j) 0 0 0 0 2.29828e-11 1.14821e-09 0 0 0 
Cov(6,j) 0 0 0 0 0 0 5.97329e-07 0 0 
Cov(7,j) 0 0 0 0 0 0 0 6.90917e-07 0 
Cov(8,j) 0 0 0 0 0 0 0 0 0.00460424 
EmittanceX 0
EmittanceY 0
BetaStar 0
