Runnumber 352509
BeginTimeOfFit 2022.05.28 11:50:25 GMT 1653738625
EndTimeOfFit 2022.05.28 11:50:49 GMT 1653738649
LumiRange 190 - 190
Type 2
X0 0.170726
Y0 -0.181945
Z0 0.211106
sigmaZ0 8.40157
dxdz 0.000190469
dydz 0.000201137
BeamWidthX 0.0157302
BeamWidthY 0.0165879
dxdy 0.0695272
Cov(0,j) 7.94981e-08 1.20446e-09 0 0 0 0 0 0 0 
Cov(1,j) 1.20446e-09 7.9615e-08 0 0 0 0 0 0 0 
Cov(2,j) 0 0 0.365683 0 0 0 0 0 0 
Cov(3,j) 0 0 0 0.182807 0 0 0 0 0 
Cov(4,j) 0 0 0 0 1.31576e-09 2.7535e-11 0 0 0 
Cov(5,j) 0 0 0 0 2.7535e-11 1.33657e-09 0 0 0 
Cov(6,j) 0 0 0 0 0 0 6.78349e-07 0 0 
Cov(7,j) 0 0 0 0 0 0 0 7.52638e-07 0 
Cov(8,j) 0 0 0 0 0 0 0 0 0.00541889 
EmittanceX 0
EmittanceY 0
BetaStar 0
