Runnumber 352499
BeginTimeOfFit 2022.05.28 08:43:39 GMT 1653727419
EndTimeOfFit 2022.05.28 08:44:02 GMT 1653727442
LumiRange 57 - 57
Type 2
X0 0.170223
Y0 -0.1818
Z0 0.34887
sigmaZ0 6.7251
dxdz 0.000130352
dydz 0.000241189
BeamWidthX 0.0144805
BeamWidthY 0.0157929
dxdy 0.0467672
Cov(0,j) 4.92353e-08 6.19331e-12 0 0 0 0 0 0 0 
Cov(1,j) 6.19331e-12 4.89112e-08 0 0 0 0 0 0 0 
Cov(2,j) 0 0 0.161515 0 0 0 0 0 0 
Cov(3,j) 0 0 0 0.0807485 0 0 0 0 0 
Cov(4,j) 0 0 0 0 9.72848e-10 -1.32114e-11 0 0 0 
Cov(5,j) 0 0 0 0 -1.32114e-11 9.64697e-10 0 0 0 
Cov(6,j) 0 0 0 0 0 0 4.04139e-07 0 0 
Cov(7,j) 0 0 0 0 0 0 0 4.7117e-07 0 
Cov(8,j) 0 0 0 0 0 0 0 0 0.00379354 
EmittanceX 0
EmittanceY 0
BetaStar 0
