Runnumber 352568
BeginTimeOfFit 2022.05.29 08:32:08 GMT 1653813128
EndTimeOfFit 2022.05.29 08:32:31 GMT 1653813151
LumiRange 162 - 162
Type 2
X0 0.175986
Y0 -0.181854
Z0 0.382275
sigmaZ0 6.97633
dxdz 0.000173319
dydz 0.000235671
BeamWidthX 0.0147511
BeamWidthY 0.0149134
dxdy 0.0305053
Cov(0,j) 6.04167e-08 4.11233e-10 0 0 0 0 0 0 0 
Cov(1,j) 4.11233e-10 5.91372e-08 0 0 0 0 0 0 0 
Cov(2,j) 0 0 0.245782 0 0 0 0 0 0 
Cov(3,j) 0 0 0 0.122871 0 0 0 0 0 
Cov(4,j) 0 0 0 0 1.11096e-09 -1.90513e-11 0 0 0 
Cov(5,j) 0 0 0 0 -1.90513e-11 1.08647e-09 0 0 0 
Cov(6,j) 0 0 0 0 0 0 5.85478e-07 0 0 
Cov(7,j) 0 0 0 0 0 0 0 5.98215e-07 0 
Cov(8,j) 0 0 0 0 0 0 0 0 0.00538771 
EmittanceX 0
EmittanceY 0
BetaStar 0
