Runnumber 353709
BeginTimeOfFit 2022.06.13 12:35:13 GMT 1655123713
EndTimeOfFit 2022.06.13 12:35:36 GMT 1655123736
LumiRange 152 - 152
Type 2
X0 0.173716
Y0 -0.180066
Z0 0.228177
sigmaZ0 6.92232
dxdz 4.604e-05
dydz 0.000222632
BeamWidthX 0.0172676
BeamWidthY 0.0175275
dxdy 0.0641731
Cov(0,j) 1.05037e-07 1.29924e-09 0 0 0 0 0 0 0 
Cov(1,j) 1.29924e-09 1.02554e-07 0 0 0 0 0 0 0 
Cov(2,j) 0 0 0.309117 0 0 0 0 0 0 
Cov(3,j) 0 0 0 0.154526 0 0 0 0 0 
Cov(4,j) 0 0 0 0 1.79189e-09 2.67992e-11 0 0 0 
Cov(5,j) 0 0 0 0 2.67992e-11 1.82336e-09 0 0 0 
Cov(6,j) 0 0 0 0 0 0 1.00914e-06 0 0 
Cov(7,j) 0 0 0 0 0 0 0 1.03803e-06 0 
Cov(8,j) 0 0 0 0 0 0 0 0 0.00672014 
EmittanceX 0
EmittanceY 0
BetaStar 0
