Runnumber 353015
BeginTimeOfFit 2022.06.04 04:48:35 GMT 1654318115
EndTimeOfFit 2022.06.04 04:48:59 GMT 1654318139
LumiRange 165 - 165
Type 2
X0 0.17615
Y0 -0.178074
Z0 -0.132821
sigmaZ0 6.47206
dxdz 0.000146055
dydz 0.00017929
BeamWidthX 0.0144247
BeamWidthY 0.0154135
dxdy 0.0311508
Cov(0,j) 2.97631e-08 -5.02456e-11 0 0 0 0 0 0 0 
Cov(1,j) -5.02456e-11 2.94582e-08 0 0 0 0 0 0 0 
Cov(2,j) 0 0 0.0937051 0 0 0 0 0 0 
Cov(3,j) 0 0 0 0.0468491 0 0 0 0 0 
Cov(4,j) 0 0 0 0 6.76608e-10 -1.18835e-11 0 0 0 
Cov(5,j) 0 0 0 0 -1.18835e-11 6.57159e-10 0 0 0 
Cov(6,j) 0 0 0 0 0 0 2.48337e-07 0 0 
Cov(7,j) 0 0 0 0 0 0 0 2.83789e-07 0 
Cov(8,j) 0 0 0 0 0 0 0 0 0.00238871 
EmittanceX 0
EmittanceY 0
BetaStar 0
