Runnumber 352572
BeginTimeOfFit 2022.05.29 12:10:38 GMT 1653826238
EndTimeOfFit 2022.05.29 12:11:02 GMT 1653826262
LumiRange 51 - 51
Type 2
X0 0.176661
Y0 -0.181039
Z0 0.01738
sigmaZ0 7.04821
dxdz 0.000107291
dydz 0.000167497
BeamWidthX 0.0149054
BeamWidthY 0.0161484
dxdy 0.0129688
Cov(0,j) 8.93286e-08 -3.20515e-10 0 0 0 0 0 0 0 
Cov(1,j) -3.20515e-10 8.91979e-08 0 0 0 0 0 0 0 
Cov(2,j) 0 0 0.347349 0 0 0 0 0 0 
Cov(3,j) 0 0 0 0.173636 0 0 0 0 0 
Cov(4,j) 0 0 0 0 1.93452e-09 9.36111e-12 0 0 0 
Cov(5,j) 0 0 0 0 9.36111e-12 1.93445e-09 0 0 0 
Cov(6,j) 0 0 0 0 0 0 8.24558e-07 0 0 
Cov(7,j) 0 0 0 0 0 0 0 9.72116e-07 0 
Cov(8,j) 0 0 0 0 0 0 0 0 0.00741436 
EmittanceX 0
EmittanceY 0
BetaStar 0
