Runnumber 352568
BeginTimeOfFit 2022.05.29 11:21:08 GMT 1653823268
EndTimeOfFit 2022.05.29 11:21:31 GMT 1653823291
LumiRange 597 - 597
Type 2
X0 0.176456
Y0 -0.181398
Z0 0.134333
sigmaZ0 6.10852
dxdz 0.000200253
dydz 0.000236373
BeamWidthX 0.0154756
BeamWidthY 0.0167284
dxdy -0.107082
Cov(0,j) 8.96049e-08 1.05148e-09 0 0 0 0 0 0 0 
Cov(1,j) 1.05148e-09 8.89625e-08 0 0 0 0 0 0 0 
Cov(2,j) 0 0 0.255552 0 0 0 0 0 0 
Cov(3,j) 0 0 0 0.127751 0 0 0 0 0 
Cov(4,j) 0 0 0 0 1.97243e-09 1.38987e-11 0 0 0 
Cov(5,j) 0 0 0 0 1.38987e-11 2.03546e-09 0 0 0 
Cov(6,j) 0 0 0 0 0 0 8.7505e-07 0 0 
Cov(7,j) 0 0 0 0 0 0 0 1.00848e-06 0 
Cov(8,j) 0 0 0 0 0 0 0 0 0.00710148 
EmittanceX 0
EmittanceY 0
BetaStar 0
