Runnumber 352568
BeginTimeOfFit 2022.05.29 09:45:33 GMT 1653817533
EndTimeOfFit 2022.05.29 09:45:57 GMT 1653817557
LumiRange 351 - 351
Type 2
X0 0.176573
Y0 -0.181807
Z0 -0.263277
sigmaZ0 6.15802
dxdz 0.000140875
dydz 0.000146983
BeamWidthX 0.01461
BeamWidthY 0.0142355
dxdy -0.0180619
Cov(0,j) 6.50861e-08 4.12638e-10 0 0 0 0 0 0 0 
Cov(1,j) 4.12638e-10 6.57186e-08 0 0 0 0 0 0 0 
Cov(2,j) 0 0 0.227055 0 0 0 0 0 0 
Cov(3,j) 0 0 0 0.113508 0 0 0 0 0 
Cov(4,j) 0 0 0 0 1.64149e-09 2.11604e-12 0 0 0 
Cov(5,j) 0 0 0 0 2.11604e-12 1.63686e-09 0 0 0 
Cov(6,j) 0 0 0 0 0 0 6.81766e-07 0 0 
Cov(7,j) 0 0 0 0 0 0 0 6.49784e-07 0 
Cov(8,j) 0 0 0 0 0 0 0 0 0.0063823 
EmittanceX 0
EmittanceY 0
BetaStar 0
