Runnumber 353060
BeginTimeOfFit 2022.06.05 11:17:30 GMT 1654427850
EndTimeOfFit 2022.06.05 11:17:53 GMT 1654427873
LumiRange 1024 - 1024
Type 2
X0 0.167493
Y0 -0.180033
Z0 0.253271
sigmaZ0 7.25223
dxdz 0.000120108
dydz 0.000165554
BeamWidthX 0.0157666
BeamWidthY 0.0183561
dxdy -0.127748
Cov(0,j) 1.50131e-07 -3.88144e-09 0 0 0 0 0 0 0 
Cov(1,j) -3.88144e-09 1.40402e-07 0 0 0 0 0 0 0 
Cov(2,j) 0 0 0.500811 0 0 0 0 0 0 
Cov(3,j) 0 0 0 0.250323 0 0 0 0 0 
Cov(4,j) 0 0 0 0 2.81261e-09 -7.44067e-11 0 0 0 
Cov(5,j) 0 0 0 0 -7.44067e-11 2.59171e-09 0 0 0 
Cov(6,j) 0 0 0 0 0 0 1.26088e-06 0 0 
Cov(7,j) 0 0 0 0 0 0 0 1.67011e-06 0 
Cov(8,j) 0 0 0 0 0 0 0 0 0.0096694 
EmittanceX 0
EmittanceY 0
BetaStar 0
