Runnumber 353689
BeginTimeOfFit 2022.06.13 08:52:35 GMT 1655110355
EndTimeOfFit 2022.06.13 08:52:58 GMT 1655110378
LumiRange 144 - 144
Type 2
X0 0.171562
Y0 -0.181564
Z0 1.24186
sigmaZ0 6.03436
dxdz 3.20928e-05
dydz 0.000171791
BeamWidthX 0.0132798
BeamWidthY 0.0154918
dxdy 0.0696884
Cov(0,j) 4.15344e-08 5.5989e-10 0 0 0 0 0 0 0 
Cov(1,j) 5.5989e-10 4.05619e-08 0 0 0 0 0 0 0 
Cov(2,j) 0 0 0.119776 0 0 0 0 0 0 
Cov(3,j) 0 0 0 0.0598826 0 0 0 0 0 
Cov(4,j) 0 0 0 0 9.69199e-10 1.35772e-11 0 0 0 
Cov(5,j) 0 0 0 0 1.35772e-11 9.73029e-10 0 0 0 
Cov(6,j) 0 0 0 0 0 0 3.12495e-07 0 0 
Cov(7,j) 0 0 0 0 0 0 0 4.17532e-07 0 
Cov(8,j) 0 0 0 0 0 0 0 0 0.00347266 
EmittanceX 0
EmittanceY 0
BetaStar 0
