Runnumber 352568
BeginTimeOfFit 2022.05.29 10:47:20 GMT 1653821240
EndTimeOfFit 2022.05.29 10:47:43 GMT 1653821263
LumiRange 510 - 510
Type 2
X0 0.176772
Y0 -0.181685
Z0 -0.0486734
sigmaZ0 6.74009
dxdz 0.000228352
dydz 0.000120188
BeamWidthX 0.0146294
BeamWidthY 0.0147261
dxdy 0.136669
Cov(0,j) 7.32266e-08 2.8985e-10 0 0 0 0 0 0 0 
Cov(1,j) 2.8985e-10 7.2622e-08 0 0 0 0 0 0 0 
Cov(2,j) 0 0 0.296888 0 0 0 0 0 0 
Cov(3,j) 0 0 0 0.148413 0 0 0 0 0 
Cov(4,j) 0 0 0 0 1.6049e-09 2.9544e-11 0 0 0 
Cov(5,j) 0 0 0 0 2.9544e-11 1.58498e-09 0 0 0 
Cov(6,j) 0 0 0 0 0 0 7.43201e-07 0 0 
Cov(7,j) 0 0 0 0 0 0 0 7.59114e-07 0 
Cov(8,j) 0 0 0 0 0 0 0 0 0.00674172 
EmittanceX 0
EmittanceY 0
BetaStar 0
