Runnumber 352493
BeginTimeOfFit 2022.05.28 07:11:02 GMT 1653721862
EndTimeOfFit 2022.05.28 07:11:25 GMT 1653721885
LumiRange 138 - 138
Type 2
X0 0.169956
Y0 -0.182035
Z0 0.00234954
sigmaZ0 6.64224
dxdz 0.000161143
dydz 0.000194051
BeamWidthX 0.0139871
BeamWidthY 0.0141517
dxdy 0.000739313
Cov(0,j) 3.46484e-08 1.85589e-10 0 0 0 0 0 0 0 
Cov(1,j) 1.85589e-10 3.39348e-08 0 0 0 0 0 0 0 
Cov(2,j) 0 0 0.132484 0 0 0 0 0 0 
Cov(3,j) 0 0 0 0.0662363 0 0 0 0 0 
Cov(4,j) 0 0 0 0 7.63443e-10 3.2782e-13 0 0 0 
Cov(5,j) 0 0 0 0 3.2782e-13 7.65078e-10 0 0 0 
Cov(6,j) 0 0 0 0 0 0 3.15903e-07 0 0 
Cov(7,j) 0 0 0 0 0 0 0 3.27117e-07 0 
Cov(8,j) 0 0 0 0 0 0 0 0 0.00323213 
EmittanceX 0
EmittanceY 0
BetaStar 0
