Runnumber 352505
BeginTimeOfFit 2022.05.28 09:48:55 GMT 1653731335
EndTimeOfFit 2022.05.28 09:49:19 GMT 1653731359
LumiRange 74 - 74
Type 2
X0 0.170409
Y0 -0.180815
Z0 0.374226
sigmaZ0 7.67652
dxdz 0.000133604
dydz 0.000237469
BeamWidthX 0.0164145
BeamWidthY 0.0153322
dxdy 0.0628975
Cov(0,j) 6.43937e-08 -5.60034e-12 0 0 0 0 0 0 0 
Cov(1,j) -5.60034e-12 6.40863e-08 0 0 0 0 0 0 0 
Cov(2,j) 0 0 0.27029 0 0 0 0 0 0 
Cov(3,j) 0 0 0 0.135123 0 0 0 0 0 
Cov(4,j) 0 0 0 0 1.15398e-09 5.6897e-12 0 0 0 
Cov(5,j) 0 0 0 0 5.6897e-12 1.11837e-09 0 0 0 
Cov(6,j) 0 0 0 0 0 0 6.5166e-07 0 0 
Cov(7,j) 0 0 0 0 0 0 0 5.73517e-07 0 
Cov(8,j) 0 0 0 0 0 0 0 0 0.00482033 
EmittanceX 0
EmittanceY 0
BetaStar 0
