Runnumber 352509
BeginTimeOfFit 2022.05.28 11:23:14 GMT 1653736994
EndTimeOfFit 2022.05.28 11:23:37 GMT 1653737017
LumiRange 120 - 120
Type 2
X0 0.169699
Y0 -0.181674
Z0 -0.377212
sigmaZ0 8.15364
dxdz 0.000126575
dydz 0.000207728
BeamWidthX 0.0166234
BeamWidthY 0.0167266
dxdy 0.0942465
Cov(0,j) 7.95195e-08 1.15249e-09 0 0 0 0 0 0 0 
Cov(1,j) 1.15249e-09 8.13241e-08 0 0 0 0 0 0 0 
Cov(2,j) 0 0 0.34089 0 0 0 0 0 0 
Cov(3,j) 0 0 0 0.170412 0 0 0 0 0 
Cov(4,j) 0 0 0 0 1.30935e-09 -3.13012e-12 0 0 0 
Cov(5,j) 0 0 0 0 -3.13012e-12 1.3614e-09 0 0 0 
Cov(6,j) 0 0 0 0 0 0 7.48609e-07 0 0 
Cov(7,j) 0 0 0 0 0 0 0 7.58536e-07 0 
Cov(8,j) 0 0 0 0 0 0 0 0 0.00530359 
EmittanceX 0
EmittanceY 0
BetaStar 0
