Runnumber 353709
BeginTimeOfFit 2022.06.13 12:38:20 GMT 1655123900
EndTimeOfFit 2022.06.13 12:38:43 GMT 1655123923
LumiRange 160 - 160
Type 2
X0 0.173186
Y0 -0.178703
Z0 0.465575
sigmaZ0 7.06063
dxdz 0.000150688
dydz 0.000302731
BeamWidthX 0.0173017
BeamWidthY 0.0178875
dxdy -0.059784
Cov(0,j) 1.05068e-07 1.57242e-10 0 0 0 0 0 0 0 
Cov(1,j) 1.57242e-10 1.01922e-07 0 0 0 0 0 0 0 
Cov(2,j) 0 0 0.313502 0 0 0 0 0 0 
Cov(3,j) 0 0 0 0.156718 0 0 0 0 0 
Cov(4,j) 0 0 0 0 1.8312e-09 8.0392e-12 0 0 0 
Cov(5,j) 0 0 0 0 8.0392e-12 1.76895e-09 0 0 0 
Cov(6,j) 0 0 0 0 0 0 9.83571e-07 0 0 
Cov(7,j) 0 0 0 0 0 0 0 1.0513e-06 0 
Cov(8,j) 0 0 0 0 0 0 0 0 0.00650062 
EmittanceX 0
EmittanceY 0
BetaStar 0
