Runnumber 352568
BeginTimeOfFit 2022.05.29 10:56:39 GMT 1653821799
EndTimeOfFit 2022.05.29 10:57:03 GMT 1653821823
LumiRange 534 - 534
Type 2
X0 0.176762
Y0 -0.182149
Z0 0.758514
sigmaZ0 6.95317
dxdz 0.000298771
dydz 0.000258574
BeamWidthX 0.0159647
BeamWidthY 0.0141533
dxdy -0.058967
Cov(0,j) 7.87751e-08 1.23937e-09 0 0 0 0 0 0 0 
Cov(1,j) 1.23937e-09 7.66437e-08 0 0 0 0 0 0 0 
Cov(2,j) 0 0 0.328849 0 0 0 0 0 0 
Cov(3,j) 0 0 0 0.16439 0 0 0 0 0 
Cov(4,j) 0 0 0 0 1.76757e-09 3.02524e-11 0 0 0 
Cov(5,j) 0 0 0 0 3.02524e-11 1.73003e-09 0 0 0 
Cov(6,j) 0 0 0 0 0 0 9.20636e-07 0 0 
Cov(7,j) 0 0 0 0 0 0 0 7.35211e-07 0 
Cov(8,j) 0 0 0 0 0 0 0 0 0.00717027 
EmittanceX 0
EmittanceY 0
BetaStar 0
