Runnumber 352568
BeginTimeOfFit 2022.05.29 10:43:27 GMT 1653821007
EndTimeOfFit 2022.05.29 10:43:50 GMT 1653821030
LumiRange 500 - 500
Type 2
X0 0.176308
Y0 -0.182101
Z0 -0.309355
sigmaZ0 6.9807
dxdz 0.000128829
dydz 0.000190918
BeamWidthX 0.0158328
BeamWidthY 0.014842
dxdy 0.0710387
Cov(0,j) 8.0571e-08 2.33133e-10 0 0 0 0 0 0 0 
Cov(1,j) 2.33133e-10 7.8936e-08 0 0 0 0 0 0 0 
Cov(2,j) 0 0 0.286618 0 0 0 0 0 0 
Cov(3,j) 0 0 0 0.143282 0 0 0 0 0 
Cov(4,j) 0 0 0 0 1.80561e-09 3.51813e-11 0 0 0 
Cov(5,j) 0 0 0 0 3.51813e-11 1.76672e-09 0 0 0 
Cov(6,j) 0 0 0 0 0 0 7.7724e-07 0 0 
Cov(7,j) 0 0 0 0 0 0 0 6.87545e-07 0 
Cov(8,j) 0 0 0 0 0 0 0 0 0.00613255 
EmittanceX 0
EmittanceY 0
BetaStar 0
