Runnumber 352493
BeginTimeOfFit 2022.05.28 06:59:23 GMT 1653721163
EndTimeOfFit 2022.05.28 06:59:46 GMT 1653721186
LumiRange 108 - 108
Type 2
X0 0.170417
Y0 -0.181855
Z0 -0.281154
sigmaZ0 6.00056
dxdz 0.000201634
dydz 0.000227133
BeamWidthX 0.0139452
BeamWidthY 0.0141039
dxdy -0.0108706
Cov(0,j) 3.57128e-08 1.63179e-10 0 0 0 0 0 0 0 
Cov(1,j) 1.63179e-10 3.47347e-08 0 0 0 0 0 0 0 
Cov(2,j) 0 0 0.1169 0 0 0 0 0 0 
Cov(3,j) 0 0 0 0.0584448 0 0 0 0 0 
Cov(4,j) 0 0 0 0 9.01562e-10 4.24563e-12 0 0 0 
Cov(5,j) 0 0 0 0 4.24563e-12 8.68464e-10 0 0 0 
Cov(6,j) 0 0 0 0 0 0 3.39882e-07 0 0 
Cov(7,j) 0 0 0 0 0 0 0 3.48271e-07 0 
Cov(8,j) 0 0 0 0 0 0 0 0 0.00348619 
EmittanceX 0
EmittanceY 0
BetaStar 0
