Runnumber 353018
BeginTimeOfFit 2022.06.04 08:58:02 GMT 1654333082
EndTimeOfFit 2022.06.04 08:58:25 GMT 1654333105
LumiRange 397 - 397
Type 2
X0 0.174512
Y0 -0.163023
Z0 -0.361678
sigmaZ0 6.82548
dxdz 0.000159315
dydz 0.000114954
BeamWidthX 0.0152507
BeamWidthY 0.0172237
dxdy -0.0306429
Cov(0,j) 4.97313e-08 5.89361e-10 0 0 0 0 0 0 0 
Cov(1,j) 5.89361e-10 5.06792e-08 0 0 0 0 0 0 0 
Cov(2,j) 0 0 0.159536 0 0 0 0 0 0 
Cov(3,j) 0 0 0 0.0797593 0 0 0 0 0 
Cov(4,j) 0 0 0 0 8.9602e-10 1.74881e-11 0 0 0 
Cov(5,j) 0 0 0 0 1.74881e-11 9.21432e-10 0 0 0 
Cov(6,j) 0 0 0 0 0 0 4.24399e-07 0 0 
Cov(7,j) 0 0 0 0 0 0 0 5.36698e-07 0 
Cov(8,j) 0 0 0 0 0 0 0 0 0.0036311 
EmittanceX 0
EmittanceY 0
BetaStar 0
