Runnumber 353060
BeginTimeOfFit 2022.06.05 11:12:04 GMT 1654427524
EndTimeOfFit 2022.06.05 11:12:27 GMT 1654427547
LumiRange 1010 - 1010
Type 2
X0 0.168029
Y0 -0.18088
Z0 0.612024
sigmaZ0 6.80238
dxdz 0.000241057
dydz 0.000144853
BeamWidthX 0.0180037
BeamWidthY 0.0182439
dxdy 0.126481
Cov(0,j) 1.52769e-07 -2.72814e-09 0 0 0 0 0 0 0 
Cov(1,j) -2.72814e-09 1.53611e-07 0 0 0 0 0 0 0 
Cov(2,j) 0 0 0.440618 0 0 0 0 0 0 
Cov(3,j) 0 0 0 0.220243 0 0 0 0 0 
Cov(4,j) 0 0 0 0 2.67768e-09 -6.4981e-11 0 0 0 
Cov(5,j) 0 0 0 0 -6.4981e-11 2.72771e-09 0 0 0 
Cov(6,j) 0 0 0 0 0 0 1.62003e-06 0 0 
Cov(7,j) 0 0 0 0 0 0 0 1.6486e-06 0 
Cov(8,j) 0 0 0 0 0 0 0 0 0.00965851 
EmittanceX 0
EmittanceY 0
BetaStar 0
