Runnumber 353060
BeginTimeOfFit 2022.06.05 09:56:18 GMT 1654422978
EndTimeOfFit 2022.06.05 09:56:41 GMT 1654423001
LumiRange 815 - 815
Type 2
X0 0.165171
Y0 -0.180071
Z0 -0.149036
sigmaZ0 7.49297
dxdz 0.00015602
dydz 0.000110657
BeamWidthX 0.0168043
BeamWidthY 0.0150992
dxdy 0.0396163
Cov(0,j) 9.87779e-08 -1.06962e-09 0 0 0 0 0 0 0 
Cov(1,j) -1.06962e-09 9.75769e-08 0 0 0 0 0 0 0 
Cov(2,j) 0 0 0.460124 0 0 0 0 0 0 
Cov(3,j) 0 0 0 0.229997 0 0 0 0 0 
Cov(4,j) 0 0 0 0 1.68579e-09 1.16668e-11 0 0 0 
Cov(5,j) 0 0 0 0 1.16668e-11 1.72331e-09 0 0 0 
Cov(6,j) 0 0 0 0 0 0 1.22411e-06 0 0 
Cov(7,j) 0 0 0 0 0 0 0 1.00003e-06 0 
Cov(8,j) 0 0 0 0 0 0 0 0 0.00865266 
EmittanceX 0
EmittanceY 0
BetaStar 0
