Runnumber 352931
BeginTimeOfFit 2022.06.03 13:20:18 GMT 1654262418
EndTimeOfFit 2022.06.03 13:20:41 GMT 1654262441
LumiRange 289 - 289
Type 2
X0 0.168786
Y0 -0.180236
Z0 -0.675557
sigmaZ0 7.33846
dxdz 0.000154175
dydz 0.000255344
BeamWidthX 0.0161346
BeamWidthY 0.0169031
dxdy 0.0608261
Cov(0,j) 9.91401e-08 -2.59314e-09 0 0 0 0 0 0 0 
Cov(1,j) -2.59314e-09 1.00356e-07 0 0 0 0 0 0 0 
Cov(2,j) 0 0 0.393031 0 0 0 0 0 0 
Cov(3,j) 0 0 0 0.196466 0 0 0 0 0 
Cov(4,j) 0 0 0 0 1.69651e-09 -2.8267e-11 0 0 0 
Cov(5,j) 0 0 0 0 -2.8267e-11 1.70467e-09 0 0 0 
Cov(6,j) 0 0 0 0 0 0 1.01526e-06 0 0 
Cov(7,j) 0 0 0 0 0 0 0 1.09715e-06 0 
Cov(8,j) 0 0 0 0 0 0 0 0 0.00763971 
EmittanceX 0
EmittanceY 0
BetaStar 0
