Runnumber 353703
BeginTimeOfFit 2022.06.13 09:57:28 GMT 1655114248
EndTimeOfFit 2022.06.13 09:57:52 GMT 1655114272
LumiRange 30 - 30
Type 2
X0 0.172044
Y0 -0.181121
Z0 1.06088
sigmaZ0 6.24519
dxdz 0.000138781
dydz 0.000285761
BeamWidthX 0.0154334
BeamWidthY 0.0161579
dxdy 0.0233911
Cov(0,j) 5.7464e-08 -3.25648e-10 0 0 0 0 0 0 0 
Cov(1,j) -3.25648e-10 5.72651e-08 0 0 0 0 0 0 0 
Cov(2,j) 0 0 0.165254 0 0 0 0 0 0 
Cov(3,j) 0 0 0 0.0826163 0 0 0 0 0 
Cov(4,j) 0 0 0 0 1.20724e-09 -1.30312e-11 0 0 0 
Cov(5,j) 0 0 0 0 -1.30312e-11 1.20843e-09 0 0 0 
Cov(6,j) 0 0 0 0 0 0 5.35439e-07 0 0 
Cov(7,j) 0 0 0 0 0 0 0 5.84236e-07 0 
Cov(8,j) 0 0 0 0 0 0 0 0 0.00446005 
EmittanceX 0
EmittanceY 0
BetaStar 0
