Runnumber 352568
BeginTimeOfFit 2022.05.29 11:28:07 GMT 1653823687
EndTimeOfFit 2022.05.29 11:28:31 GMT 1653823711
LumiRange 615 - 615
Type 2
X0 0.176664
Y0 -0.180853
Z0 0.318282
sigmaZ0 6.31472
dxdz 0.000120714
dydz 0.000137155
BeamWidthX 0.0162433
BeamWidthY 0.0157751
dxdy 0.0413298
Cov(0,j) 9.30991e-08 1.95149e-09 0 0 0 0 0 0 0 
Cov(1,j) 1.95149e-09 8.90816e-08 0 0 0 0 0 0 0 
Cov(2,j) 0 0 0.267596 0 0 0 0 0 0 
Cov(3,j) 0 0 0 0.133771 0 0 0 0 0 
Cov(4,j) 0 0 0 0 2.01686e-09 4.28887e-12 0 0 0 
Cov(5,j) 0 0 0 0 4.28887e-12 1.87713e-09 0 0 0 
Cov(6,j) 0 0 0 0 0 0 9.3615e-07 0 0 
Cov(7,j) 0 0 0 0 0 0 0 8.85639e-07 0 
Cov(8,j) 0 0 0 0 0 0 0 0 0.00708938 
EmittanceX 0
EmittanceY 0
BetaStar 0
