Runnumber 352568
BeginTimeOfFit 2022.05.29 08:36:24 GMT 1653813384
EndTimeOfFit 2022.05.29 08:36:47 GMT 1653813407
LumiRange 173 - 173
Type 2
X0 0.176932
Y0 -0.1815
Z0 -0.557419
sigmaZ0 7.06149
dxdz 0.000176139
dydz 0.000340042
BeamWidthX 0.01514
BeamWidthY 0.0163173
dxdy 0.0626997
Cov(0,j) 6.76912e-08 5.81948e-10 0 0 0 0 0 0 0 
Cov(1,j) 5.81948e-10 6.62846e-08 0 0 0 0 0 0 0 
Cov(2,j) 0 0 0.255693 0 0 0 0 0 0 
Cov(3,j) 0 0 0 0.127824 0 0 0 0 0 
Cov(4,j) 0 0 0 0 1.26915e-09 1.40254e-11 0 0 0 
Cov(5,j) 0 0 0 0 1.40254e-11 1.21999e-09 0 0 0 
Cov(6,j) 0 0 0 0 0 0 6.2636e-07 0 0 
Cov(7,j) 0 0 0 0 0 0 0 7.20749e-07 0 
Cov(8,j) 0 0 0 0 0 0 0 0 0.00537377 
EmittanceX 0
EmittanceY 0
BetaStar 0
