Runnumber 353706
BeginTimeOfFit 2022.06.13 11:03:42 GMT 1655118222
EndTimeOfFit 2022.06.13 11:04:06 GMT 1655118246
LumiRange 116 - 116
Type 2
X0 0.171737
Y0 -0.18166
Z0 0.232035
sigmaZ0 6.67168
dxdz 0.000175623
dydz 0.00010311
BeamWidthX 0.0170717
BeamWidthY 0.0187798
dxdy -0.0264133
Cov(0,j) 8.77886e-08 6.99993e-10 0 0 0 0 0 0 0 
Cov(1,j) 6.99993e-10 8.87111e-08 0 0 0 0 0 0 0 
Cov(2,j) 0 0 0.215014 0 0 0 0 0 0 
Cov(3,j) 0 0 0 0.107491 0 0 0 0 0 
Cov(4,j) 0 0 0 0 1.72779e-09 7.4883e-12 0 0 0 
Cov(5,j) 0 0 0 0 7.4883e-12 1.7174e-09 0 0 0 
Cov(6,j) 0 0 0 0 0 0 7.42383e-07 0 0 
Cov(7,j) 0 0 0 0 0 0 0 8.8849e-07 0 
Cov(8,j) 0 0 0 0 0 0 0 0 0.00504724 
EmittanceX 0
EmittanceY 0
BetaStar 0
