Runnumber 353018
BeginTimeOfFit 2022.06.04 09:10:51 GMT 1654333851
EndTimeOfFit 2022.06.04 09:11:14 GMT 1654333874
LumiRange 430 - 430
Type 2
X0 0.174852
Y0 -0.180344
Z0 0.353164
sigmaZ0 7.32741
dxdz 0.000102387
dydz 0.000166893
BeamWidthX 0.0148285
BeamWidthY 0.0158886
dxdy -0.139871
Cov(0,j) 4.7609e-08 -9.97619e-11 0 0 0 0 0 0 0 
Cov(1,j) -9.97619e-11 4.62801e-08 0 0 0 0 0 0 0 
Cov(2,j) 0 0 0.18261 0 0 0 0 0 0 
Cov(3,j) 0 0 0 0.0912939 0 0 0 0 0 
Cov(4,j) 0 0 0 0 8.84084e-10 4.02179e-13 0 0 0 
Cov(5,j) 0 0 0 0 4.02179e-13 8.61231e-10 0 0 0 
Cov(6,j) 0 0 0 0 0 0 3.97498e-07 0 0 
Cov(7,j) 0 0 0 0 0 0 0 4.56522e-07 0 
Cov(8,j) 0 0 0 0 0 0 0 0 0.00346391 
EmittanceX 0
EmittanceY 0
BetaStar 0
