Runnumber 353689
BeginTimeOfFit 2022.06.13 08:29:16 GMT 1655108956
EndTimeOfFit 2022.06.13 08:29:39 GMT 1655108979
LumiRange 84 - 84
Type 2
X0 0.170098
Y0 -0.181997
Z0 0.809269
sigmaZ0 6.09728
dxdz 0.000166103
dydz 0.000395739
BeamWidthX 0.0149452
BeamWidthY 0.0156179
dxdy 0.0306515
Cov(0,j) 2.67662e-07 -3.87025e-10 0 0 0 0 0 0 0 
Cov(1,j) -3.87025e-10 2.59377e-07 0 0 0 0 0 0 0 
Cov(2,j) 0 0 0.609319 0 0 0 0 0 0 
Cov(3,j) 0 0 0 0.304502 0 0 0 0 0 
Cov(4,j) 0 0 0 0 6.74511e-09 -6.87732e-11 0 0 0 
Cov(5,j) 0 0 0 0 -6.87732e-11 6.87384e-09 0 0 0 
Cov(6,j) 0 0 0 0 0 0 1.95383e-06 0 0 
Cov(7,j) 0 0 0 0 0 0 0 2.1216e-06 0 
Cov(8,j) 0 0 0 0 0 0 0 0 0.0174345 
EmittanceX 0
EmittanceY 0
BetaStar 0
