Runnumber 352505
BeginTimeOfFit 2022.05.28 09:43:29 GMT 1653731009
EndTimeOfFit 2022.05.28 09:43:52 GMT 1653731032
LumiRange 60 - 60
Type 2
X0 0.170501
Y0 -0.181867
Z0 -0.351713
sigmaZ0 7.02236
dxdz 0.000178528
dydz 0.000203902
BeamWidthX 0.0153953
BeamWidthY 0.0163663
dxdy -0.0398866
Cov(0,j) 6.15026e-08 4.19263e-10 0 0 0 0 0 0 0 
Cov(1,j) 4.19263e-10 6.0846e-08 0 0 0 0 0 0 0 
Cov(2,j) 0 0 0.220132 0 0 0 0 0 0 
Cov(3,j) 0 0 0 0.11005 0 0 0 0 0 
Cov(4,j) 0 0 0 0 1.10654e-09 3.99249e-12 0 0 0 
Cov(5,j) 0 0 0 0 3.99249e-12 1.06766e-09 0 0 0 
Cov(6,j) 0 0 0 0 0 0 5.66778e-07 0 0 
Cov(7,j) 0 0 0 0 0 0 0 6.31874e-07 0 
Cov(8,j) 0 0 0 0 0 0 0 0 0.00472212 
EmittanceX 0
EmittanceY 0
BetaStar 0
