Runnumber 352505
BeginTimeOfFit 2022.05.28 10:03:18 GMT 1653732198
EndTimeOfFit 2022.05.28 10:03:41 GMT 1653732221
LumiRange 111 - 111
Type 2
X0 0.169981
Y0 -0.181387
Z0 0.123364
sigmaZ0 7.11191
dxdz 6.42855e-05
dydz 0.000266691
BeamWidthX 0.0174191
BeamWidthY 0.016492
dxdy 0.0418047
Cov(0,j) 7.06092e-08 3.88312e-10 0 0 0 0 0 0 0 
Cov(1,j) 3.88312e-10 6.95315e-08 0 0 0 0 0 0 0 
Cov(2,j) 0 0 0.273374 0 0 0 0 0 0 
Cov(3,j) 0 0 0 0.136663 0 0 0 0 0 
Cov(4,j) 0 0 0 0 1.31836e-09 1.98227e-11 0 0 0 
Cov(5,j) 0 0 0 0 1.98227e-11 1.26272e-09 0 0 0 
Cov(6,j) 0 0 0 0 0 0 8.58581e-07 0 0 
Cov(7,j) 0 0 0 0 0 0 0 7.73855e-07 0 
Cov(8,j) 0 0 0 0 0 0 0 0 0.00564207 
EmittanceX 0
EmittanceY 0
BetaStar 0
