Runnumber 353087
BeginTimeOfFit 2022.06.05 15:31:38 GMT 1654443098
EndTimeOfFit 2022.06.05 15:32:01 GMT 1654443121
LumiRange 110 - 110
Type 2
X0 0.172074
Y0 -0.181002
Z0 0.0391871
sigmaZ0 6.87184
dxdz 6.57842e-05
dydz 0.000163858
BeamWidthX 0.0133299
BeamWidthY 0.0152034
dxdy -0.0418932
Cov(0,j) 3.55091e-08 -5.85766e-11 0 0 0 0 0 0 0 
Cov(1,j) -5.85766e-11 3.50846e-08 0 0 0 0 0 0 0 
Cov(2,j) 0 0 0.139703 0 0 0 0 0 0 
Cov(3,j) 0 0 0 0.0698455 0 0 0 0 0 
Cov(4,j) 0 0 0 0 7.44549e-10 4.56579e-12 0 0 0 
Cov(5,j) 0 0 0 0 4.56579e-12 7.31051e-10 0 0 0 
Cov(6,j) 0 0 0 0 0 0 2.83287e-07 0 0 
Cov(7,j) 0 0 0 0 0 0 0 3.62171e-07 0 
Cov(8,j) 0 0 0 0 0 0 0 0 0.00314952 
EmittanceX 0
EmittanceY 0
BetaStar 0
