Runnumber 352499
BeginTimeOfFit 2022.05.28 08:33:56 GMT 1653726836
EndTimeOfFit 2022.05.28 08:34:20 GMT 1653726860
LumiRange 32 - 32
Type 2
X0 0.170127
Y0 -0.181227
Z0 -0.772254
sigmaZ0 7.49079
dxdz 5.86817e-05
dydz 0.000271545
BeamWidthX 0.014762
BeamWidthY 0.0157339
dxdy 0.0251467
Cov(0,j) 5.03389e-08 5.52955e-10 0 0 0 0 0 0 0 
Cov(1,j) 5.52955e-10 5.03358e-08 0 0 0 0 0 0 0 
Cov(2,j) 0 0 0.221768 0 0 0 0 0 0 
Cov(3,j) 0 0 0 0.110869 0 0 0 0 0 
Cov(4,j) 0 0 0 0 9.39271e-10 1.58529e-11 0 0 0 
Cov(5,j) 0 0 0 0 1.58529e-11 9.70578e-10 0 0 0 
Cov(6,j) 0 0 0 0 0 0 4.58722e-07 0 0 
Cov(7,j) 0 0 0 0 0 0 0 5.21108e-07 0 
Cov(8,j) 0 0 0 0 0 0 0 0 0.00420182 
EmittanceX 0
EmittanceY 0
BetaStar 0
