Runnumber 353015
BeginTimeOfFit 2022.06.04 03:54:12 GMT 1654314852
EndTimeOfFit 2022.06.04 03:54:35 GMT 1654314875
LumiRange 25 - 25
Type 2
X0 0.177794
Y0 -0.179789
Z0 0.216734
sigmaZ0 6.07728
dxdz 0.000113057
dydz 0.000204175
BeamWidthX 0.0144454
BeamWidthY 0.0152292
dxdy 0.0132025
Cov(0,j) 2.51634e-08 -1.04142e-10 0 0 0 0 0 0 0 
Cov(1,j) -1.04142e-10 2.47768e-08 0 0 0 0 0 0 0 
Cov(2,j) 0 0 0.072989 0 0 0 0 0 0 
Cov(3,j) 0 0 0 0.0364926 0 0 0 0 0 
Cov(4,j) 0 0 0 0 6.73763e-10 -7.92706e-13 0 0 0 
Cov(5,j) 0 0 0 0 -7.92706e-13 6.5139e-10 0 0 0 
Cov(6,j) 0 0 0 0 0 0 2.20191e-07 0 0 
Cov(7,j) 0 0 0 0 0 0 0 2.43722e-07 0 
Cov(8,j) 0 0 0 0 0 0 0 0 0.00210551 
EmittanceX 0
EmittanceY 0
BetaStar 0
