Runnumber 353701
BeginTimeOfFit 2022.06.13 09:25:17 GMT 1655112317
EndTimeOfFit 2022.06.13 09:25:40 GMT 1655112340
LumiRange 15 - 15
Type 2
X0 0.17235
Y0 -0.181496
Z0 0.659613
sigmaZ0 6.51712
dxdz 0.000134131
dydz 0.000339458
BeamWidthX 0.0159163
BeamWidthY 0.0153064
dxdy -0.07842
Cov(0,j) 5.17554e-08 7.41614e-11 0 0 0 0 0 0 0 
Cov(1,j) 7.41614e-11 5.0132e-08 0 0 0 0 0 0 0 
Cov(2,j) 0 0 0.159065 0 0 0 0 0 0 
Cov(3,j) 0 0 0 0.0795236 0 0 0 0 0 
Cov(4,j) 0 0 0 0 1.10859e-09 1.05815e-12 0 0 0 
Cov(5,j) 0 0 0 0 1.05815e-12 1.02095e-09 0 0 0 
Cov(6,j) 0 0 0 0 0 0 5.03689e-07 0 0 
Cov(7,j) 0 0 0 0 0 0 0 4.64526e-07 0 
Cov(8,j) 0 0 0 0 0 0 0 0 0.00390176 
EmittanceX 0
EmittanceY 0
BetaStar 0
