Runnumber 352931
BeginTimeOfFit 2022.06.03 12:27:04 GMT 1654259224
EndTimeOfFit 2022.06.03 12:27:27 GMT 1654259247
LumiRange 152 - 152
Type 2
X0 0.169371
Y0 -0.180547
Z0 0.0943374
sigmaZ0 7.00556
dxdz 0.000189604
dydz 0.000266433
BeamWidthX 0.0188539
BeamWidthY 0.0177132
dxdy 0.109865
Cov(0,j) 1.04535e-07 -1.2792e-09 0 0 0 0 0 0 0 
Cov(1,j) -1.2792e-09 1.02319e-07 0 0 0 0 0 0 0 
Cov(2,j) 0 0 0.29741 0 0 0 0 0 0 
Cov(3,j) 0 0 0 0.148651 0 0 0 0 0 
Cov(4,j) 0 0 0 0 1.77872e-09 -3.64193e-11 0 0 0 
Cov(5,j) 0 0 0 0 -3.64193e-11 1.77077e-09 0 0 0 
Cov(6,j) 0 0 0 0 0 0 1.12686e-06 0 0 
Cov(7,j) 0 0 0 0 0 0 0 9.95773e-07 0 
Cov(8,j) 0 0 0 0 0 0 0 0 0.00615222 
EmittanceX 0
EmittanceY 0
BetaStar 0
