Runnumber 353087
BeginTimeOfFit 2022.06.05 15:10:15 GMT 1654441815
EndTimeOfFit 2022.06.05 15:10:39 GMT 1654441839
LumiRange 55 - 55
Type 2
X0 0.173072
Y0 -0.180988
Z0 0.175084
sigmaZ0 6.97336
dxdz 0.000175411
dydz 0.000199914
BeamWidthX 0.0131664
BeamWidthY 0.0141628
dxdy 0.0839146
Cov(0,j) 2.99348e-08 2.21348e-11 0 0 0 0 0 0 0 
Cov(1,j) 2.21348e-11 2.97187e-08 0 0 0 0 0 0 0 
Cov(2,j) 0 0 0.131776 0 0 0 0 0 0 
Cov(3,j) 0 0 0 0.0658827 0 0 0 0 0 
Cov(4,j) 0 0 0 0 6.15254e-10 -3.37362e-12 0 0 0 
Cov(5,j) 0 0 0 0 -3.37362e-12 6.28274e-10 0 0 0 
Cov(6,j) 0 0 0 0 0 0 2.54467e-07 0 0 
Cov(7,j) 0 0 0 0 0 0 0 2.94459e-07 0 
Cov(8,j) 0 0 0 0 0 0 0 0 0.00288746 
EmittanceX 0
EmittanceY 0
BetaStar 0
