Runnumber 352417
BeginTimeOfFit 2022.05.27 08:47:59 GMT 1653641279
EndTimeOfFit 2022.05.27 08:48:22 GMT 1653641302
LumiRange 132 - 132
Type 2
X0 0.169931
Y0 -0.181034
Z0 -0.189402
sigmaZ0 6.54955
dxdz 5.79948e-05
dydz 0.000222289
BeamWidthX 0.0131664
BeamWidthY 0.0153279
dxdy -0.0660767
Cov(0,j) 7.3313e-08 7.86834e-10 0 0 0 0 0 0 0 
Cov(1,j) 7.86834e-10 7.18959e-08 0 0 0 0 0 0 0 
Cov(2,j) 0 0 0.284054 0 0 0 0 0 0 
Cov(3,j) 0 0 0 0.141999 0 0 0 0 0 
Cov(4,j) 0 0 0 0 1.62844e-09 1.01079e-11 0 0 0 
Cov(5,j) 0 0 0 0 1.01079e-11 1.62784e-09 0 0 0 
Cov(6,j) 0 0 0 0 0 0 6.18657e-07 0 0 
Cov(7,j) 0 0 0 0 0 0 0 8.3488e-07 0 
Cov(8,j) 0 0 0 0 0 0 0 0 0.00709202 
EmittanceX 0
EmittanceY 0
BetaStar 0
