Runnumber 352568
BeginTimeOfFit 2022.05.29 09:19:32 GMT 1653815972
EndTimeOfFit 2022.05.29 09:19:55 GMT 1653815995
LumiRange 284 - 284
Type 2
X0 0.17643
Y0 -0.18168
Z0 -0.448604
sigmaZ0 6.70769
dxdz 0.000123582
dydz 0.000188298
BeamWidthX 0.0150006
BeamWidthY 0.0147611
dxdy 0.00484969
Cov(0,j) 6.42762e-08 5.05718e-10 0 0 0 0 0 0 0 
Cov(1,j) 5.05718e-10 6.51946e-08 0 0 0 0 0 0 0 
Cov(2,j) 0 0 0.235546 0 0 0 0 0 0 
Cov(3,j) 0 0 0 0.117754 0 0 0 0 0 
Cov(4,j) 0 0 0 0 1.61153e-09 1.34489e-11 0 0 0 
Cov(5,j) 0 0 0 0 1.34489e-11 1.65941e-09 0 0 0 
Cov(6,j) 0 0 0 0 0 0 6.28156e-07 0 0 
Cov(7,j) 0 0 0 0 0 0 0 6.13239e-07 0 
Cov(8,j) 0 0 0 0 0 0 0 0 0.00560249 
EmittanceX 0
EmittanceY 0
BetaStar 0
