Runnumber 352931
BeginTimeOfFit 2022.06.03 12:42:36 GMT 1654260156
EndTimeOfFit 2022.06.03 12:43:00 GMT 1654260180
LumiRange 192 - 192
Type 2
X0 0.168912
Y0 -0.181497
Z0 0.664196
sigmaZ0 8.29731
dxdz 0.000189038
dydz 0.000207246
BeamWidthX 0.0162727
BeamWidthY 0.0154414
dxdy -0.0543099
Cov(0,j) 1.18186e-07 -1.9898e-09 0 0 0 0 0 0 0 
Cov(1,j) -1.9898e-09 1.19114e-07 0 0 0 0 0 0 0 
Cov(2,j) 0 0 0.655513 0 0 0 0 0 0 
Cov(3,j) 0 0 0 0.327599 0 0 0 0 0 
Cov(4,j) 0 0 0 0 1.97234e-09 -5.18164e-11 0 0 0 
Cov(5,j) 0 0 0 0 -5.18164e-11 1.97067e-09 0 0 0 
Cov(6,j) 0 0 0 0 0 0 1.3214e-06 0 0 
Cov(7,j) 0 0 0 0 0 0 0 1.20189e-06 0 
Cov(8,j) 0 0 0 0 0 0 0 0 0.00999287 
EmittanceX 0
EmittanceY 0
BetaStar 0
