Runnumber 353706
BeginTimeOfFit 2022.06.13 11:09:32 GMT 1655118572
EndTimeOfFit 2022.06.13 11:09:55 GMT 1655118595
LumiRange 131 - 131
Type 2
X0 0.171522
Y0 -0.180797
Z0 0.271015
sigmaZ0 6.69696
dxdz 0.000174637
dydz 0.000182857
BeamWidthX 0.0171137
BeamWidthY 0.0164805
dxdy -0.024595
Cov(0,j) 7.69173e-08 1.04239e-09 0 0 0 0 0 0 0 
Cov(1,j) 1.04239e-09 7.50184e-08 0 0 0 0 0 0 0 
Cov(2,j) 0 0 0.21876 0 0 0 0 0 0 
Cov(3,j) 0 0 0 0.109363 0 0 0 0 0 
Cov(4,j) 0 0 0 0 1.39712e-09 -2.58823e-12 0 0 0 
Cov(5,j) 0 0 0 0 -2.58823e-12 1.41504e-09 0 0 0 
Cov(6,j) 0 0 0 0 0 0 7.54637e-07 0 0 
Cov(7,j) 0 0 0 0 0 0 0 6.99687e-07 0 
Cov(8,j) 0 0 0 0 0 0 0 0 0.00512467 
EmittanceX 0
EmittanceY 0
BetaStar 0
