Runnumber 353087
BeginTimeOfFit 2022.06.05 15:17:38 GMT 1654442258
EndTimeOfFit 2022.06.05 15:18:02 GMT 1654442282
LumiRange 74 - 74
Type 2
X0 0.171543
Y0 -0.180385
Z0 0.00425516
sigmaZ0 6.56077
dxdz 0.000107395
dydz 0.000231214
BeamWidthX 0.0126573
BeamWidthY 0.014069
dxdy 0.0423149
Cov(0,j) 2.97717e-08 -1.80475e-10 0 0 0 0 0 0 0 
Cov(1,j) -1.80475e-10 2.97604e-08 0 0 0 0 0 0 0 
Cov(2,j) 0 0 0.127342 0 0 0 0 0 0 
Cov(3,j) 0 0 0 0.0636654 0 0 0 0 0 
Cov(4,j) 0 0 0 0 6.23316e-10 -1.76239e-13 0 0 0 
Cov(5,j) 0 0 0 0 -1.76239e-13 6.45251e-10 0 0 0 
Cov(6,j) 0 0 0 0 0 0 2.56476e-07 0 0 
Cov(7,j) 0 0 0 0 0 0 0 3.12517e-07 0 
Cov(8,j) 0 0 0 0 0 0 0 0 0.00317615 
EmittanceX 0
EmittanceY 0
BetaStar 0
