Runnumber 353087
BeginTimeOfFit 2022.06.05 15:18:25 GMT 1654442305
EndTimeOfFit 2022.06.05 15:18:48 GMT 1654442328
LumiRange 76 - 76
Type 2
X0 0.171899
Y0 -0.180357
Z0 0.206298
sigmaZ0 6.47539
dxdz 0.000160499
dydz 0.000214693
BeamWidthX 0.0129166
BeamWidthY 0.013035
dxdy -0.000728279
Cov(0,j) 2.82923e-08 -3.65829e-10 0 0 0 0 0 0 0 
Cov(1,j) -3.65829e-10 2.79134e-08 0 0 0 0 0 0 0 
Cov(2,j) 0 0 0.124418 0 0 0 0 0 0 
Cov(3,j) 0 0 0 0.0622034 0 0 0 0 0 
Cov(4,j) 0 0 0 0 6.01922e-10 -7.58053e-12 0 0 0 
Cov(5,j) 0 0 0 0 -7.58053e-12 5.83252e-10 0 0 0 
Cov(6,j) 0 0 0 0 0 0 2.68137e-07 0 0 
Cov(7,j) 0 0 0 0 0 0 0 2.72816e-07 0 
Cov(8,j) 0 0 0 0 0 0 0 0 0.00321863 
EmittanceX 0
EmittanceY 0
BetaStar 0
