Runnumber 353087
BeginTimeOfFit 2022.06.05 14:53:10 GMT 1654440790
EndTimeOfFit 2022.06.05 14:53:33 GMT 1654440813
LumiRange 11 - 11
Type 2
X0 0.170896
Y0 -0.179342
Z0 -0.234334
sigmaZ0 6.6929
dxdz 0.000162978
dydz 0.000141109
BeamWidthX 0.0128385
BeamWidthY 0.0138118
dxdy 0.0251314
Cov(0,j) 2.64064e-08 8.59956e-11 0 0 0 0 0 0 0 
Cov(1,j) 8.59956e-11 2.6571e-08 0 0 0 0 0 0 0 
Cov(2,j) 0 0 0.103929 0 0 0 0 0 0 
Cov(3,j) 0 0 0 0.0519606 0 0 0 0 0 
Cov(4,j) 0 0 0 0 6.07263e-10 1.15511e-12 0 0 0 
Cov(5,j) 0 0 0 0 1.15511e-12 6.09314e-10 0 0 0 
Cov(6,j) 0 0 0 0 0 0 2.0837e-07 0 0 
Cov(7,j) 0 0 0 0 0 0 0 2.39045e-07 0 
Cov(8,j) 0 0 0 0 0 0 0 0 0.00251761 
EmittanceX 0
EmittanceY 0
BetaStar 0
