Runnumber 353087
BeginTimeOfFit 2022.06.05 16:36:07 GMT 1654446967
EndTimeOfFit 2022.06.05 16:36:31 GMT 1654446991
LumiRange 276 - 276
Type 2
X0 0.171014
Y0 -0.180887
Z0 -0.392733
sigmaZ0 7.12452
dxdz 0.000174195
dydz 0.000228872
BeamWidthX 0.0151973
BeamWidthY 0.0151139
dxdy 0.0493225
Cov(0,j) 5.03024e-08 -8.04012e-10 0 0 0 0 0 0 0 
Cov(1,j) -8.04012e-10 5.0026e-08 0 0 0 0 0 0 0 
Cov(2,j) 0 0 0.192986 0 0 0 0 0 0 
Cov(3,j) 0 0 0 0.0964794 0 0 0 0 0 
Cov(4,j) 0 0 0 0 9.27302e-10 -1.83764e-11 0 0 0 
Cov(5,j) 0 0 0 0 -1.83764e-11 9.3149e-10 0 0 0 
Cov(6,j) 0 0 0 0 0 0 4.65606e-07 0 0 
Cov(7,j) 0 0 0 0 0 0 0 4.6276e-07 0 
Cov(8,j) 0 0 0 0 0 0 0 0 0.00401505 
EmittanceX 0
EmittanceY 0
BetaStar 0
