Runnumber 353087
BeginTimeOfFit 2022.06.05 15:29:18 GMT 1654442958
EndTimeOfFit 2022.06.05 15:29:41 GMT 1654442981
LumiRange 104 - 104
Type 2
X0 0.170442
Y0 -0.179812
Z0 0.334983
sigmaZ0 6.79294
dxdz 0.000165894
dydz 0.000161457
BeamWidthX 0.01364
BeamWidthY 0.01313
dxdy 0.084474
Cov(0,j) 3.1353e-08 -1.17438e-10 0 0 0 0 0 0 0 
Cov(1,j) -1.17438e-10 3.05775e-08 0 0 0 0 0 0 0 
Cov(2,j) 0 0 0.148365 0 0 0 0 0 0 
Cov(3,j) 0 0 0 0.0741752 0 0 0 0 0 
Cov(4,j) 0 0 0 0 6.50495e-10 1.33261e-11 0 0 0 
Cov(5,j) 0 0 0 0 1.33261e-11 6.08936e-10 0 0 0 
Cov(6,j) 0 0 0 0 0 0 3.21173e-07 0 0 
Cov(7,j) 0 0 0 0 0 0 0 2.99662e-07 0 
Cov(8,j) 0 0 0 0 0 0 0 0 0.00342893 
EmittanceX 0
EmittanceY 0
BetaStar 0
