Runnumber 352567
BeginTimeOfFit 2022.05.29 07:06:15 GMT 1653807975
EndTimeOfFit 2022.05.29 07:06:38 GMT 1653807998
LumiRange 69 - 69
Type 2
X0 0.1774
Y0 -0.182001
Z0 0.477545
sigmaZ0 6.57273
dxdz 0.000109689
dydz 0.000172828
BeamWidthX 0.0139921
BeamWidthY 0.0143382
dxdy -0.046144
Cov(0,j) 4.11842e-08 9.25119e-10 0 0 0 0 0 0 0 
Cov(1,j) 9.25119e-10 4.12193e-08 0 0 0 0 0 0 0 
Cov(2,j) 0 0 0.158236 0 0 0 0 0 0 
Cov(3,j) 0 0 0 0.0791098 0 0 0 0 0 
Cov(4,j) 0 0 0 0 9.29888e-10 1.5858e-11 0 0 0 
Cov(5,j) 0 0 0 0 1.5858e-11 9.33415e-10 0 0 0 
Cov(6,j) 0 0 0 0 0 0 3.86697e-07 0 0 
Cov(7,j) 0 0 0 0 0 0 0 4.04687e-07 0 
Cov(8,j) 0 0 0 0 0 0 0 0 0.00391289 
EmittanceX 0
EmittanceY 0
BetaStar 0
