Runnumber 352568
BeginTimeOfFit 2022.05.29 11:39:23 GMT 1653824363
EndTimeOfFit 2022.05.29 11:39:47 GMT 1653824387
LumiRange 644 - 644
Type 2
X0 0.177432
Y0 -0.182286
Z0 -0.0564803
sigmaZ0 6.88141
dxdz 0.000138783
dydz 0.000322111
BeamWidthX 0.0152459
BeamWidthY 0.0162277
dxdy -0.0544375
Cov(0,j) 8.4694e-08 2.11525e-09 0 0 0 0 0 0 0 
Cov(1,j) 2.11525e-09 8.68229e-08 0 0 0 0 0 0 0 
Cov(2,j) 0 0 0.286962 0 0 0 0 0 0 
Cov(3,j) 0 0 0 0.143453 0 0 0 0 0 
Cov(4,j) 0 0 0 0 1.92709e-09 7.9127e-11 0 0 0 
Cov(5,j) 0 0 0 0 7.9127e-11 1.90829e-09 0 0 0 
Cov(6,j) 0 0 0 0 0 0 7.51823e-07 0 0 
Cov(7,j) 0 0 0 0 0 0 0 8.46779e-07 0 
Cov(8,j) 0 0 0 0 0 0 0 0 0.00636125 
EmittanceX 0
EmittanceY 0
BetaStar 0
