Runnumber 352568
BeginTimeOfFit 2022.05.29 11:29:17 GMT 1653823757
EndTimeOfFit 2022.05.29 11:29:41 GMT 1653823781
LumiRange 618 - 618
Type 2
X0 0.176651
Y0 -0.181024
Z0 -0.372172
sigmaZ0 6.47398
dxdz 4.09069e-05
dydz 0.000158978
BeamWidthX 0.0149459
BeamWidthY 0.0153492
dxdy 0.0138396
Cov(0,j) 8.66441e-08 1.03518e-09 0 0 0 0 0 0 0 
Cov(1,j) 1.03518e-09 8.49759e-08 0 0 0 0 0 0 0 
Cov(2,j) 0 0 0.322365 0 0 0 0 0 0 
Cov(3,j) 0 0 0 0.161145 0 0 0 0 0 
Cov(4,j) 0 0 0 0 1.80891e-09 -1.88486e-12 0 0 0 
Cov(5,j) 0 0 0 0 -1.88486e-12 1.73284e-09 0 0 0 
Cov(6,j) 0 0 0 0 0 0 9.15827e-07 0 0 
Cov(7,j) 0 0 0 0 0 0 0 9.65545e-07 0 
Cov(8,j) 0 0 0 0 0 0 0 0 0.00814472 
EmittanceX 0
EmittanceY 0
BetaStar 0
