Runnumber 353087
BeginTimeOfFit 2022.06.05 15:35:31 GMT 1654443331
EndTimeOfFit 2022.06.05 15:35:54 GMT 1654443354
LumiRange 120 - 120
Type 2
X0 0.172391
Y0 -0.180456
Z0 0.502245
sigmaZ0 6.61649
dxdz 0.000104766
dydz 0.000169395
BeamWidthX 0.0141384
BeamWidthY 0.0136448
dxdy 0.0550098
Cov(0,j) 3.47305e-08 -1.33103e-10 0 0 0 0 0 0 0 
Cov(1,j) -1.33103e-10 3.4849e-08 0 0 0 0 0 0 0 
Cov(2,j) 0 0 0.13766 0 0 0 0 0 0 
Cov(3,j) 0 0 0 0.0688233 0 0 0 0 0 
Cov(4,j) 0 0 0 0 6.869e-10 -1.00196e-11 0 0 0 
Cov(5,j) 0 0 0 0 -1.00196e-11 7.05247e-10 0 0 0 
Cov(6,j) 0 0 0 0 0 0 3.36958e-07 0 0 
Cov(7,j) 0 0 0 0 0 0 0 3.16152e-07 0 
Cov(8,j) 0 0 0 0 0 0 0 0 0.00336211 
EmittanceX 0
EmittanceY 0
BetaStar 0
