Runnumber 352493
BeginTimeOfFit 2022.05.28 07:02:06 GMT 1653721326
EndTimeOfFit 2022.05.28 07:02:29 GMT 1653721349
LumiRange 115 - 115
Type 2
X0 0.16989
Y0 -0.181912
Z0 0.38253
sigmaZ0 6.65735
dxdz 0.000109689
dydz 0.00024003
BeamWidthX 0.0137153
BeamWidthY 0.0151356
dxdy -0.0334514
Cov(0,j) 3.57239e-08 -2.58467e-10 0 0 0 0 0 0 0 
Cov(1,j) -2.58467e-10 3.51613e-08 0 0 0 0 0 0 0 
Cov(2,j) 0 0 0.142045 0 0 0 0 0 0 
Cov(3,j) 0 0 0 0.0710159 0 0 0 0 0 
Cov(4,j) 0 0 0 0 8.64844e-10 -5.23118e-12 0 0 0 
Cov(5,j) 0 0 0 0 -5.23118e-12 8.62563e-10 0 0 0 
Cov(6,j) 0 0 0 0 0 0 3.23171e-07 0 0 
Cov(7,j) 0 0 0 0 0 0 0 3.90873e-07 0 
Cov(8,j) 0 0 0 0 0 0 0 0 0.00341979 
EmittanceX 0
EmittanceY 0
BetaStar 0
