Runnumber 352509
BeginTimeOfFit 2022.05.28 12:13:44 GMT 1653740024
EndTimeOfFit 2022.05.28 12:14:07 GMT 1653740047
LumiRange 250 - 250
Type 2
X0 0.170286
Y0 -0.181919
Z0 -0.382247
sigmaZ0 7.64748
dxdz 0.000107044
dydz 0.000204683
BeamWidthX 0.0165202
BeamWidthY 0.0168134
dxdy -0.0677895
Cov(0,j) 9.1783e-08 2.77551e-09 0 0 0 0 0 0 0 
Cov(1,j) 2.77551e-09 9.30006e-08 0 0 0 0 0 0 0 
Cov(2,j) 0 0 0.420684 0 0 0 0 0 0 
Cov(3,j) 0 0 0 0.210288 0 0 0 0 0 
Cov(4,j) 0 0 0 0 1.52907e-09 2.99108e-11 0 0 0 
Cov(5,j) 0 0 0 0 2.99108e-11 1.56646e-09 0 0 0 
Cov(6,j) 0 0 0 0 0 0 1.03581e-06 0 0 
Cov(7,j) 0 0 0 0 0 0 0 1.0873e-06 0 
Cov(8,j) 0 0 0 0 0 0 0 0 0.00753127 
EmittanceX 0
EmittanceY 0
BetaStar 0
