Runnumber 353087
BeginTimeOfFit 2022.06.05 15:30:28 GMT 1654443028
EndTimeOfFit 2022.06.05 15:30:51 GMT 1654443051
LumiRange 107 - 107
Type 2
X0 0.17186
Y0 -0.180192
Z0 0.169248
sigmaZ0 7.25346
dxdz 0.000139122
dydz 0.000283799
BeamWidthX 0.0136135
BeamWidthY 0.0150459
dxdy -0.00782777
Cov(0,j) 3.60531e-08 -2.29974e-10 0 0 0 0 0 0 0 
Cov(1,j) -2.29974e-10 3.56451e-08 0 0 0 0 0 0 0 
Cov(2,j) 0 0 0.162375 0 0 0 0 0 0 
Cov(3,j) 0 0 0 0.0811782 0 0 0 0 0 
Cov(4,j) 0 0 0 0 7.15705e-10 -5.6188e-12 0 0 0 
Cov(5,j) 0 0 0 0 -5.6188e-12 7.20614e-10 0 0 0 
Cov(6,j) 0 0 0 0 0 0 3.07776e-07 0 0 
Cov(7,j) 0 0 0 0 0 0 0 3.7103e-07 0 
Cov(8,j) 0 0 0 0 0 0 0 0 0.00328586 
EmittanceX 0
EmittanceY 0
BetaStar 0
