Runnumber 353060
BeginTimeOfFit 2022.06.05 04:53:39 GMT 1654404819
EndTimeOfFit 2022.06.05 04:54:02 GMT 1654404842
LumiRange 36 - 36
Type 2
X0 0.170845
Y0 -0.179137
Z0 -0.462085
sigmaZ0 6.61589
dxdz 0.000208098
dydz 0.000176207
BeamWidthX 0.0132846
BeamWidthY 0.0137075
dxdy 0.0870482
Cov(0,j) 2.76907e-08 -1.59237e-10 0 0 0 0 0 0 0 
Cov(1,j) -1.59237e-10 2.73021e-08 0 0 0 0 0 0 0 
Cov(2,j) 0 0 0.116096 0 0 0 0 0 0 
Cov(3,j) 0 0 0 0.0580432 0 0 0 0 0 
Cov(4,j) 0 0 0 0 5.96783e-10 -7.3085e-12 0 0 0 
Cov(5,j) 0 0 0 0 -7.3085e-12 5.89267e-10 0 0 0 
Cov(6,j) 0 0 0 0 0 0 2.53435e-07 0 0 
Cov(7,j) 0 0 0 0 0 0 0 2.68468e-07 0 
Cov(8,j) 0 0 0 0 0 0 0 0 0.00281484 
EmittanceX 0
EmittanceY 0
BetaStar 0
