Runnumber 352572
BeginTimeOfFit 2022.05.29 12:11:02 GMT 1653826262
EndTimeOfFit 2022.05.29 12:11:25 GMT 1653826285
LumiRange 52 - 52
Type 2
X0 0.175216
Y0 -0.180799
Z0 -0.160246
sigmaZ0 5.87111
dxdz 0.000111744
dydz 3.72876e-05
BeamWidthX 0.0165686
BeamWidthY 0.0164934
dxdy -0.0979996
Cov(0,j) 1.21426e-07 5.03902e-11 0 0 0 0 0 0 0 
Cov(1,j) 5.03902e-11 1.24658e-07 0 0 0 0 0 0 0 
Cov(2,j) 0 0 0.319129 0 0 0 0 0 0 
Cov(3,j) 0 0 0 0.159524 0 0 0 0 0 
Cov(4,j) 0 0 0 0 2.78389e-09 2.85146e-12 0 0 0 
Cov(5,j) 0 0 0 0 2.85146e-12 2.71938e-09 0 0 0 
Cov(6,j) 0 0 0 0 0 0 1.33351e-06 0 0 
Cov(7,j) 0 0 0 0 0 0 0 1.33207e-06 0 
Cov(8,j) 0 0 0 0 0 0 0 0 0.00955092 
EmittanceX 0
EmittanceY 0
BetaStar 0
