Runnumber 352509
BeginTimeOfFit 2022.05.28 11:24:00 GMT 1653737040
EndTimeOfFit 2022.05.28 11:24:23 GMT 1653737063
LumiRange 122 - 122
Type 2
X0 0.17094
Y0 -0.181521
Z0 0.561968
sigmaZ0 7.33285
dxdz 0.000192466
dydz 0.000316098
BeamWidthX 0.0158343
BeamWidthY 0.0160625
dxdy 0.0131573
Cov(0,j) 7.91037e-08 3.76839e-10 0 0 0 0 0 0 0 
Cov(1,j) 3.76839e-10 7.72708e-08 0 0 0 0 0 0 0 
Cov(2,j) 0 0 0.323882 0 0 0 0 0 0 
Cov(3,j) 0 0 0 0.161908 0 0 0 0 0 
Cov(4,j) 0 0 0 0 1.34779e-09 2.17207e-12 0 0 0 
Cov(5,j) 0 0 0 0 2.17207e-12 1.35952e-09 0 0 0 
Cov(6,j) 0 0 0 0 0 0 8.0166e-07 0 0 
Cov(7,j) 0 0 0 0 0 0 0 8.17038e-07 0 
Cov(8,j) 0 0 0 0 0 0 0 0 0.00631911 
EmittanceX 0
EmittanceY 0
BetaStar 0
