Runnumber 353060
BeginTimeOfFit 2022.06.05 07:03:48 GMT 1654412628
EndTimeOfFit 2022.06.05 07:04:11 GMT 1654412651
LumiRange 371 - 371
Type 2
X0 0.16605
Y0 -0.179291
Z0 -0.770049
sigmaZ0 7.54298
dxdz 0.00012349
dydz 0.000120481
BeamWidthX 0.0146556
BeamWidthY 0.0149831
dxdy 0.0594311
Cov(0,j) 5.2571e-08 -1.10915e-10 0 0 0 0 0 0 0 
Cov(1,j) -1.10915e-10 5.20401e-08 0 0 0 0 0 0 0 
Cov(2,j) 0 0 0.247354 0 0 0 0 0 0 
Cov(3,j) 0 0 0 0.123658 0 0 0 0 0 
Cov(4,j) 0 0 0 0 9.34534e-10 5.71095e-12 0 0 0 
Cov(5,j) 0 0 0 0 5.71095e-12 9.38807e-10 0 0 0 
Cov(6,j) 0 0 0 0 0 0 5.02247e-07 0 0 
Cov(7,j) 0 0 0 0 0 0 0 5.2113e-07 0 
Cov(8,j) 0 0 0 0 0 0 0 0 0.00460058 
EmittanceX 0
EmittanceY 0
BetaStar 0
