Runnumber 352568
BeginTimeOfFit 2022.05.29 08:18:55 GMT 1653812335
EndTimeOfFit 2022.05.29 08:19:18 GMT 1653812358
LumiRange 128 - 128
Type 2
X0 0.176145
Y0 -0.181645
Z0 0.00392021
sigmaZ0 7.23565
dxdz 8.79035e-05
dydz 0.000174344
BeamWidthX 0.0145651
BeamWidthY 0.0139358
dxdy 0.0608668
Cov(0,j) 5.29795e-08 2.55454e-10 0 0 0 0 0 0 0 
Cov(1,j) 2.55454e-10 5.39214e-08 0 0 0 0 0 0 0 
Cov(2,j) 0 0 0.250478 0 0 0 0 0 0 
Cov(3,j) 0 0 0 0.125218 0 0 0 0 0 
Cov(4,j) 0 0 0 0 9.80468e-10 2.8855e-12 0 0 0 
Cov(5,j) 0 0 0 0 2.8855e-12 9.99972e-10 0 0 0 
Cov(6,j) 0 0 0 0 0 0 5.41102e-07 0 0 
Cov(7,j) 0 0 0 0 0 0 0 4.97183e-07 0 
Cov(8,j) 0 0 0 0 0 0 0 0 0.00506151 
EmittanceX 0
EmittanceY 0
BetaStar 0
