Runnumber 353709
BeginTimeOfFit 2022.06.13 12:17:21 GMT 1655122641
EndTimeOfFit 2022.06.13 12:17:44 GMT 1655122664
LumiRange 106 - 106
Type 2
X0 0.173954
Y0 -0.179551
Z0 0.682741
sigmaZ0 7.26047
dxdz 3.78291e-05
dydz 0.000170758
BeamWidthX 0.0176114
BeamWidthY 0.0171772
dxdy -0.0862073
Cov(0,j) 1.00527e-07 -1.25393e-09 0 0 0 0 0 0 0 
Cov(1,j) -1.25393e-09 9.71466e-08 0 0 0 0 0 0 0 
Cov(2,j) 0 0 0.390421 0 0 0 0 0 0 
Cov(3,j) 0 0 0 0.195161 0 0 0 0 0 
Cov(4,j) 0 0 0 0 1.87544e-09 -1.29592e-11 0 0 0 
Cov(5,j) 0 0 0 0 -1.29592e-11 1.79059e-09 0 0 0 
Cov(6,j) 0 0 0 0 0 0 1.20888e-06 0 0 
Cov(7,j) 0 0 0 0 0 0 0 1.14445e-06 0 
Cov(8,j) 0 0 0 0 0 0 0 0 0.00767262 
EmittanceX 0
EmittanceY 0
BetaStar 0
