Runnumber 353060
BeginTimeOfFit 2022.06.05 10:05:38 GMT 1654423538
EndTimeOfFit 2022.06.05 10:06:01 GMT 1654423561
LumiRange 839 - 839
Type 2
X0 0.16917
Y0 -0.179714
Z0 0.143561
sigmaZ0 7.98938
dxdz 0.00016132
dydz 0.00017578
BeamWidthX 0.0154785
BeamWidthY 0.0174093
dxdy -0.119731
Cov(0,j) 1.02377e-07 1.25691e-10 0 0 0 0 0 0 0 
Cov(1,j) 1.25691e-10 1.03143e-07 0 0 0 0 0 0 0 
Cov(2,j) 0 0 0.455853 0 0 0 0 0 0 
Cov(3,j) 0 0 0 0.227867 0 0 0 0 0 
Cov(4,j) 0 0 0 0 1.70196e-09 -1.65653e-11 0 0 0 
Cov(5,j) 0 0 0 0 -1.65653e-11 1.73354e-09 0 0 0 
Cov(6,j) 0 0 0 0 0 0 9.06848e-07 0 0 
Cov(7,j) 0 0 0 0 0 0 0 1.13799e-06 0 
Cov(8,j) 0 0 0 0 0 0 0 0 0.00729493 
EmittanceX 0
EmittanceY 0
BetaStar 0
