Runnumber 353087
BeginTimeOfFit 2022.06.05 15:19:35 GMT 1654442375
EndTimeOfFit 2022.06.05 15:19:58 GMT 1654442398
LumiRange 79 - 79
Type 2
X0 0.172365
Y0 -0.18078
Z0 0.165508
sigmaZ0 6.69584
dxdz 0.000144977
dydz 0.000259782
BeamWidthX 0.0129248
BeamWidthY 0.0142249
dxdy 0.0295742
Cov(0,j) 3.11677e-08 -1.03514e-10 0 0 0 0 0 0 0 
Cov(1,j) -1.03514e-10 3.13701e-08 0 0 0 0 0 0 0 
Cov(2,j) 0 0 0.133827 0 0 0 0 0 0 
Cov(3,j) 0 0 0 0.0669072 0 0 0 0 0 
Cov(4,j) 0 0 0 0 6.37674e-10 -1.30605e-11 0 0 0 
Cov(5,j) 0 0 0 0 -1.30605e-11 6.55734e-10 0 0 0 
Cov(6,j) 0 0 0 0 0 0 2.68847e-07 0 0 
Cov(7,j) 0 0 0 0 0 0 0 3.25117e-07 0 
Cov(8,j) 0 0 0 0 0 0 0 0 0.00322527 
EmittanceX 0
EmittanceY 0
BetaStar 0
