Runnumber 352493
BeginTimeOfFit 2022.05.28 07:19:58 GMT 1653722398
EndTimeOfFit 2022.05.28 07:20:22 GMT 1653722422
LumiRange 161 - 161
Type 2
X0 0.169398
Y0 -0.182323
Z0 0.0810437
sigmaZ0 6.73802
dxdz 0.000111299
dydz 0.000170962
BeamWidthX 0.0143943
BeamWidthY 0.0140371
dxdy 0.0107928
Cov(0,j) 3.63083e-08 -5.99933e-11 0 0 0 0 0 0 0 
Cov(1,j) -5.99933e-11 3.64115e-08 0 0 0 0 0 0 0 
Cov(2,j) 0 0 0.143213 0 0 0 0 0 0 
Cov(3,j) 0 0 0 0.0716001 0 0 0 0 0 
Cov(4,j) 0 0 0 0 7.95648e-10 7.95326e-12 0 0 0 
Cov(5,j) 0 0 0 0 7.95326e-12 8.02867e-10 0 0 0 
Cov(6,j) 0 0 0 0 0 0 3.48607e-07 0 0 
Cov(7,j) 0 0 0 0 0 0 0 3.32074e-07 0 
Cov(8,j) 0 0 0 0 0 0 0 0 0.0033665 
EmittanceX 0
EmittanceY 0
BetaStar 0
