Runnumber 352931
BeginTimeOfFit 2022.06.03 13:15:38 GMT 1654262138
EndTimeOfFit 2022.06.03 13:16:01 GMT 1654262161
LumiRange 277 - 277
Type 2
X0 0.169236
Y0 -0.180442
Z0 0.0277975
sigmaZ0 6.87359
dxdz 0.000167048
dydz 0.000239499
BeamWidthX 0.0178371
BeamWidthY 0.0184397
dxdy -0.10772
Cov(0,j) 1.1461e-07 -4.53337e-10 0 0 0 0 0 0 0 
Cov(1,j) -4.53337e-10 1.17753e-07 0 0 0 0 0 0 0 
Cov(2,j) 0 0 0.312854 0 0 0 0 0 0 
Cov(3,j) 0 0 0 0.156391 0 0 0 0 0 
Cov(4,j) 0 0 0 0 1.97817e-09 -3.95726e-11 0 0 0 
Cov(5,j) 0 0 0 0 -3.95726e-11 2.02843e-09 0 0 0 
Cov(6,j) 0 0 0 0 0 0 1.10608e-06 0 0 
Cov(7,j) 0 0 0 0 0 0 0 1.18132e-06 0 
Cov(8,j) 0 0 0 0 0 0 0 0 0.00676621 
EmittanceX 0
EmittanceY 0
BetaStar 0
