Runnumber 352909
BeginTimeOfFit 2022.06.03 08:35:27 GMT 1654245327
EndTimeOfFit 2022.06.03 08:35:50 GMT 1654245350
LumiRange 16 - 16
Type 2
X0 0.169311
Y0 -0.179552
Z0 0.570969
sigmaZ0 6.93632
dxdz 0.000148652
dydz 0.000213066
BeamWidthX 0.0137433
BeamWidthY 0.0148551
dxdy 0.0453716
Cov(0,j) 3.85475e-08 4.17626e-10 0 0 0 0 0 0 0 
Cov(1,j) 4.17626e-10 3.83449e-08 0 0 0 0 0 0 0 
Cov(2,j) 0 0 0.167047 0 0 0 0 0 0 
Cov(3,j) 0 0 0 0.083514 0 0 0 0 0 
Cov(4,j) 0 0 0 0 7.82244e-10 2.75261e-12 0 0 0 
Cov(5,j) 0 0 0 0 2.75261e-12 7.54423e-10 0 0 0 
Cov(6,j) 0 0 0 0 0 0 3.53992e-07 0 0 
Cov(7,j) 0 0 0 0 0 0 0 4.08003e-07 0 
Cov(8,j) 0 0 0 0 0 0 0 0 0.00368727 
EmittanceX 0
EmittanceY 0
BetaStar 0
