Runnumber 352568
BeginTimeOfFit 2022.05.29 08:55:26 GMT 1653814526
EndTimeOfFit 2022.05.29 08:55:50 GMT 1653814550
LumiRange 222 - 222
Type 2
X0 0.176278
Y0 -0.181715
Z0 -0.404463
sigmaZ0 6.49698
dxdz 0.000213939
dydz 0.000173025
BeamWidthX 0.0151925
BeamWidthY 0.0150755
dxdy -0.0224001
Cov(0,j) 6.40592e-08 3.46031e-10 0 0 0 0 0 0 0 
Cov(1,j) 3.46031e-10 6.38422e-08 0 0 0 0 0 0 0 
Cov(2,j) 0 0 0.208949 0 0 0 0 0 0 
Cov(3,j) 0 0 0 0.104455 0 0 0 0 0 
Cov(4,j) 0 0 0 0 1.48778e-09 6.70268e-12 0 0 0 
Cov(5,j) 0 0 0 0 6.70268e-12 1.45104e-09 0 0 0 
Cov(6,j) 0 0 0 0 0 0 6.08052e-07 0 0 
Cov(7,j) 0 0 0 0 0 0 0 5.99129e-07 0 
Cov(8,j) 0 0 0 0 0 0 0 0 0.00524533 
EmittanceX 0
EmittanceY 0
BetaStar 0
