Runnumber 353087
BeginTimeOfFit 2022.06.05 16:19:48 GMT 1654445988
EndTimeOfFit 2022.06.05 16:20:11 GMT 1654446011
LumiRange 234 - 234
Type 2
X0 0.171454
Y0 -0.181428
Z0 -0.444024
sigmaZ0 6.95936
dxdz 5.44693e-05
dydz 0.000247872
BeamWidthX 0.0141451
BeamWidthY 0.015289
dxdy 0.0552375
Cov(0,j) 4.59671e-08 1.97648e-10 0 0 0 0 0 0 0 
Cov(1,j) 1.97648e-10 4.50469e-08 0 0 0 0 0 0 0 
Cov(2,j) 0 0 0.19767 0 0 0 0 0 0 
Cov(3,j) 0 0 0 0.0988221 0 0 0 0 0 
Cov(4,j) 0 0 0 0 8.67785e-10 -1.20676e-11 0 0 0 
Cov(5,j) 0 0 0 0 -1.20676e-11 8.60498e-10 0 0 0 
Cov(6,j) 0 0 0 0 0 0 4.38817e-07 0 0 
Cov(7,j) 0 0 0 0 0 0 0 5.07428e-07 0 
Cov(8,j) 0 0 0 0 0 0 0 0 0.00434123 
EmittanceX 0
EmittanceY 0
BetaStar 0
