Runnumber 352425
BeginTimeOfFit 2022.05.27 10:01:39 GMT 1653645699
EndTimeOfFit 2022.05.27 10:02:03 GMT 1653645723
LumiRange 111 - 111
Type 2
X0 0.168949
Y0 -0.182211
Z0 -0.0154245
sigmaZ0 7.23834
dxdz 0.000219211
dydz 0.000177279
BeamWidthX 0.0145928
BeamWidthY 0.0165047
dxdy 0.0387467
Cov(0,j) 9.98625e-08 -1.80348e-11 0 0 0 0 0 0 0 
Cov(1,j) -1.80348e-11 9.71276e-08 0 0 0 0 0 0 0 
Cov(2,j) 0 0 0.425897 0 0 0 0 0 0 
Cov(3,j) 0 0 0 0.212892 0 0 0 0 0 
Cov(4,j) 0 0 0 0 1.90585e-09 2.79616e-11 0 0 0 
Cov(5,j) 0 0 0 0 2.79616e-11 1.9369e-09 0 0 0 
Cov(6,j) 0 0 0 0 0 0 9.32981e-07 0 0 
Cov(7,j) 0 0 0 0 0 0 0 1.16529e-06 0 
Cov(8,j) 0 0 0 0 0 0 0 0 0.00860109 
EmittanceX 0
EmittanceY 0
BetaStar 0
