Runnumber 353018
BeginTimeOfFit 2022.06.04 08:44:02 GMT 1654332242
EndTimeOfFit 2022.06.04 08:44:26 GMT 1654332266
LumiRange 361 - 361
Type 2
X0 0.142375
Y0 -0.179922
Z0 0.47019
sigmaZ0 6.91008
dxdz 0.000167477
dydz 0.000157042
BeamWidthX 0.0156762
BeamWidthY 0.0181451
dxdy -0.0379448
Cov(0,j) 5.24536e-08 -7.39459e-11 0 0 0 0 0 0 0 
Cov(1,j) -7.39459e-11 5.07948e-08 0 0 0 0 0 0 0 
Cov(2,j) 0 0 0.150147 0 0 0 0 0 0 
Cov(3,j) 0 0 0 0.0750659 0 0 0 0 0 
Cov(4,j) 0 0 0 0 9.77723e-10 -1.24158e-12 0 0 0 
Cov(5,j) 0 0 0 0 -1.24158e-12 9.77538e-10 0 0 0 
Cov(6,j) 0 0 0 0 0 0 4.09378e-07 0 0 
Cov(7,j) 0 0 0 0 0 0 0 5.40759e-07 0 
Cov(8,j) 0 0 0 0 0 0 0 0 0.00328812 
EmittanceX 0
EmittanceY 0
BetaStar 0
