Runnumber 353087
BeginTimeOfFit 2022.06.05 16:25:15 GMT 1654446315
EndTimeOfFit 2022.06.05 16:25:38 GMT 1654446338
LumiRange 248 - 248
Type 2
X0 0.171512
Y0 -0.179754
Z0 0.154529
sigmaZ0 7.08141
dxdz 2.40879e-05
dydz 0.000181886
BeamWidthX 0.0137583
BeamWidthY 0.0147427
dxdy -0.00414524
Cov(0,j) 4.2927e-08 -1.83026e-10 0 0 0 0 0 0 0 
Cov(1,j) -1.83026e-10 4.17031e-08 0 0 0 0 0 0 0 
Cov(2,j) 0 0 0.178445 0 0 0 0 0 0 
Cov(3,j) 0 0 0 0.0892123 0 0 0 0 0 
Cov(4,j) 0 0 0 0 8.26935e-10 1.98783e-11 0 0 0 
Cov(5,j) 0 0 0 0 1.98783e-11 7.80706e-10 0 0 0 
Cov(6,j) 0 0 0 0 0 0 3.65449e-07 0 0 
Cov(7,j) 0 0 0 0 0 0 0 4.10784e-07 0 
Cov(8,j) 0 0 0 0 0 0 0 0 0.00380734 
EmittanceX 0
EmittanceY 0
BetaStar 0
