Runnumber 353709
BeginTimeOfFit 2022.06.13 12:23:34 GMT 1655123014
EndTimeOfFit 2022.06.13 12:23:57 GMT 1655123037
LumiRange 122 - 122
Type 2
X0 0.173647
Y0 -0.178999
Z0 0.54008
sigmaZ0 6.80766
dxdz 0.000261309
dydz 0.000247205
BeamWidthX 0.0152269
BeamWidthY 0.0180504
dxdy -0.0629958
Cov(0,j) 9.23931e-08 1.01412e-09 0 0 0 0 0 0 0 
Cov(1,j) 1.01412e-09 9.33928e-08 0 0 0 0 0 0 0 
Cov(2,j) 0 0 0.26786 0 0 0 0 0 0 
Cov(3,j) 0 0 0 0.133906 0 0 0 0 0 
Cov(4,j) 0 0 0 0 1.62776e-09 -1.13736e-11 0 0 0 
Cov(5,j) 0 0 0 0 -1.13736e-11 1.64092e-09 0 0 0 
Cov(6,j) 0 0 0 0 0 0 7.0775e-07 0 0 
Cov(7,j) 0 0 0 0 0 0 0 9.80265e-07 0 
Cov(8,j) 0 0 0 0 0 0 0 0 0.00597814 
EmittanceX 0
EmittanceY 0
BetaStar 0
