Runnumber 353015
BeginTimeOfFit 2022.06.04 05:20:04 GMT 1654320004
EndTimeOfFit 2022.06.04 05:20:27 GMT 1654320027
LumiRange 246 - 246
Type 2
X0 0.1757
Y0 -0.178193
Z0 0.181611
sigmaZ0 6.77858
dxdz 0.000137571
dydz 0.000185869
BeamWidthX 0.0140559
BeamWidthY 0.0149305
dxdy -0.0144578
Cov(0,j) 3.27379e-08 -3.69948e-10 0 0 0 0 0 0 0 
Cov(1,j) -3.69948e-10 3.25686e-08 0 0 0 0 0 0 0 
Cov(2,j) 0 0 0.125538 0 0 0 0 0 0 
Cov(3,j) 0 0 0 0.0627639 0 0 0 0 0 
Cov(4,j) 0 0 0 0 6.69257e-10 -3.81661e-12 0 0 0 
Cov(5,j) 0 0 0 0 -3.81661e-12 6.6919e-10 0 0 0 
Cov(6,j) 0 0 0 0 0 0 2.90512e-07 0 0 
Cov(7,j) 0 0 0 0 0 0 0 3.2488e-07 0 
Cov(8,j) 0 0 0 0 0 0 0 0 0.00292261 
EmittanceX 0
EmittanceY 0
BetaStar 0
