Runnumber 352568
BeginTimeOfFit 2022.05.29 08:27:51 GMT 1653812871
EndTimeOfFit 2022.05.29 08:28:14 GMT 1653812894
LumiRange 151 - 151
Type 2
X0 0.176147
Y0 -0.181699
Z0 -0.111516
sigmaZ0 7.21931
dxdz 8.54615e-05
dydz 0.000199447
BeamWidthX 0.0141251
BeamWidthY 0.0148193
dxdy -0.0339977
Cov(0,j) 5.75191e-08 8.7525e-10 0 0 0 0 0 0 0 
Cov(1,j) 8.7525e-10 5.59139e-08 0 0 0 0 0 0 0 
Cov(2,j) 0 0 0.244666 0 0 0 0 0 0 
Cov(3,j) 0 0 0 0.122314 0 0 0 0 0 
Cov(4,j) 0 0 0 0 1.02023e-09 2.69831e-12 0 0 0 
Cov(5,j) 0 0 0 0 2.69831e-12 1.01843e-09 0 0 0 
Cov(6,j) 0 0 0 0 0 0 5.06712e-07 0 0 
Cov(7,j) 0 0 0 0 0 0 0 5.47727e-07 0 
Cov(8,j) 0 0 0 0 0 0 0 0 0.00502904 
EmittanceX 0
EmittanceY 0
BetaStar 0
