Runnumber 353060
BeginTimeOfFit 2022.06.05 08:30:50 GMT 1654417850
EndTimeOfFit 2022.06.05 08:31:13 GMT 1654417873
LumiRange 595 - 595
Type 2
X0 0.168341
Y0 -0.179707
Z0 1.03958
sigmaZ0 7.11508
dxdz 0.000142089
dydz 0.000209896
BeamWidthX 0.0151843
BeamWidthY 0.0178805
dxdy 0.241752
Cov(0,j) 1.0656e-07 1.70429e-09 0 0 0 0 0 0 0 
Cov(1,j) 1.70429e-09 1.05165e-07 0 0 0 0 0 0 0 
Cov(2,j) 0 0 0.609796 0 0 0 0 0 0 
Cov(3,j) 0 0 0 0.304781 0 0 0 0 0 
Cov(4,j) 0 0 0 0 1.88256e-09 6.5593e-12 0 0 0 
Cov(5,j) 0 0 0 0 6.5593e-12 1.82465e-09 0 0 0 
Cov(6,j) 0 0 0 0 0 0 1.48123e-06 0 0 
Cov(7,j) 0 0 0 0 0 0 0 2.01203e-06 0 
Cov(8,j) 0 0 0 0 0 0 0 0 0.0113861 
EmittanceX 0
EmittanceY 0
BetaStar 0
