Runnumber 353060
BeginTimeOfFit 2022.06.05 09:55:55 GMT 1654422955
EndTimeOfFit 2022.06.05 09:56:18 GMT 1654422978
LumiRange 814 - 814
Type 2
X0 0.164638
Y0 -0.180476
Z0 -0.220491
sigmaZ0 7.39718
dxdz 0.00020403
dydz 0.000160247
BeamWidthX 0.0159304
BeamWidthY 0.0185417
dxdy 0.0153221
Cov(0,j) 1.10983e-07 -2.72742e-10 0 0 0 0 0 0 0 
Cov(1,j) -2.72742e-10 1.10017e-07 0 0 0 0 0 0 0 
Cov(2,j) 0 0 0.362325 0 0 0 0 0 0 
Cov(3,j) 0 0 0 0.181115 0 0 0 0 0 
Cov(4,j) 0 0 0 0 1.96538e-09 -5.50157e-11 0 0 0 
Cov(5,j) 0 0 0 0 -5.50157e-11 1.88818e-09 0 0 0 
Cov(6,j) 0 0 0 0 0 0 8.89951e-07 0 0 
Cov(7,j) 0 0 0 0 0 0 0 1.19112e-06 0 
Cov(8,j) 0 0 0 0 0 0 0 0 0.0069617 
EmittanceX 0
EmittanceY 0
BetaStar 0
