Runnumber 353060
BeginTimeOfFit 2022.06.05 11:25:16 GMT 1654428316
EndTimeOfFit 2022.06.05 11:25:40 GMT 1654428340
LumiRange 1044 - 1044
Type 2
X0 0.166028
Y0 -0.179828
Z0 0.46375
sigmaZ0 7.45408
dxdz 0.000256433
dydz 0.000172397
BeamWidthX 0.0165983
BeamWidthY 0.0155687
dxdy -0.0659502
Cov(0,j) 1.31359e-07 5.2648e-10 0 0 0 0 0 0 0 
Cov(1,j) 5.2648e-10 1.27455e-07 0 0 0 0 0 0 0 
Cov(2,j) 0 0 0.578661 0 0 0 0 0 0 
Cov(3,j) 0 0 0 0.289158 0 0 0 0 0 
Cov(4,j) 0 0 0 0 2.21574e-09 -5.29312e-11 0 0 0 
Cov(5,j) 0 0 0 0 -5.29312e-11 2.15763e-09 0 0 0 
Cov(6,j) 0 0 0 0 0 0 1.5098e-06 0 0 
Cov(7,j) 0 0 0 0 0 0 0 1.33796e-06 0 
Cov(8,j) 0 0 0 0 0 0 0 0 0.0108535 
EmittanceX 0
EmittanceY 0
BetaStar 0
