Runnumber 352568
BeginTimeOfFit 2022.05.29 10:53:56 GMT 1653821636
EndTimeOfFit 2022.05.29 10:54:19 GMT 1653821659
LumiRange 527 - 527
Type 2
X0 0.177339
Y0 -0.181971
Z0 0.0407461
sigmaZ0 6.55023
dxdz 0.000127436
dydz 0.000186523
BeamWidthX 0.0150264
BeamWidthY 0.0155861
dxdy 0.0413206
Cov(0,j) 7.7421e-08 1.50291e-09 0 0 0 0 0 0 0 
Cov(1,j) 1.50291e-09 7.69774e-08 0 0 0 0 0 0 0 
Cov(2,j) 0 0 0.246561 0 0 0 0 0 0 
Cov(3,j) 0 0 0 0.123259 0 0 0 0 0 
Cov(4,j) 0 0 0 0 1.70171e-09 4.39677e-12 0 0 0 
Cov(5,j) 0 0 0 0 4.39677e-12 1.77402e-09 0 0 0 
Cov(6,j) 0 0 0 0 0 0 6.92272e-07 0 0 
Cov(7,j) 0 0 0 0 0 0 0 7.38645e-07 0 
Cov(8,j) 0 0 0 0 0 0 0 0 0.00606726 
EmittanceX 0
EmittanceY 0
BetaStar 0
