Runnumber 353060
BeginTimeOfFit 2022.06.05 11:19:27 GMT 1654427967
EndTimeOfFit 2022.06.05 11:19:50 GMT 1654427990
LumiRange 1029 - 1029
Type 2
X0 0.167499
Y0 -0.180387
Z0 0.358633
sigmaZ0 7.33816
dxdz 0.000140876
dydz 0.000158201
BeamWidthX 0.0153049
BeamWidthY 0.0176351
dxdy -0.0863984
Cov(0,j) 1.31632e-07 -8.77233e-10 0 0 0 0 0 0 0 
Cov(1,j) -8.77233e-10 1.25527e-07 0 0 0 0 0 0 0 
Cov(2,j) 0 0 0.512747 0 0 0 0 0 0 
Cov(3,j) 0 0 0 0.256285 0 0 0 0 0 
Cov(4,j) 0 0 0 0 2.18001e-09 -7.11748e-11 0 0 0 
Cov(5,j) 0 0 0 0 -7.11748e-11 2.06184e-09 0 0 0 
Cov(6,j) 0 0 0 0 0 0 1.19137e-06 0 0 
Cov(7,j) 0 0 0 0 0 0 0 1.55432e-06 0 
Cov(8,j) 0 0 0 0 0 0 0 0 0.00992453 
EmittanceX 0
EmittanceY 0
BetaStar 0
