Runnumber 353706
BeginTimeOfFit 2022.06.13 10:52:03 GMT 1655117523
EndTimeOfFit 2022.06.13 10:52:26 GMT 1655117546
LumiRange 86 - 86
Type 2
X0 0.171944
Y0 -0.18217
Z0 0.391987
sigmaZ0 7.20909
dxdz 0.000175915
dydz 0.000122755
BeamWidthX 0.017297
BeamWidthY 0.015966
dxdy 0.000609079
Cov(0,j) 7.43631e-08 -1.26984e-09 0 0 0 0 0 0 0 
Cov(1,j) -1.26984e-09 7.21164e-08 0 0 0 0 0 0 0 
Cov(2,j) 0 0 0.255991 0 0 0 0 0 0 
Cov(3,j) 0 0 0 0.127974 0 0 0 0 0 
Cov(4,j) 0 0 0 0 1.36748e-09 -2.67757e-11 0 0 0 
Cov(5,j) 0 0 0 0 -2.67757e-11 1.31704e-09 0 0 0 
Cov(6,j) 0 0 0 0 0 0 7.75258e-07 0 0 
Cov(7,j) 0 0 0 0 0 0 0 6.62715e-07 0 
Cov(8,j) 0 0 0 0 0 0 0 0 0.00518276 
EmittanceX 0
EmittanceY 0
BetaStar 0
