Runnumber 352900
BeginTimeOfFit 2022.06.03 07:03:45 GMT 1654239825
EndTimeOfFit 2022.06.03 07:04:09 GMT 1654239849
LumiRange 8 - 8
Type 2
X0 0.169984
Y0 -0.182063
Z0 0.190752
sigmaZ0 5.89921
dxdz 0.000125663
dydz 0.000135328
BeamWidthX 0.0133148
BeamWidthY 0.0138217
dxdy -0.0286799
Cov(0,j) 2.67674e-08 1.53151e-10 0 0 0 0 0 0 0 
Cov(1,j) 1.53151e-10 2.64327e-08 0 0 0 0 0 0 0 
Cov(2,j) 0 0 0.0840572 0 0 0 0 0 0 
Cov(3,j) 0 0 0 0.0420258 0 0 0 0 0 
Cov(4,j) 0 0 0 0 7.83993e-10 2.05659e-12 0 0 0 
Cov(5,j) 0 0 0 0 2.05659e-12 7.73565e-10 0 0 0 
Cov(6,j) 0 0 0 0 0 0 2.31779e-07 0 0 
Cov(7,j) 0 0 0 0 0 0 0 2.46944e-07 0 
Cov(8,j) 0 0 0 0 0 0 0 0 0.00259444 
EmittanceX 0
EmittanceY 0
BetaStar 0
