Runnumber 352509
BeginTimeOfFit 2022.05.28 12:16:50 GMT 1653740210
EndTimeOfFit 2022.05.28 12:17:14 GMT 1653740234
LumiRange 258 - 258
Type 2
X0 0.170913
Y0 -0.181446
Z0 -0.782522
sigmaZ0 7.37111
dxdz 0.000195251
dydz 0.000279064
BeamWidthX 0.0157989
BeamWidthY 0.0161822
dxdy 0.0689686
Cov(0,j) 8.72978e-08 1.03989e-09 0 0 0 0 0 0 0 
Cov(1,j) 1.03989e-09 8.60954e-08 0 0 0 0 0 0 0 
Cov(2,j) 0 0 0.414695 0 0 0 0 0 0 
Cov(3,j) 0 0 0 0.207293 0 0 0 0 0 
Cov(4,j) 0 0 0 0 1.47019e-09 4.56669e-11 0 0 0 
Cov(5,j) 0 0 0 0 4.56669e-11 1.45857e-09 0 0 0 
Cov(6,j) 0 0 0 0 0 0 1.01096e-06 0 0 
Cov(7,j) 0 0 0 0 0 0 0 1.06157e-06 0 
Cov(8,j) 0 0 0 0 0 0 0 0 0.00797736 
EmittanceX 0
EmittanceY 0
BetaStar 0
