Runnumber 352505
BeginTimeOfFit 2022.05.28 09:55:55 GMT 1653731755
EndTimeOfFit 2022.05.28 09:56:18 GMT 1653731778
LumiRange 92 - 92
Type 2
X0 0.169985
Y0 -0.181525
Z0 -0.528255
sigmaZ0 7.21854
dxdz 0.00013632
dydz 0.000214356
BeamWidthX 0.0157995
BeamWidthY 0.0152934
dxdy 0.0420491
Cov(0,j) 6.03307e-08 2.90382e-10 0 0 0 0 0 0 0 
Cov(1,j) 2.90382e-10 6.08406e-08 0 0 0 0 0 0 0 
Cov(2,j) 0 0 0.248108 0 0 0 0 0 0 
Cov(3,j) 0 0 0 0.124033 0 0 0 0 0 
Cov(4,j) 0 0 0 0 1.06133e-09 4.31583e-12 0 0 0 
Cov(5,j) 0 0 0 0 4.31583e-12 1.06256e-09 0 0 0 
Cov(6,j) 0 0 0 0 0 0 6.2914e-07 0 0 
Cov(7,j) 0 0 0 0 0 0 0 5.93381e-07 0 
Cov(8,j) 0 0 0 0 0 0 0 0 0.00504727 
EmittanceX 0
EmittanceY 0
BetaStar 0
