Runnumber 353689
BeginTimeOfFit 2022.06.13 08:08:41 GMT 1655107721
EndTimeOfFit 2022.06.13 08:09:04 GMT 1655107744
LumiRange 31 - 31
Type 2
X0 0.171954
Y0 -0.181069
Z0 0.876809
sigmaZ0 5.48914
dxdz 0.000135734
dydz 0.000104619
BeamWidthX 0.0150423
BeamWidthY 0.0150247
dxdy 0.00668121
Cov(0,j) 3.63922e-08 -4.65265e-10 0 0 0 0 0 0 0 
Cov(1,j) -4.65265e-10 3.58258e-08 0 0 0 0 0 0 0 
Cov(2,j) 0 0 0.0832314 0 0 0 0 0 0 
Cov(3,j) 0 0 0 0.0416128 0 0 0 0 0 
Cov(4,j) 0 0 0 0 1.06597e-09 -2.76813e-12 0 0 0 
Cov(5,j) 0 0 0 0 -2.76813e-12 1.07105e-09 0 0 0 
Cov(6,j) 0 0 0 0 0 0 3.34149e-07 0 0 
Cov(7,j) 0 0 0 0 0 0 0 3.31776e-07 0 
Cov(8,j) 0 0 0 0 0 0 0 0 0.00294099 
EmittanceX 0
EmittanceY 0
BetaStar 0
