Runnumber 353706
BeginTimeOfFit 2022.06.13 10:21:45 GMT 1655115705
EndTimeOfFit 2022.06.13 10:22:08 GMT 1655115728
LumiRange 8 - 8
Type 2
X0 0.172142
Y0 -0.181804
Z0 0.731897
sigmaZ0 7.01713
dxdz 0.000138422
dydz 0.00011229
BeamWidthX 0.0156918
BeamWidthY 0.0155224
dxdy 0.0311023
Cov(0,j) 6.0509e-08 3.61784e-10 0 0 0 0 0 0 0 
Cov(1,j) 3.61784e-10 6.06172e-08 0 0 0 0 0 0 0 
Cov(2,j) 0 0 0.197737 0 0 0 0 0 0 
Cov(3,j) 0 0 0 0.0988556 0 0 0 0 0 
Cov(4,j) 0 0 0 0 1.22826e-09 8.83701e-13 0 0 0 
Cov(5,j) 0 0 0 0 8.83701e-13 1.17798e-09 0 0 0 
Cov(6,j) 0 0 0 0 0 0 5.23479e-07 0 0 
Cov(7,j) 0 0 0 0 0 0 0 5.14184e-07 0 
Cov(8,j) 0 0 0 0 0 0 0 0 0.0042508 
EmittanceX 0
EmittanceY 0
BetaStar 0
