Runnumber 353709
BeginTimeOfFit 2022.06.13 11:43:09 GMT 1655120589
EndTimeOfFit 2022.06.13 11:43:33 GMT 1655120613
LumiRange 18 - 18
Type 2
X0 0.173096
Y0 -0.179511
Z0 0.854089
sigmaZ0 6.67112
dxdz 0.00016095
dydz 0.000191961
BeamWidthX 0.0162074
BeamWidthY 0.0180045
dxdy -0.0845162
Cov(0,j) 9.32641e-08 -8.41873e-10 0 0 0 0 0 0 0 
Cov(1,j) -8.41873e-10 9.13927e-08 0 0 0 0 0 0 0 
Cov(2,j) 0 0 0.302713 0 0 0 0 0 0 
Cov(3,j) 0 0 0 0.151326 0 0 0 0 0 
Cov(4,j) 0 0 0 0 1.77141e-09 -2.98966e-11 0 0 0 
Cov(5,j) 0 0 0 0 -2.98966e-11 1.71425e-09 0 0 0 
Cov(6,j) 0 0 0 0 0 0 9.49908e-07 0 0 
Cov(7,j) 0 0 0 0 0 0 0 1.15313e-06 0 
Cov(8,j) 0 0 0 0 0 0 0 0 0.00705609 
EmittanceX 0
EmittanceY 0
BetaStar 0
