Runnumber 353018
BeginTimeOfFit 2022.06.04 08:55:42 GMT 1654332942
EndTimeOfFit 2022.06.04 08:56:05 GMT 1654332965
LumiRange 391 - 391
Type 2
X0 0.176074
Y0 -0.12273
Z0 0.368004
sigmaZ0 6.9733
dxdz 0.000109115
dydz 0.000240355
BeamWidthX 0.0134913
BeamWidthY 0.0131769
dxdy 0.0682444
Cov(0,j) 3.55612e-08 -2.40835e-10 0 0 0 0 0 0 0 
Cov(1,j) -2.40835e-10 3.48365e-08 0 0 0 0 0 0 0 
Cov(2,j) 0 0 0.249346 0 0 0 0 0 0 
Cov(3,j) 0 0 0 0.124656 0 0 0 0 0 
Cov(4,j) 0 0 0 0 6.90127e-10 -4.74658e-12 0 0 0 
Cov(5,j) 0 0 0 0 -4.74658e-12 6.8263e-10 0 0 0 
Cov(6,j) 0 0 0 0 0 0 4.99378e-07 0 0 
Cov(7,j) 0 0 0 0 0 0 0 4.89178e-07 0 
Cov(8,j) 0 0 0 0 0 0 0 0 0.00550769 
EmittanceX 0
EmittanceY 0
BetaStar 0
