Runnumber 353706
BeginTimeOfFit 2022.06.13 11:05:39 GMT 1655118339
EndTimeOfFit 2022.06.13 11:06:02 GMT 1655118362
LumiRange 121 - 121
Type 2
X0 0.170884
Y0 -0.181379
Z0 0.818856
sigmaZ0 6.70033
dxdz 0.000119035
dydz 0.000212201
BeamWidthX 0.0174667
BeamWidthY 0.0171694
dxdy 0.031282
Cov(0,j) 8.14349e-08 -9.84605e-10 0 0 0 0 0 0 0 
Cov(1,j) -9.84605e-10 8.01306e-08 0 0 0 0 0 0 0 
Cov(2,j) 0 0 0.215822 0 0 0 0 0 0 
Cov(3,j) 0 0 0 0.107895 0 0 0 0 0 
Cov(4,j) 0 0 0 0 1.54936e-09 -2.32838e-11 0 0 0 
Cov(5,j) 0 0 0 0 -2.32838e-11 1.51596e-09 0 0 0 
Cov(6,j) 0 0 0 0 0 0 7.69192e-07 0 0 
Cov(7,j) 0 0 0 0 0 0 0 7.4237e-07 0 
Cov(8,j) 0 0 0 0 0 0 0 0 0.00504113 
EmittanceX 0
EmittanceY 0
BetaStar 0
