Runnumber 352509
BeginTimeOfFit 2022.05.28 11:38:23 GMT 1653737903
EndTimeOfFit 2022.05.28 11:38:46 GMT 1653737926
LumiRange 159 - 159
Type 2
X0 0.170277
Y0 -0.181684
Z0 -0.103564
sigmaZ0 7.17178
dxdz 0.000220754
dydz 0.000121526
BeamWidthX 0.0165548
BeamWidthY 0.0171911
dxdy -0.0551724
Cov(0,j) 8.84882e-08 7.75633e-11 0 0 0 0 0 0 0 
Cov(1,j) 7.75633e-11 8.70761e-08 0 0 0 0 0 0 0 
Cov(2,j) 0 0 0.281034 0 0 0 0 0 0 
Cov(3,j) 0 0 0 0.14049 0 0 0 0 0 
Cov(4,j) 0 0 0 0 1.54426e-09 -2.77735e-12 0 0 0 
Cov(5,j) 0 0 0 0 -2.77735e-12 1.53569e-09 0 0 0 
Cov(6,j) 0 0 0 0 0 0 7.83048e-07 0 0 
Cov(7,j) 0 0 0 0 0 0 0 8.45921e-07 0 
Cov(8,j) 0 0 0 0 0 0 0 0 0.00567549 
EmittanceX 0
EmittanceY 0
BetaStar 0
