Runnumber 352567
BeginTimeOfFit 2022.05.29 06:53:49 GMT 1653807229
EndTimeOfFit 2022.05.29 06:54:12 GMT 1653807252
LumiRange 37 - 37
Type 2
X0 0.176674
Y0 -0.181713
Z0 -0.104566
sigmaZ0 6.57432
dxdz 0.000145514
dydz 0.000165769
BeamWidthX 0.0132424
BeamWidthY 0.0137526
dxdy -0.0321403
Cov(0,j) 3.55409e-08 5.15056e-10 0 0 0 0 0 0 0 
Cov(1,j) 5.15056e-10 3.52996e-08 0 0 0 0 0 0 0 
Cov(2,j) 0 0 0.133394 0 0 0 0 0 0 
Cov(3,j) 0 0 0 0.0666893 0 0 0 0 0 
Cov(4,j) 0 0 0 0 8.2769e-10 1.08592e-11 0 0 0 
Cov(5,j) 0 0 0 0 1.08592e-11 8.23083e-10 0 0 0 
Cov(6,j) 0 0 0 0 0 0 2.9225e-07 0 0 
Cov(7,j) 0 0 0 0 0 0 0 3.13227e-07 0 
Cov(8,j) 0 0 0 0 0 0 0 0 0.00330838 
EmittanceX 0
EmittanceY 0
BetaStar 0
