Runnumber 352572
BeginTimeOfFit 2022.05.29 12:09:52 GMT 1653826192
EndTimeOfFit 2022.05.29 12:10:15 GMT 1653826215
LumiRange 49 - 49
Type 2
X0 0.176825
Y0 -0.181343
Z0 0.502157
sigmaZ0 6.02466
dxdz 0.000113629
dydz 0.00025977
BeamWidthX 0.0153262
BeamWidthY 0.016348
dxdy -0.191965
Cov(0,j) 9.40836e-08 2.97269e-09 0 0 0 0 0 0 0 
Cov(1,j) 2.97269e-09 9.33916e-08 0 0 0 0 0 0 0 
Cov(2,j) 0 0 0.264913 0 0 0 0 0 0 
Cov(3,j) 0 0 0 0.132427 0 0 0 0 0 
Cov(4,j) 0 0 0 0 2.04542e-09 6.90547e-11 0 0 0 
Cov(5,j) 0 0 0 0 6.90547e-11 1.94611e-09 0 0 0 
Cov(6,j) 0 0 0 0 0 0 9.15002e-07 0 0 
Cov(7,j) 0 0 0 0 0 0 0 1.03307e-06 0 
Cov(8,j) 0 0 0 0 0 0 0 0 0.00716645 
EmittanceX 0
EmittanceY 0
BetaStar 0
