Runnumber 353060
BeginTimeOfFit 2022.06.05 09:08:08 GMT 1654420088
EndTimeOfFit 2022.06.05 09:08:31 GMT 1654420111
LumiRange 691 - 691
Type 2
X0 0.166362
Y0 -0.179951
Z0 0.98843
sigmaZ0 6.7013
dxdz 0.000183327
dydz 0.000138088
BeamWidthX 0.0165494
BeamWidthY 0.017861
dxdy -0.00864233
Cov(0,j) 9.98758e-08 1.82558e-10 0 0 0 0 0 0 0 
Cov(1,j) 1.82558e-10 9.84537e-08 0 0 0 0 0 0 0 
Cov(2,j) 0 0 0.284195 0 0 0 0 0 0 
Cov(3,j) 0 0 0 0.142069 0 0 0 0 0 
Cov(4,j) 0 0 0 0 1.75813e-09 2.53877e-11 0 0 0 
Cov(5,j) 0 0 0 0 2.53877e-11 1.67472e-09 0 0 0 
Cov(6,j) 0 0 0 0 0 0 9.19129e-07 0 0 
Cov(7,j) 0 0 0 0 0 0 0 1.06015e-06 0 
Cov(8,j) 0 0 0 0 0 0 0 0 0.006626 
EmittanceX 0
EmittanceY 0
BetaStar 0
