Runnumber 352493
BeginTimeOfFit 2022.05.28 07:23:28 GMT 1653722608
EndTimeOfFit 2022.05.28 07:23:51 GMT 1653722631
LumiRange 170 - 170
Type 2
X0 0.170044
Y0 -0.182274
Z0 0.597276
sigmaZ0 6.5518
dxdz 0.000183088
dydz 0.000235375
BeamWidthX 0.0135491
BeamWidthY 0.0135192
dxdy 0.0110648
Cov(0,j) 3.45775e-08 -1.57889e-10 0 0 0 0 0 0 0 
Cov(1,j) -1.57889e-10 3.34582e-08 0 0 0 0 0 0 0 
Cov(2,j) 0 0 0.130468 0 0 0 0 0 0 
Cov(3,j) 0 0 0 0.0652282 0 0 0 0 0 
Cov(4,j) 0 0 0 0 7.65856e-10 -1.04719e-11 0 0 0 
Cov(5,j) 0 0 0 0 -1.04719e-11 7.18678e-10 0 0 0 
Cov(6,j) 0 0 0 0 0 0 3.04947e-07 0 0 
Cov(7,j) 0 0 0 0 0 0 0 3.00369e-07 0 
Cov(8,j) 0 0 0 0 0 0 0 0 0.00329884 
EmittanceX 0
EmittanceY 0
BetaStar 0
