Runnumber 352505
BeginTimeOfFit 2022.05.28 09:22:53 GMT 1653729773
EndTimeOfFit 2022.05.28 09:23:17 GMT 1653729797
LumiRange 7 - 7
Type 2
X0 0.171008
Y0 -0.182012
Z0 0.192323
sigmaZ0 7.60831
dxdz 0.000108979
dydz 0.000199638
BeamWidthX 0.0148904
BeamWidthY 0.0173287
dxdy -0.028149
Cov(0,j) 5.98188e-08 4.50827e-10 0 0 0 0 0 0 0 
Cov(1,j) 4.50827e-10 5.9593e-08 0 0 0 0 0 0 0 
Cov(2,j) 0 0 0.244224 0 0 0 0 0 0 
Cov(3,j) 0 0 0 0.122094 0 0 0 0 0 
Cov(4,j) 0 0 0 0 1.0951e-09 2.20714e-12 0 0 0 
Cov(5,j) 0 0 0 0 2.20714e-12 1.09159e-09 0 0 0 
Cov(6,j) 0 0 0 0 0 0 5.01992e-07 0 0 
Cov(7,j) 0 0 0 0 0 0 0 6.67741e-07 0 
Cov(8,j) 0 0 0 0 0 0 0 0 0.00444671 
EmittanceX 0
EmittanceY 0
BetaStar 0
