Runnumber 352931
BeginTimeOfFit 2022.06.03 12:35:37 GMT 1654259737
EndTimeOfFit 2022.06.03 12:36:00 GMT 1654259760
LumiRange 174 - 174
Type 2
X0 0.168866
Y0 -0.1802
Z0 -0.626014
sigmaZ0 8.09741
dxdz 0.000224186
dydz 0.000251072
BeamWidthX 0.0167377
BeamWidthY 0.0163448
dxdy -0.0887658
Cov(0,j) 1.2617e-07 1.13741e-09 0 0 0 0 0 0 0 
Cov(1,j) 1.13741e-09 1.2557e-07 0 0 0 0 0 0 0 
Cov(2,j) 0 0 0.516186 0 0 0 0 0 0 
Cov(3,j) 0 0 0 0.258003 0 0 0 0 0 
Cov(4,j) 0 0 0 0 1.96835e-09 -1.35579e-11 0 0 0 
Cov(5,j) 0 0 0 0 -1.35579e-11 2.00085e-09 0 0 0 
Cov(6,j) 0 0 0 0 0 0 1.16672e-06 0 0 
Cov(7,j) 0 0 0 0 0 0 0 1.12019e-06 0 
Cov(8,j) 0 0 0 0 0 0 0 0 0.00821104 
EmittanceX 0
EmittanceY 0
BetaStar 0
