Runnumber 353060
BeginTimeOfFit 2022.06.05 09:59:01 GMT 1654423141
EndTimeOfFit 2022.06.05 09:59:25 GMT 1654423165
LumiRange 822 - 822
Type 2
X0 0.164909
Y0 -0.179994
Z0 -0.656644
sigmaZ0 6.82992
dxdz 0.000115393
dydz 0.000256292
BeamWidthX 0.0175069
BeamWidthY 0.0189945
dxdy -0.0882475
Cov(0,j) 1.25117e-07 -3.01085e-09 0 0 0 0 0 0 0 
Cov(1,j) -3.01085e-09 1.22465e-07 0 0 0 0 0 0 0 
Cov(2,j) 0 0 0.340453 0 0 0 0 0 0 
Cov(3,j) 0 0 0 0.170176 0 0 0 0 0 
Cov(4,j) 0 0 0 0 2.15789e-09 -6.1537e-11 0 0 0 
Cov(5,j) 0 0 0 0 -6.1537e-11 2.07068e-09 0 0 0 
Cov(6,j) 0 0 0 0 0 0 1.17294e-06 0 0 
Cov(7,j) 0 0 0 0 0 0 0 1.3742e-06 0 
Cov(8,j) 0 0 0 0 0 0 0 0 0.00749125 
EmittanceX 0
EmittanceY 0
BetaStar 0
