Runnumber 353087
BeginTimeOfFit 2022.06.05 15:32:24 GMT 1654443144
EndTimeOfFit 2022.06.05 15:32:48 GMT 1654443168
LumiRange 112 - 112
Type 2
X0 0.171836
Y0 -0.180221
Z0 -0.607505
sigmaZ0 7.14042
dxdz 0.000180997
dydz 0.000210611
BeamWidthX 0.0140956
BeamWidthY 0.0139217
dxdy -0.0585829
Cov(0,j) 3.41458e-08 -1.75595e-10 0 0 0 0 0 0 0 
Cov(1,j) -1.75595e-10 3.3644e-08 0 0 0 0 0 0 0 
Cov(2,j) 0 0 0.146503 0 0 0 0 0 0 
Cov(3,j) 0 0 0 0.0732443 0 0 0 0 0 
Cov(4,j) 0 0 0 0 6.88825e-10 1.99906e-12 0 0 0 
Cov(5,j) 0 0 0 0 1.99906e-12 6.60618e-10 0 0 0 
Cov(6,j) 0 0 0 0 0 0 3.04956e-07 0 0 
Cov(7,j) 0 0 0 0 0 0 0 2.98451e-07 0 
Cov(8,j) 0 0 0 0 0 0 0 0 0.00304797 
EmittanceX 0
EmittanceY 0
BetaStar 0
