Runnumber 352568
BeginTimeOfFit 2022.05.29 07:52:07 GMT 1653810727
EndTimeOfFit 2022.05.29 07:52:30 GMT 1653810750
LumiRange 59 - 59
Type 2
X0 0.176858
Y0 -0.181136
Z0 0.418556
sigmaZ0 6.70731
dxdz 0.000121743
dydz 0.00026521
BeamWidthX 0.0138663
BeamWidthY 0.0143595
dxdy -0.0546144
Cov(0,j) 4.84924e-08 8.15525e-10 0 0 0 0 0 0 0 
Cov(1,j) 8.15525e-10 4.93432e-08 0 0 0 0 0 0 0 
Cov(2,j) 0 0 0.199932 0 0 0 0 0 0 
Cov(3,j) 0 0 0 0.0999525 0 0 0 0 0 
Cov(4,j) 0 0 0 0 9.86228e-10 2.60016e-11 0 0 0 
Cov(5,j) 0 0 0 0 2.60016e-11 9.95576e-10 0 0 0 
Cov(6,j) 0 0 0 0 0 0 4.60021e-07 0 0 
Cov(7,j) 0 0 0 0 0 0 0 4.91835e-07 0 
Cov(8,j) 0 0 0 0 0 0 0 0 0.0047485 
EmittanceX 0
EmittanceY 0
BetaStar 0
