Runnumber 352909
BeginTimeOfFit 2022.06.03 08:33:07 GMT 1654245187
EndTimeOfFit 2022.06.03 08:33:30 GMT 1654245210
LumiRange 10 - 10
Type 2
X0 0.16945
Y0 -0.180019
Z0 0.111015
sigmaZ0 7.20926
dxdz 0.000154646
dydz 0.000217567
BeamWidthX 0.0139225
BeamWidthY 0.0139223
dxdy 0.0637827
Cov(0,j) 3.67934e-08 -2.03828e-10 0 0 0 0 0 0 0 
Cov(1,j) -2.03828e-10 3.72008e-08 0 0 0 0 0 0 0 
Cov(2,j) 0 0 0.178591 0 0 0 0 0 0 
Cov(3,j) 0 0 0 0.0892856 0 0 0 0 0 
Cov(4,j) 0 0 0 0 7.30957e-10 -5.75985e-12 0 0 0 
Cov(5,j) 0 0 0 0 -5.75985e-12 7.26402e-10 0 0 0 
Cov(6,j) 0 0 0 0 0 0 3.59048e-07 0 0 
Cov(7,j) 0 0 0 0 0 0 0 3.60126e-07 0 
Cov(8,j) 0 0 0 0 0 0 0 0 0.00368346 
EmittanceX 0
EmittanceY 0
BetaStar 0
