Runnumber 353015
BeginTimeOfFit 2022.06.04 04:29:33 GMT 1654316973
EndTimeOfFit 2022.06.04 04:29:56 GMT 1654316996
LumiRange 116 - 116
Type 2
X0 0.177055
Y0 -0.178399
Z0 -0.221797
sigmaZ0 6.85997
dxdz 0.000126875
dydz 0.000129455
BeamWidthX 0.0139796
BeamWidthY 0.0159327
dxdy 0.00927483
Cov(0,j) 2.85372e-08 -3.66636e-10 0 0 0 0 0 0 0 
Cov(1,j) -3.66636e-10 2.8272e-08 0 0 0 0 0 0 0 
Cov(2,j) 0 0 0.102522 0 0 0 0 0 0 
Cov(3,j) 0 0 0 0.0512572 0 0 0 0 0 
Cov(4,j) 0 0 0 0 6.54567e-10 -1.42165e-12 0 0 0 
Cov(5,j) 0 0 0 0 -1.42165e-12 6.38023e-10 0 0 0 
Cov(6,j) 0 0 0 0 0 0 2.29325e-07 0 0 
Cov(7,j) 0 0 0 0 0 0 0 2.93597e-07 0 
Cov(8,j) 0 0 0 0 0 0 0 0 0.00232979 
EmittanceX 0
EmittanceY 0
BetaStar 0
