Runnumber 352509
BeginTimeOfFit 2022.05.28 12:21:54 GMT 1653740514
EndTimeOfFit 2022.05.28 12:22:17 GMT 1653740537
LumiRange 271 - 271
Type 2
X0 0.169812
Y0 -0.181222
Z0 -0.30489
sigmaZ0 7.15157
dxdz 0.000157226
dydz 0.000154874
BeamWidthX 0.0156362
BeamWidthY 0.0180414
dxdy 0.044274
Cov(0,j) 9.28911e-08 8.96861e-10 0 0 0 0 0 0 0 
Cov(1,j) 8.96861e-10 8.85344e-08 0 0 0 0 0 0 0 
Cov(2,j) 0 0 0.290565 0 0 0 0 0 0 
Cov(3,j) 0 0 0 0.145256 0 0 0 0 0 
Cov(4,j) 0 0 0 0 1.58458e-09 -1.17382e-11 0 0 0 
Cov(5,j) 0 0 0 0 -1.17382e-11 1.44004e-09 0 0 0 
Cov(6,j) 0 0 0 0 0 0 7.34931e-07 0 0 
Cov(7,j) 0 0 0 0 0 0 0 9.77589e-07 0 
Cov(8,j) 0 0 0 0 0 0 0 0 0.00597632 
EmittanceX 0
EmittanceY 0
BetaStar 0
