Runnumber 352568
BeginTimeOfFit 2022.05.29 11:48:20 GMT 1653824900
EndTimeOfFit 2022.05.29 11:48:43 GMT 1653824923
LumiRange 667 - 667
Type 2
X0 0.176895
Y0 -0.181846
Z0 0.198398
sigmaZ0 6.69409
dxdz 0.000175782
dydz 0.00021128
BeamWidthX 0.0138246
BeamWidthY 0.0177485
dxdy 0.0365436
Cov(0,j) 9.10869e-08 1.01962e-09 0 0 0 0 0 0 0 
Cov(1,j) 1.01962e-09 9.01141e-08 0 0 0 0 0 0 0 
Cov(2,j) 0 0 0.273209 0 0 0 0 0 0 
Cov(3,j) 0 0 0 0.136577 0 0 0 0 0 
Cov(4,j) 0 0 0 0 1.92268e-09 -1.87508e-11 0 0 0 
Cov(5,j) 0 0 0 0 -1.87508e-11 1.90362e-09 0 0 0 
Cov(6,j) 0 0 0 0 0 0 6.27613e-07 0 0 
Cov(7,j) 0 0 0 0 0 0 0 1.00779e-06 0 
Cov(8,j) 0 0 0 0 0 0 0 0 0.00645394 
EmittanceX 0
EmittanceY 0
BetaStar 0
