Runnumber 353015
BeginTimeOfFit 2022.06.04 04:59:05 GMT 1654318745
EndTimeOfFit 2022.06.04 04:59:28 GMT 1654318768
LumiRange 192 - 192
Type 2
X0 0.17597
Y0 -0.179686
Z0 -0.213454
sigmaZ0 7.13926
dxdz 8.46017e-05
dydz 0.000218987
BeamWidthX 0.0138968
BeamWidthY 0.0155101
dxdy 0.00852435
Cov(0,j) 3.03789e-08 -1.61812e-10 0 0 0 0 0 0 0 
Cov(1,j) -1.61812e-10 2.94085e-08 0 0 0 0 0 0 0 
Cov(2,j) 0 0 0.125225 0 0 0 0 0 0 
Cov(3,j) 0 0 0 0.0626067 0 0 0 0 0 
Cov(4,j) 0 0 0 0 6.44864e-10 -2.63528e-12 0 0 0 
Cov(5,j) 0 0 0 0 -2.63528e-12 6.33284e-10 0 0 0 
Cov(6,j) 0 0 0 0 0 0 2.58011e-07 0 0 
Cov(7,j) 0 0 0 0 0 0 0 3.13987e-07 0 
Cov(8,j) 0 0 0 0 0 0 0 0 0.00262731 
EmittanceX 0
EmittanceY 0
BetaStar 0
