Runnumber 353087
BeginTimeOfFit 2022.06.05 16:10:29 GMT 1654445429
EndTimeOfFit 2022.06.05 16:10:52 GMT 1654445452
LumiRange 210 - 210
Type 2
X0 0.172522
Y0 -0.180565
Z0 0.14355
sigmaZ0 7.13082
dxdz 0.000129598
dydz 0.000186846
BeamWidthX 0.0145099
BeamWidthY 0.0151693
dxdy -0.0585738
Cov(0,j) 4.53667e-08 -4.47843e-10 0 0 0 0 0 0 0 
Cov(1,j) -4.47843e-10 4.39167e-08 0 0 0 0 0 0 0 
Cov(2,j) 0 0 0.180303 0 0 0 0 0 0 
Cov(3,j) 0 0 0 0.0901409 0 0 0 0 0 
Cov(4,j) 0 0 0 0 8.51451e-10 -1.40564e-11 0 0 0 
Cov(5,j) 0 0 0 0 -1.40564e-11 7.93544e-10 0 0 0 
Cov(6,j) 0 0 0 0 0 0 3.99125e-07 0 0 
Cov(7,j) 0 0 0 0 0 0 0 4.32167e-07 0 
Cov(8,j) 0 0 0 0 0 0 0 0 0.00374346 
EmittanceX 0
EmittanceY 0
BetaStar 0
