Runnumber 352509
BeginTimeOfFit 2022.05.28 11:11:34 GMT 1653736294
EndTimeOfFit 2022.05.28 11:11:58 GMT 1653736318
LumiRange 90 - 90
Type 2
X0 0.169762
Y0 -0.180571
Z0 -0.0950655
sigmaZ0 7.31896
dxdz 5.61259e-05
dydz 0.000153867
BeamWidthX 0.0166508
BeamWidthY 0.0163485
dxdy -0.0514541
Cov(0,j) 7.92223e-08 1.00185e-09 0 0 0 0 0 0 0 
Cov(1,j) 1.00185e-09 7.83843e-08 0 0 0 0 0 0 0 
Cov(2,j) 0 0 0.299226 0 0 0 0 0 0 
Cov(3,j) 0 0 0 0.149584 0 0 0 0 0 
Cov(4,j) 0 0 0 0 1.38466e-09 7.32024e-12 0 0 0 
Cov(5,j) 0 0 0 0 7.32024e-12 1.40054e-09 0 0 0 
Cov(6,j) 0 0 0 0 0 0 8.18336e-07 0 0 
Cov(7,j) 0 0 0 0 0 0 0 7.90763e-07 0 
Cov(8,j) 0 0 0 0 0 0 0 0 0.00587201 
EmittanceX 0
EmittanceY 0
BetaStar 0
