Runnumber 353015
BeginTimeOfFit 2022.06.04 03:58:28 GMT 1654315108
EndTimeOfFit 2022.06.04 03:58:52 GMT 1654315132
LumiRange 36 - 36
Type 2
X0 0.177805
Y0 -0.179694
Z0 -0.252665
sigmaZ0 5.89006
dxdz 0.000144797
dydz 0.000194676
BeamWidthX 0.0129334
BeamWidthY 0.0144581
dxdy -0.00775646
Cov(0,j) 2.21905e-08 -1.18587e-10 0 0 0 0 0 0 0 
Cov(1,j) -1.18587e-10 2.19127e-08 0 0 0 0 0 0 0 
Cov(2,j) 0 0 0.0752536 0 0 0 0 0 0 
Cov(3,j) 0 0 0 0.0376243 0 0 0 0 0 
Cov(4,j) 0 0 0 0 5.98743e-10 -4.16342e-12 0 0 0 
Cov(5,j) 0 0 0 0 -4.16342e-12 5.93852e-10 0 0 0 
Cov(6,j) 0 0 0 0 0 0 1.96367e-07 0 0 
Cov(7,j) 0 0 0 0 0 0 0 2.43447e-07 0 
Cov(8,j) 0 0 0 0 0 0 0 0 0.00232597 
EmittanceX 0
EmittanceY 0
BetaStar 0
