Runnumber 353060
BeginTimeOfFit 2022.06.05 12:28:13 GMT 1654432093
EndTimeOfFit 2022.06.05 12:28:36 GMT 1654432116
LumiRange 1206 - 1206
Type 2
X0 0.165991
Y0 -0.180751
Z0 -0.639879
sigmaZ0 6.68042
dxdz 0.000248857
dydz 0.000211149
BeamWidthX 0.0164393
BeamWidthY 0.0178945
dxdy 0.18068
Cov(0,j) 1.85374e-07 -1.03072e-09 0 0 0 0 0 0 0 
Cov(1,j) -1.03072e-09 1.83239e-07 0 0 0 0 0 0 0 
Cov(2,j) 0 0 0.485001 0 0 0 0 0 0 
Cov(3,j) 0 0 0 0.242398 0 0 0 0 0 
Cov(4,j) 0 0 0 0 3.34594e-09 -1.01353e-11 0 0 0 
Cov(5,j) 0 0 0 0 -1.01353e-11 3.39178e-09 0 0 0 
Cov(6,j) 0 0 0 0 0 0 1.55362e-06 0 0 
Cov(7,j) 0 0 0 0 0 0 0 1.83016e-06 0 
Cov(8,j) 0 0 0 0 0 0 0 0 0.0107033 
EmittanceX 0
EmittanceY 0
BetaStar 0
