Runnumber 353060
BeginTimeOfFit 2022.06.05 10:39:02 GMT 1654425542
EndTimeOfFit 2022.06.05 10:39:26 GMT 1654425566
LumiRange 925 - 925
Type 2
X0 0.168026
Y0 -0.17996
Z0 -0.0241751
sigmaZ0 7.02012
dxdz -3.88283e-05
dydz 0.000148552
BeamWidthX 0.0157165
BeamWidthY 0.0162273
dxdy 0.0070847
Cov(0,j) 1.0532e-07 1.26422e-09 0 0 0 0 0 0 0 
Cov(1,j) 1.26422e-09 1.06292e-07 0 0 0 0 0 0 0 
Cov(2,j) 0 0 0.359676 0 0 0 0 0 0 
Cov(3,j) 0 0 0 0.179796 0 0 0 0 0 
Cov(4,j) 0 0 0 0 1.83868e-09 4.85202e-12 0 0 0 
Cov(5,j) 0 0 0 0 4.85202e-12 1.86116e-09 0 0 0 
Cov(6,j) 0 0 0 0 0 0 9.60096e-07 0 0 
Cov(7,j) 0 0 0 0 0 0 0 1.0133e-06 0 
Cov(8,j) 0 0 0 0 0 0 0 0 0.00770044 
EmittanceX 0
EmittanceY 0
BetaStar 0
