Runnumber 352568
BeginTimeOfFit 2022.05.29 09:41:40 GMT 1653817300
EndTimeOfFit 2022.05.29 09:42:04 GMT 1653817324
LumiRange 341 - 341
Type 2
X0 0.176864
Y0 -0.18187
Z0 -0.0389135
sigmaZ0 6.41518
dxdz 2.3503e-05
dydz 0.000156626
BeamWidthX 0.0140318
BeamWidthY 0.017176
dxdy 0.0648851
Cov(0,j) 7.51998e-08 2.04018e-09 0 0 0 0 0 0 0 
Cov(1,j) 2.04018e-09 7.70238e-08 0 0 0 0 0 0 0 
Cov(2,j) 0 0 0.249399 0 0 0 0 0 0 
Cov(3,j) 0 0 0 0.124677 0 0 0 0 0 
Cov(4,j) 0 0 0 0 1.84604e-09 1.96931e-11 0 0 0 
Cov(5,j) 0 0 0 0 1.96931e-11 1.87345e-09 0 0 0 
Cov(6,j) 0 0 0 0 0 0 6.4417e-07 0 0 
Cov(7,j) 0 0 0 0 0 0 0 9.35497e-07 0 
Cov(8,j) 0 0 0 0 0 0 0 0 0.00638496 
EmittanceX 0
EmittanceY 0
BetaStar 0
