Runnumber 353087
BeginTimeOfFit 2022.06.05 15:53:46 GMT 1654444426
EndTimeOfFit 2022.06.05 15:54:10 GMT 1654444450
LumiRange 167 - 167
Type 2
X0 0.17111
Y0 -0.18014
Z0 0.526041
sigmaZ0 6.97114
dxdz 0.000127023
dydz 0.000242663
BeamWidthX 0.0136788
BeamWidthY 0.0142694
dxdy -0.0617919
Cov(0,j) 3.8626e-08 9.66591e-11 0 0 0 0 0 0 0 
Cov(1,j) 9.66591e-11 3.83025e-08 0 0 0 0 0 0 0 
Cov(2,j) 0 0 0.176704 0 0 0 0 0 0 
Cov(3,j) 0 0 0 0.0883418 0 0 0 0 0 
Cov(4,j) 0 0 0 0 7.77141e-10 -4.99539e-13 0 0 0 
Cov(5,j) 0 0 0 0 -4.99539e-13 7.53299e-10 0 0 0 
Cov(6,j) 0 0 0 0 0 0 3.67984e-07 0 0 
Cov(7,j) 0 0 0 0 0 0 0 3.9728e-07 0 
Cov(8,j) 0 0 0 0 0 0 0 0 0.00389036 
EmittanceX 0
EmittanceY 0
BetaStar 0
