Runnumber 353087
BeginTimeOfFit 2022.06.05 16:28:44 GMT 1654446524
EndTimeOfFit 2022.06.05 16:29:08 GMT 1654446548
LumiRange 257 - 257
Type 2
X0 0.170862
Y0 -0.180706
Z0 0.00934185
sigmaZ0 7.1841
dxdz 0.000225828
dydz 7.95023e-05
BeamWidthX 0.0130176
BeamWidthY 0.0132283
dxdy -0.0159282
Cov(0,j) 3.78205e-08 -5.53173e-10 0 0 0 0 0 0 0 
Cov(1,j) -5.53173e-10 3.74306e-08 0 0 0 0 0 0 0 
Cov(2,j) 0 0 0.194746 0 0 0 0 0 0 
Cov(3,j) 0 0 0 0.0973609 0 0 0 0 0 
Cov(4,j) 0 0 0 0 7.08438e-10 -1.39958e-11 0 0 0 
Cov(5,j) 0 0 0 0 -1.39958e-11 6.95055e-10 0 0 0 
Cov(6,j) 0 0 0 0 0 0 3.47582e-07 0 0 
Cov(7,j) 0 0 0 0 0 0 0 3.56462e-07 0 
Cov(8,j) 0 0 0 0 0 0 0 0 0.00407306 
EmittanceX 0
EmittanceY 0
BetaStar 0
