Runnumber 353015
BeginTimeOfFit 2022.06.04 03:49:55 GMT 1654314595
EndTimeOfFit 2022.06.04 03:50:19 GMT 1654314619
LumiRange 14 - 14
Type 2
X0 0.177903
Y0 -0.179899
Z0 0.301225
sigmaZ0 5.95683
dxdz 0.000124443
dydz 0.000192535
BeamWidthX 0.0132649
BeamWidthY 0.0143414
dxdy 0.0358202
Cov(0,j) 2.1126e-08 -2.82821e-10 0 0 0 0 0 0 0 
Cov(1,j) -2.82821e-10 2.07479e-08 0 0 0 0 0 0 0 
Cov(2,j) 0 0 0.06475 0 0 0 0 0 0 
Cov(3,j) 0 0 0 0.0323733 0 0 0 0 0 
Cov(4,j) 0 0 0 0 5.67128e-10 -1.37252e-11 0 0 0 
Cov(5,j) 0 0 0 0 -1.37252e-11 5.65629e-10 0 0 0 
Cov(6,j) 0 0 0 0 0 0 1.73776e-07 0 0 
Cov(7,j) 0 0 0 0 0 0 0 2.00242e-07 0 
Cov(8,j) 0 0 0 0 0 0 0 0 0.00194958 
EmittanceX 0
EmittanceY 0
BetaStar 0
