Runnumber 353087
BeginTimeOfFit 2022.06.05 16:18:38 GMT 1654445918
EndTimeOfFit 2022.06.05 16:19:02 GMT 1654445942
LumiRange 231 - 231
Type 2
X0 0.172674
Y0 -0.18141
Z0 0.0280847
sigmaZ0 7.11608
dxdz 9.21017e-05
dydz 0.000161274
BeamWidthX 0.014114
BeamWidthY 0.0148589
dxdy 0.139451
Cov(0,j) 4.33495e-08 3.48132e-10 0 0 0 0 0 0 0 
Cov(1,j) 3.48132e-10 4.27756e-08 0 0 0 0 0 0 0 
Cov(2,j) 0 0 0.188937 0 0 0 0 0 0 
Cov(3,j) 0 0 0 0.0944564 0 0 0 0 0 
Cov(4,j) 0 0 0 0 8.11518e-10 -1.79609e-12 0 0 0 
Cov(5,j) 0 0 0 0 -1.79609e-12 7.87885e-10 0 0 0 
Cov(6,j) 0 0 0 0 0 0 3.99627e-07 0 0 
Cov(7,j) 0 0 0 0 0 0 0 4.4043e-07 0 
Cov(8,j) 0 0 0 0 0 0 0 0 0.00384261 
EmittanceX 0
EmittanceY 0
BetaStar 0
