Runnumber 353015
BeginTimeOfFit 2022.06.04 05:39:29 GMT 1654321169
EndTimeOfFit 2022.06.04 05:39:52 GMT 1654321192
LumiRange 296 - 296
Type 2
X0 0.174654
Y0 -0.178701
Z0 0.573353
sigmaZ0 6.6774
dxdz 0.000108729
dydz 0.000174555
BeamWidthX 0.0155437
BeamWidthY 0.0150465
dxdy -0.0457565
Cov(0,j) 3.81381e-08 -3.98976e-10 0 0 0 0 0 0 0 
Cov(1,j) -3.98976e-10 3.68576e-08 0 0 0 0 0 0 0 
Cov(2,j) 0 0 0.125241 0 0 0 0 0 0 
Cov(3,j) 0 0 0 0.0626149 0 0 0 0 0 
Cov(4,j) 0 0 0 0 7.54339e-10 -1.54329e-11 0 0 0 
Cov(5,j) 0 0 0 0 -1.54329e-11 7.21938e-10 0 0 0 
Cov(6,j) 0 0 0 0 0 0 3.60425e-07 0 0 
Cov(7,j) 0 0 0 0 0 0 0 3.37406e-07 0 
Cov(8,j) 0 0 0 0 0 0 0 0 0.00297641 
EmittanceX 0
EmittanceY 0
BetaStar 0
