Runnumber 352509
BeginTimeOfFit 2022.05.28 10:56:25 GMT 1653735385
EndTimeOfFit 2022.05.28 10:56:48 GMT 1653735408
LumiRange 51 - 51
Type 2
X0 0.169803
Y0 -0.18195
Z0 -0.307794
sigmaZ0 7.07524
dxdz 0.000163737
dydz 0.00021874
BeamWidthX 0.0160913
BeamWidthY 0.0157388
dxdy 0.0852523
Cov(0,j) 7.21303e-08 6.18563e-11 0 0 0 0 0 0 0 
Cov(1,j) 6.18563e-11 6.93379e-08 0 0 0 0 0 0 0 
Cov(2,j) 0 0 0.250272 0 0 0 0 0 0 
Cov(3,j) 0 0 0 0.125115 0 0 0 0 0 
Cov(4,j) 0 0 0 0 1.24417e-09 -1.85212e-11 0 0 0 
Cov(5,j) 0 0 0 0 -1.85212e-11 1.23158e-09 0 0 0 
Cov(6,j) 0 0 0 0 0 0 6.82193e-07 0 0 
Cov(7,j) 0 0 0 0 0 0 0 6.57243e-07 0 
Cov(8,j) 0 0 0 0 0 0 0 0 0.00521634 
EmittanceX 0
EmittanceY 0
BetaStar 0
