Runnumber 353060
BeginTimeOfFit 2022.06.05 09:18:37 GMT 1654420717
EndTimeOfFit 2022.06.05 09:19:00 GMT 1654420740
LumiRange 718 - 718
Type 2
X0 0.166554
Y0 -0.180601
Z0 -0.675827
sigmaZ0 7.60809
dxdz 0.000146288
dydz 0.00018011
BeamWidthX 0.0144302
BeamWidthY 0.0163055
dxdy 0.00556031
Cov(0,j) 8.29413e-08 -9.95571e-10 0 0 0 0 0 0 0 
Cov(1,j) -9.95571e-10 8.08426e-08 0 0 0 0 0 0 0 
Cov(2,j) 0 0 0.373388 0 0 0 0 0 0 
Cov(3,j) 0 0 0 0.186652 0 0 0 0 0 
Cov(4,j) 0 0 0 0 1.43249e-09 -6.23202e-12 0 0 0 
Cov(5,j) 0 0 0 0 -6.23202e-12 1.34556e-09 0 0 0 
Cov(6,j) 0 0 0 0 0 0 7.18136e-07 0 0 
Cov(7,j) 0 0 0 0 0 0 0 9.05005e-07 0 
Cov(8,j) 0 0 0 0 0 0 0 0 0.00683948 
EmittanceX 0
EmittanceY 0
BetaStar 0
