Runnumber 353015
BeginTimeOfFit 2022.06.04 03:51:52 GMT 1654314712
EndTimeOfFit 2022.06.04 03:52:15 GMT 1654314735
LumiRange 19 - 19
Type 2
X0 0.177986
Y0 -0.179942
Z0 0.14003
sigmaZ0 5.9106
dxdz 0.000150295
dydz 0.000279238
BeamWidthX 0.0132493
BeamWidthY 0.0143271
dxdy -0.006942
Cov(0,j) 2.20278e-08 -1.21503e-10 0 0 0 0 0 0 0 
Cov(1,j) -1.21503e-10 2.14418e-08 0 0 0 0 0 0 0 
Cov(2,j) 0 0 0.0730844 0 0 0 0 0 0 
Cov(3,j) 0 0 0 0.0365401 0 0 0 0 0 
Cov(4,j) 0 0 0 0 5.97708e-10 4.81696e-13 0 0 0 
Cov(5,j) 0 0 0 0 4.81696e-13 5.99066e-10 0 0 0 
Cov(6,j) 0 0 0 0 0 0 1.99287e-07 0 0 
Cov(7,j) 0 0 0 0 0 0 0 2.308e-07 0 
Cov(8,j) 0 0 0 0 0 0 0 0 0.00224882 
EmittanceX 0
EmittanceY 0
BetaStar 0
