Runnumber 352931
BeginTimeOfFit 2022.06.03 12:13:28 GMT 1654258408
EndTimeOfFit 2022.06.03 12:13:51 GMT 1654258431
LumiRange 117 - 117
Type 2
X0 0.170186
Y0 -0.18067
Z0 -0.425864
sigmaZ0 7.55594
dxdz 0.000130693
dydz 0.000256137
BeamWidthX 0.0158474
BeamWidthY 0.0159314
dxdy -0.0016992
Cov(0,j) 8.17496e-08 -3.20767e-12 0 0 0 0 0 0 0 
Cov(1,j) -3.20767e-12 8.24591e-08 0 0 0 0 0 0 0 
Cov(2,j) 0 0 0.348079 0 0 0 0 0 0 
Cov(3,j) 0 0 0 0.174001 0 0 0 0 0 
Cov(4,j) 0 0 0 0 1.42799e-09 -1.30305e-11 0 0 0 
Cov(5,j) 0 0 0 0 -1.30305e-11 1.49667e-09 0 0 0 
Cov(6,j) 0 0 0 0 0 0 8.12147e-07 0 0 
Cov(7,j) 0 0 0 0 0 0 0 8.20163e-07 0 
Cov(8,j) 0 0 0 0 0 0 0 0 0.00643195 
EmittanceX 0
EmittanceY 0
BetaStar 0
