Runnumber 353018
BeginTimeOfFit 2022.06.04 08:43:16 GMT 1654332196
EndTimeOfFit 2022.06.04 08:43:39 GMT 1654332219
LumiRange 359 - 359
Type 2
X0 0.12865
Y0 -0.179595
Z0 0.742212
sigmaZ0 7.16115
dxdz 0.000143873
dydz 0.000193024
BeamWidthX 0.0154691
BeamWidthY 0.0167315
dxdy 0.00698526
Cov(0,j) 4.75522e-08 2.27753e-10 0 0 0 0 0 0 0 
Cov(1,j) 2.27753e-10 4.70373e-08 0 0 0 0 0 0 0 
Cov(2,j) 0 0 0.167578 0 0 0 0 0 0 
Cov(3,j) 0 0 0 0.0837802 0 0 0 0 0 
Cov(4,j) 0 0 0 0 9.02203e-10 9.73833e-13 0 0 0 
Cov(5,j) 0 0 0 0 9.73833e-13 9.35578e-10 0 0 0 
Cov(6,j) 0 0 0 0 0 0 4.15238e-07 0 0 
Cov(7,j) 0 0 0 0 0 0 0 4.81771e-07 0 
Cov(8,j) 0 0 0 0 0 0 0 0 0.0034466 
EmittanceX 0
EmittanceY 0
BetaStar 0
