Runnumber 353060
BeginTimeOfFit 2022.06.05 08:32:00 GMT 1654417920
EndTimeOfFit 2022.06.05 08:32:23 GMT 1654417943
LumiRange 598 - 598
Type 2
X0 0.168083
Y0 -0.179873
Z0 0.566786
sigmaZ0 7.50298
dxdz 0.000146312
dydz 0.000143706
BeamWidthX 0.0158334
BeamWidthY 0.015314
dxdy -0.22639
Cov(0,j) 9.3509e-08 1.33682e-09 0 0 0 0 0 0 0 
Cov(1,j) 1.33682e-09 9.28408e-08 0 0 0 0 0 0 0 
Cov(2,j) 0 0 0.721535 0 0 0 0 0 0 
Cov(3,j) 0 0 0 0.360601 0 0 0 0 0 
Cov(4,j) 0 0 0 0 1.64292e-09 2.36656e-11 0 0 0 
Cov(5,j) 0 0 0 0 2.36656e-11 1.64282e-09 0 0 0 
Cov(6,j) 0 0 0 0 0 0 1.7016e-06 0 0 
Cov(7,j) 0 0 0 0 0 0 0 1.60272e-06 0 
Cov(8,j) 0 0 0 0 0 0 0 0 0.0122264 
EmittanceX 0
EmittanceY 0
BetaStar 0
