Runnumber 352509
BeginTimeOfFit 2022.05.28 11:25:10 GMT 1653737110
EndTimeOfFit 2022.05.28 11:25:33 GMT 1653737133
LumiRange 125 - 125
Type 2
X0 0.170495
Y0 -0.181232
Z0 -0.485948
sigmaZ0 7.30151
dxdz 0.000146741
dydz 0.000283833
BeamWidthX 0.0157427
BeamWidthY 0.0162831
dxdy -0.0371351
Cov(0,j) 7.77571e-08 9.29046e-10 0 0 0 0 0 0 0 
Cov(1,j) 9.29046e-10 7.52221e-08 0 0 0 0 0 0 0 
Cov(2,j) 0 0 0.311731 0 0 0 0 0 0 
Cov(3,j) 0 0 0 0.155834 0 0 0 0 0 
Cov(4,j) 0 0 0 0 1.37512e-09 8.5038e-12 0 0 0 
Cov(5,j) 0 0 0 0 8.5038e-12 1.37779e-09 0 0 0 
Cov(6,j) 0 0 0 0 0 0 7.66312e-07 0 0 
Cov(7,j) 0 0 0 0 0 0 0 8.16524e-07 0 
Cov(8,j) 0 0 0 0 0 0 0 0 0.00616024 
EmittanceX 0
EmittanceY 0
BetaStar 0
