Runnumber 353087
BeginTimeOfFit 2022.06.05 15:46:00 GMT 1654443960
EndTimeOfFit 2022.06.05 15:46:23 GMT 1654443983
LumiRange 147 - 147
Type 2
X0 0.172336
Y0 -0.180483
Z0 -0.372745
sigmaZ0 6.97937
dxdz 0.000175004
dydz 0.000201125
BeamWidthX 0.0137608
BeamWidthY 0.0146166
dxdy 0.00877297
Cov(0,j) 3.69415e-08 -1.48422e-10 0 0 0 0 0 0 0 
Cov(1,j) -1.48422e-10 3.59908e-08 0 0 0 0 0 0 0 
Cov(2,j) 0 0 0.163452 0 0 0 0 0 0 
Cov(3,j) 0 0 0 0.081718 0 0 0 0 0 
Cov(4,j) 0 0 0 0 7.00177e-10 5.50088e-12 0 0 0 
Cov(5,j) 0 0 0 0 5.50088e-12 6.83973e-10 0 0 0 
Cov(6,j) 0 0 0 0 0 0 3.41825e-07 0 0 
Cov(7,j) 0 0 0 0 0 0 0 3.81146e-07 0 
Cov(8,j) 0 0 0 0 0 0 0 0 0.00359396 
EmittanceX 0
EmittanceY 0
BetaStar 0
