Runnumber 352568
BeginTimeOfFit 2022.05.29 10:03:49 GMT 1653818629
EndTimeOfFit 2022.05.29 10:04:12 GMT 1653818652
LumiRange 398 - 398
Type 2
X0 0.175548
Y0 -0.181688
Z0 -1.79911
sigmaZ0 5.9556
dxdz 0.000162669
dydz 0.000215889
BeamWidthX 0.0172832
BeamWidthY 0.0119691
dxdy 0.0796128
Cov(0,j) 3.78801e-07 1.57973e-08 0 0 0 0 0 0 0 
Cov(1,j) 1.57973e-08 3.59426e-07 0 0 0 0 0 0 0 
Cov(2,j) 0 0 1.10796 0 0 0 0 0 0 
Cov(3,j) 0 0 0 0.553398 0 0 0 0 0 
Cov(4,j) 0 0 0 0 8.96878e-09 4.37483e-10 0 0 0 
Cov(5,j) 0 0 0 0 4.37483e-10 8.53132e-09 0 0 0 
Cov(6,j) 0 0 0 0 0 0 4.85621e-06 0 0 
Cov(7,j) 0 0 0 0 0 0 0 2.42596e-06 0 
Cov(8,j) 0 0 0 0 0 0 0 0 0.0322522 
EmittanceX 0
EmittanceY 0
BetaStar 0
