Runnumber 352493
BeginTimeOfFit 2022.05.28 07:41:20 GMT 1653723680
EndTimeOfFit 2022.05.28 07:41:44 GMT 1653723704
LumiRange 216 - 216
Type 2
X0 0.169386
Y0 -0.182306
Z0 0.347098
sigmaZ0 6.89427
dxdz 9.01131e-05
dydz 0.000214084
BeamWidthX 0.0143421
BeamWidthY 0.0145882
dxdy 0.107715
Cov(0,j) 3.96846e-08 -4.52092e-10 0 0 0 0 0 0 0 
Cov(1,j) -4.52092e-10 3.98695e-08 0 0 0 0 0 0 0 
Cov(2,j) 0 0 0.157378 0 0 0 0 0 0 
Cov(3,j) 0 0 0 0.0786802 0 0 0 0 0 
Cov(4,j) 0 0 0 0 8.1997e-10 8.23057e-13 0 0 0 
Cov(5,j) 0 0 0 0 8.23057e-13 8.27476e-10 0 0 0 
Cov(6,j) 0 0 0 0 0 0 3.64521e-07 0 0 
Cov(7,j) 0 0 0 0 0 0 0 3.77363e-07 0 
Cov(8,j) 0 0 0 0 0 0 0 0 0.00345112 
EmittanceX 0
EmittanceY 0
BetaStar 0
