Runnumber 353706
BeginTimeOfFit 2022.06.13 11:01:23 GMT 1655118083
EndTimeOfFit 2022.06.13 11:01:46 GMT 1655118106
LumiRange 110 - 110
Type 2
X0 0.171566
Y0 -0.181247
Z0 1.22487
sigmaZ0 7.01063
dxdz 0.000101511
dydz 0.000177233
BeamWidthX 0.0160486
BeamWidthY 0.0170099
dxdy 0.0662895
Cov(0,j) 7.54831e-08 -7.06486e-10 0 0 0 0 0 0 0 
Cov(1,j) -7.06486e-10 7.47045e-08 0 0 0 0 0 0 0 
Cov(2,j) 0 0 0.261406 0 0 0 0 0 0 
Cov(3,j) 0 0 0 0.130679 0 0 0 0 0 
Cov(4,j) 0 0 0 0 1.41961e-09 2.7271e-11 0 0 0 
Cov(5,j) 0 0 0 0 2.7271e-11 1.38168e-09 0 0 0 
Cov(6,j) 0 0 0 0 0 0 7.23954e-07 0 0 
Cov(7,j) 0 0 0 0 0 0 0 8.06451e-07 0 
Cov(8,j) 0 0 0 0 0 0 0 0 0.00555183 
EmittanceX 0
EmittanceY 0
BetaStar 0
