Runnumber 352417
BeginTimeOfFit 2022.05.27 08:28:33 GMT 1653640113
EndTimeOfFit 2022.05.27 08:28:57 GMT 1653640137
LumiRange 82 - 82
Type 2
X0 0.16938
Y0 -0.181186
Z0 0.242296
sigmaZ0 6.48346
dxdz 0.000149733
dydz 0.000125121
BeamWidthX 0.013509
BeamWidthY 0.0161194
dxdy -0.127501
Cov(0,j) 7.25724e-08 1.41509e-10 0 0 0 0 0 0 0 
Cov(1,j) 1.41509e-10 7.2459e-08 0 0 0 0 0 0 0 
Cov(2,j) 0 0 0.274713 0 0 0 0 0 0 
Cov(3,j) 0 0 0 0.137329 0 0 0 0 0 
Cov(4,j) 0 0 0 0 1.59092e-09 5.89155e-12 0 0 0 
Cov(5,j) 0 0 0 0 5.89155e-12 1.61907e-09 0 0 0 
Cov(6,j) 0 0 0 0 0 0 6.52744e-07 0 0 
Cov(7,j) 0 0 0 0 0 0 0 8.99188e-07 0 
Cov(8,j) 0 0 0 0 0 0 0 0 0.00681358 
EmittanceX 0
EmittanceY 0
BetaStar 0
