Runnumber 353706
BeginTimeOfFit 2022.06.13 10:22:08 GMT 1655115728
EndTimeOfFit 2022.06.13 10:22:31 GMT 1655115751
LumiRange 9 - 9
Type 2
X0 0.171402
Y0 -0.181403
Z0 0.829189
sigmaZ0 6.84695
dxdz 0.000126111
dydz 0.000232166
BeamWidthX 0.0147877
BeamWidthY 0.0163244
dxdy 0.00780818
Cov(0,j) 6.02193e-08 -3.95804e-10 0 0 0 0 0 0 0 
Cov(1,j) -3.95804e-10 5.96903e-08 0 0 0 0 0 0 0 
Cov(2,j) 0 0 0.221117 0 0 0 0 0 0 
Cov(3,j) 0 0 0 0.110542 0 0 0 0 0 
Cov(4,j) 0 0 0 0 1.15437e-09 -1.57397e-11 0 0 0 
Cov(5,j) 0 0 0 0 -1.57397e-11 1.18293e-09 0 0 0 
Cov(6,j) 0 0 0 0 0 0 5.52471e-07 0 0 
Cov(7,j) 0 0 0 0 0 0 0 6.59311e-07 0 
Cov(8,j) 0 0 0 0 0 0 0 0 0.00500147 
EmittanceX 0
EmittanceY 0
BetaStar 0
