Runnumber 353018
BeginTimeOfFit 2022.06.04 08:48:42 GMT 1654332522
EndTimeOfFit 2022.06.04 08:49:05 GMT 1654332545
LumiRange 373 - 373
Type 2
X0 0.223813
Y0 -0.180857
Z0 0.702883
sigmaZ0 6.69905
dxdz 9.64353e-05
dydz 0.000240039
BeamWidthX 0.0140628
BeamWidthY 0.0145477
dxdy 0.0639128
Cov(0,j) 3.84863e-08 -4.95583e-10 0 0 0 0 0 0 0 
Cov(1,j) -4.95583e-10 3.83003e-08 0 0 0 0 0 0 0 
Cov(2,j) 0 0 0.16142 0 0 0 0 0 0 
Cov(3,j) 0 0 0 0.0807017 0 0 0 0 0 
Cov(4,j) 0 0 0 0 7.76948e-10 -2.24785e-11 0 0 0 
Cov(5,j) 0 0 0 0 -2.24785e-11 7.53537e-10 0 0 0 
Cov(6,j) 0 0 0 0 0 0 3.84843e-07 0 0 
Cov(7,j) 0 0 0 0 0 0 0 4.13254e-07 0 
Cov(8,j) 0 0 0 0 0 0 0 0 0.00384689 
EmittanceX 0
EmittanceY 0
BetaStar 0
