Runnumber 352931
BeginTimeOfFit 2022.06.03 12:28:14 GMT 1654259294
EndTimeOfFit 2022.06.03 12:28:37 GMT 1654259317
LumiRange 155 - 155
Type 2
X0 0.170028
Y0 -0.181834
Z0 0.309642
sigmaZ0 7.34044
dxdz 0.000130921
dydz 0.000154708
BeamWidthX 0.0167637
BeamWidthY 0.0157951
dxdy 0.0550476
Cov(0,j) 9.19223e-08 -9.14921e-11 0 0 0 0 0 0 0 
Cov(1,j) -9.14921e-11 8.85437e-08 0 0 0 0 0 0 0 
Cov(2,j) 0 0 0.300984 0 0 0 0 0 0 
Cov(3,j) 0 0 0 0.150463 0 0 0 0 0 
Cov(4,j) 0 0 0 0 1.54536e-09 -1.66377e-12 0 0 0 
Cov(5,j) 0 0 0 0 -1.66377e-12 1.50257e-09 0 0 0 
Cov(6,j) 0 0 0 0 0 0 8.32226e-07 0 0 
Cov(7,j) 0 0 0 0 0 0 0 7.40907e-07 0 
Cov(8,j) 0 0 0 0 0 0 0 0 0.00586268 
EmittanceX 0
EmittanceY 0
BetaStar 0
