Runnumber 352568
BeginTimeOfFit 2022.05.29 10:25:11 GMT 1653819911
EndTimeOfFit 2022.05.29 10:25:34 GMT 1653819934
LumiRange 453 - 453
Type 2
X0 0.17849
Y0 -0.179547
Z0 0.938146
sigmaZ0 5.95873
dxdz 0.000146089
dydz 0.000128709
BeamWidthX 0.0171702
BeamWidthY 0.0144614
dxdy 0.0728878
Cov(0,j) 3.75836e-07 3.35517e-09 0 0 0 0 0 0 0 
Cov(1,j) 3.35517e-09 3.61671e-07 0 0 0 0 0 0 0 
Cov(2,j) 0 0 0.788803 0 0 0 0 0 0 
Cov(3,j) 0 0 0 0.394156 0 0 0 0 0 
Cov(4,j) 0 0 0 0 9.94332e-09 5.91227e-11 0 0 0 
Cov(5,j) 0 0 0 0 5.91227e-11 9.51999e-09 0 0 0 
Cov(6,j) 0 0 0 0 0 0 3.44612e-06 0 0 
Cov(7,j) 0 0 0 0 0 0 0 2.47664e-06 0 
Cov(8,j) 0 0 0 0 0 0 0 0 0.0233225 
EmittanceX 0
EmittanceY 0
BetaStar 0
