Runnumber 353060
BeginTimeOfFit 2022.06.05 09:49:42 GMT 1654422582
EndTimeOfFit 2022.06.05 09:50:05 GMT 1654422605
LumiRange 798 - 798
Type 2
X0 0.163681
Y0 -0.179874
Z0 0.698357
sigmaZ0 6.69955
dxdz 0.000106138
dydz 0.000106731
BeamWidthX 0.016089
BeamWidthY 0.0171277
dxdy -0.0472064
Cov(0,j) 9.9828e-08 1.40735e-09 0 0 0 0 0 0 0 
Cov(1,j) 1.40735e-09 9.63189e-08 0 0 0 0 0 0 0 
Cov(2,j) 0 0 0.327581 0 0 0 0 0 0 
Cov(3,j) 0 0 0 0.163753 0 0 0 0 0 
Cov(4,j) 0 0 0 0 1.71593e-09 2.32536e-11 0 0 0 
Cov(5,j) 0 0 0 0 2.32536e-11 1.70563e-09 0 0 0 
Cov(6,j) 0 0 0 0 0 0 1.00167e-06 0 0 
Cov(7,j) 0 0 0 0 0 0 0 1.12699e-06 0 
Cov(8,j) 0 0 0 0 0 0 0 0 0.00764249 
EmittanceX 0
EmittanceY 0
BetaStar 0
