Runnumber 352509
BeginTimeOfFit 2022.05.28 11:58:35 GMT 1653739115
EndTimeOfFit 2022.05.28 11:58:58 GMT 1653739138
LumiRange 211 - 211
Type 2
X0 0.169185
Y0 -0.181277
Z0 0.35043
sigmaZ0 7.93423
dxdz 0.00018081
dydz 0.000217377
BeamWidthX 0.0182474
BeamWidthY 0.0161082
dxdy 0.0172921
Cov(0,j) 9.42864e-08 1.63116e-10 0 0 0 0 0 0 0 
Cov(1,j) 1.63116e-10 9.31271e-08 0 0 0 0 0 0 0 
Cov(2,j) 0 0 0.349688 0 0 0 0 0 0 
Cov(3,j) 0 0 0 0.174807 0 0 0 0 0 
Cov(4,j) 0 0 0 0 1.61409e-09 -1.82383e-11 0 0 0 
Cov(5,j) 0 0 0 0 -1.82383e-11 1.58532e-09 0 0 0 
Cov(6,j) 0 0 0 0 0 0 9.71916e-07 0 0 
Cov(7,j) 0 0 0 0 0 0 0 7.68808e-07 0 
Cov(8,j) 0 0 0 0 0 0 0 0 0.00583128 
EmittanceX 0
EmittanceY 0
BetaStar 0
