Runnumber 353015
BeginTimeOfFit 2022.06.04 03:56:32 GMT 1654314992
EndTimeOfFit 2022.06.04 03:56:55 GMT 1654315015
LumiRange 31 - 31
Type 2
X0 0.178064
Y0 -0.179915
Z0 -0.167901
sigmaZ0 6.2498
dxdz 0.000117058
dydz 0.000204991
BeamWidthX 0.0143007
BeamWidthY 0.0138856
dxdy -0.044607
Cov(0,j) 2.26232e-08 -1.90042e-10 0 0 0 0 0 0 0 
Cov(1,j) -1.90042e-10 2.20438e-08 0 0 0 0 0 0 0 
Cov(2,j) 0 0 0.0758426 0 0 0 0 0 0 
Cov(3,j) 0 0 0 0.037919 0 0 0 0 0 
Cov(4,j) 0 0 0 0 5.90688e-10 -5.33584e-12 0 0 0 
Cov(5,j) 0 0 0 0 -5.33584e-12 5.73677e-10 0 0 0 
Cov(6,j) 0 0 0 0 0 0 2.12651e-07 0 0 
Cov(7,j) 0 0 0 0 0 0 0 2.00852e-07 0 
Cov(8,j) 0 0 0 0 0 0 0 0 0.00207129 
EmittanceX 0
EmittanceY 0
BetaStar 0
