Runnumber 353709
BeginTimeOfFit 2022.06.13 12:17:44 GMT 1655122664
EndTimeOfFit 2022.06.13 12:18:07 GMT 1655122687
LumiRange 107 - 107
Type 2
X0 0.172667
Y0 -0.180523
Z0 1.40555
sigmaZ0 7.75686
dxdz 0.000125237
dydz 0.000239863
BeamWidthX 0.0156819
BeamWidthY 0.0188425
dxdy -0.00698786
Cov(0,j) 9.95284e-08 1.51375e-09 0 0 0 0 0 0 0 
Cov(1,j) 1.51375e-09 9.81309e-08 0 0 0 0 0 0 0 
Cov(2,j) 0 0 0.339895 0 0 0 0 0 0 
Cov(3,j) 0 0 0 0.169913 0 0 0 0 0 
Cov(4,j) 0 0 0 0 1.77252e-09 -5.6647e-12 0 0 0 
Cov(5,j) 0 0 0 0 -5.6647e-12 1.75351e-09 0 0 0 
Cov(6,j) 0 0 0 0 0 0 7.3531e-07 0 0 
Cov(7,j) 0 0 0 0 0 0 0 1.04369e-06 0 
Cov(8,j) 0 0 0 0 0 0 0 0 0.00591716 
EmittanceX 0
EmittanceY 0
BetaStar 0
