Runnumber 353018
BeginTimeOfFit 2022.06.04 08:21:30 GMT 1654330890
EndTimeOfFit 2022.06.04 08:21:54 GMT 1654330914
LumiRange 303 - 303
Type 2
X0 0.173457
Y0 -0.180901
Z0 -0.727571
sigmaZ0 6.75604
dxdz 0.000397842
dydz 0.000410686
BeamWidthX 0.0155002
BeamWidthY 0.0163722
dxdy 0.0837094
Cov(0,j) 3.07085e-07 5.47408e-09 0 0 0 0 0 0 0 
Cov(1,j) 5.47408e-09 3.05017e-07 0 0 0 0 0 0 0 
Cov(2,j) 0 0 1.01394 0 0 0 0 0 0 
Cov(3,j) 0 0 0 0.506412 0 0 0 0 0 
Cov(4,j) 0 0 0 0 7.38521e-09 3.9115e-10 0 0 0 
Cov(5,j) 0 0 0 0 3.9115e-10 7.03309e-09 0 0 0 
Cov(6,j) 0 0 0 0 0 0 2.83541e-06 0 0 
Cov(7,j) 0 0 0 0 0 0 0 3.1037e-06 0 
Cov(8,j) 0 0 0 0 0 0 0 0 0.0228397 
EmittanceX 0
EmittanceY 0
BetaStar 0
