Runnumber 352425
BeginTimeOfFit 2022.05.27 10:56:26 GMT 1653648986
EndTimeOfFit 2022.05.27 10:56:50 GMT 1653649010
LumiRange 252 - 252
Type 2
X0 0.168665
Y0 -0.183613
Z0 0.459732
sigmaZ0 7.2082
dxdz 0.000154048
dydz 0.000319705
BeamWidthX 0.0146248
BeamWidthY 0.0174988
dxdy 0.0235196
Cov(0,j) 1.21106e-07 -1.29967e-09 0 0 0 0 0 0 0 
Cov(1,j) -1.29967e-09 1.15093e-07 0 0 0 0 0 0 0 
Cov(2,j) 0 0 0.447841 0 0 0 0 0 0 
Cov(3,j) 0 0 0 0.223857 0 0 0 0 0 
Cov(4,j) 0 0 0 0 2.32678e-09 -2.93234e-11 0 0 0 
Cov(5,j) 0 0 0 0 -2.93234e-11 2.20125e-09 0 0 0 
Cov(6,j) 0 0 0 0 0 0 9.83271e-07 0 0 
Cov(7,j) 0 0 0 0 0 0 0 1.3815e-06 0 
Cov(8,j) 0 0 0 0 0 0 0 0 0.00910622 
EmittanceX 0
EmittanceY 0
BetaStar 0
