Runnumber 352572
BeginTimeOfFit 2022.05.29 12:09:05 GMT 1653826145
EndTimeOfFit 2022.05.29 12:09:28 GMT 1653826168
LumiRange 47 - 47
Type 2
X0 0.177104
Y0 -0.180851
Z0 0.0849998
sigmaZ0 6.85507
dxdz 0.000263509
dydz 0.000291376
BeamWidthX 0.0161993
BeamWidthY 0.0160472
dxdy -0.0145566
Cov(0,j) 9.66585e-08 9.40765e-10 0 0 0 0 0 0 0 
Cov(1,j) 9.40765e-10 9.66823e-08 0 0 0 0 0 0 0 
Cov(2,j) 0 0 0.324045 0 0 0 0 0 0 
Cov(3,j) 0 0 0 0.161991 0 0 0 0 0 
Cov(4,j) 0 0 0 0 2.0989e-09 1.38635e-11 0 0 0 
Cov(5,j) 0 0 0 0 1.38635e-11 2.11682e-09 0 0 0 
Cov(6,j) 0 0 0 0 0 0 9.54705e-07 0 0 
Cov(7,j) 0 0 0 0 0 0 0 9.39536e-07 0 
Cov(8,j) 0 0 0 0 0 0 0 0 0.00724158 
EmittanceX 0
EmittanceY 0
BetaStar 0
