Runnumber 352909
BeginTimeOfFit 2022.06.03 08:38:10 GMT 1654245490
EndTimeOfFit 2022.06.03 08:38:33 GMT 1654245513
LumiRange 23 - 23
Type 2
X0 0.168608
Y0 -0.179593
Z0 0.340448
sigmaZ0 6.85135
dxdz 0.000134834
dydz 0.000226845
BeamWidthX 0.0134626
BeamWidthY 0.014598
dxdy -0.000541384
Cov(0,j) 3.84197e-08 -1.61392e-10 0 0 0 0 0 0 0 
Cov(1,j) -1.61392e-10 3.77856e-08 0 0 0 0 0 0 0 
Cov(2,j) 0 0 0.153896 0 0 0 0 0 0 
Cov(3,j) 0 0 0 0.0769404 0 0 0 0 0 
Cov(4,j) 0 0 0 0 7.67499e-10 -5.02894e-12 0 0 0 
Cov(5,j) 0 0 0 0 -5.02894e-12 7.42157e-10 0 0 0 
Cov(6,j) 0 0 0 0 0 0 3.2354e-07 0 0 
Cov(7,j) 0 0 0 0 0 0 0 3.74251e-07 0 
Cov(8,j) 0 0 0 0 0 0 0 0 0.0035377 
EmittanceX 0
EmittanceY 0
BetaStar 0
