Runnumber 352931
BeginTimeOfFit 2022.06.03 12:36:00 GMT 1654259760
EndTimeOfFit 2022.06.03 12:36:23 GMT 1654259783
LumiRange 175 - 175
Type 2
X0 0.168976
Y0 -0.179901
Z0 0.311713
sigmaZ0 7.08742
dxdz 0.000110562
dydz 0.000254318
BeamWidthX 0.0148113
BeamWidthY 0.0182815
dxdy 0.123314
Cov(0,j) 1.30296e-07 -2.25413e-09 0 0 0 0 0 0 0 
Cov(1,j) -2.25413e-09 1.23768e-07 0 0 0 0 0 0 0 
Cov(2,j) 0 0 0.408325 0 0 0 0 0 0 
Cov(3,j) 0 0 0 0.204108 0 0 0 0 0 
Cov(4,j) 0 0 0 0 2.29882e-09 -6.37268e-11 0 0 0 
Cov(5,j) 0 0 0 0 -6.37268e-11 2.15235e-09 0 0 0 
Cov(6,j) 0 0 0 0 0 0 9.55543e-07 0 0 
Cov(7,j) 0 0 0 0 0 0 0 1.41824e-06 0 
Cov(8,j) 0 0 0 0 0 0 0 0 0.0082473 
EmittanceX 0
EmittanceY 0
BetaStar 0
