Runnumber 352568
BeginTimeOfFit 2022.05.29 10:37:14 GMT 1653820634
EndTimeOfFit 2022.05.29 10:37:37 GMT 1653820657
LumiRange 484 - 484
Type 2
X0 0.176895
Y0 -0.181113
Z0 -0.0287984
sigmaZ0 6.62507
dxdz 0.000103135
dydz 0.000142708
BeamWidthX 0.0148685
BeamWidthY 0.0166015
dxdy -0.0422013
Cov(0,j) 7.81133e-08 1.42032e-09 0 0 0 0 0 0 0 
Cov(1,j) 1.42032e-09 7.93707e-08 0 0 0 0 0 0 0 
Cov(2,j) 0 0 0.235956 0 0 0 0 0 0 
Cov(3,j) 0 0 0 0.117961 0 0 0 0 0 
Cov(4,j) 0 0 0 0 1.75298e-09 7.26098e-11 0 0 0 
Cov(5,j) 0 0 0 0 7.26098e-11 1.75559e-09 0 0 0 
Cov(6,j) 0 0 0 0 0 0 6.31699e-07 0 0 
Cov(7,j) 0 0 0 0 0 0 0 7.80268e-07 0 
Cov(8,j) 0 0 0 0 0 0 0 0 0.00568634 
EmittanceX 0
EmittanceY 0
BetaStar 0
