Runnumber 353060
BeginTimeOfFit 2022.06.05 07:47:19 GMT 1654415239
EndTimeOfFit 2022.06.05 07:47:42 GMT 1654415262
LumiRange 483 - 483
Type 2
X0 0.162351
Y0 -0.180409
Z0 1.73684
sigmaZ0 7.35964
dxdz 0.000281729
dydz 0.000220644
BeamWidthX 0.0151591
BeamWidthY 0.0119073
dxdy 0.0957009
Cov(0,j) 5.02833e-07 2.03973e-09 0 0 0 0 0 0 0 
Cov(1,j) 2.03973e-09 5.14214e-07 0 0 0 0 0 0 0 
Cov(2,j) 0 0 2.84775 0 0 0 0 0 0 
Cov(3,j) 0 0 0 1.42111 0 0 0 0 0 
Cov(4,j) 0 0 0 0 9.06267e-09 6.95438e-11 0 0 0 
Cov(5,j) 0 0 0 0 6.95438e-11 9.27993e-09 0 0 0 
Cov(6,j) 0 0 0 0 0 0 6.59691e-06 0 0 
Cov(7,j) 0 0 0 0 0 0 0 4.06874e-06 0 
Cov(8,j) 0 0 0 0 0 0 0 0 0.0547118 
EmittanceX 0
EmittanceY 0
BetaStar 0
