Runnumber 352425
BeginTimeOfFit 2022.05.27 10:06:42 GMT 1653646002
EndTimeOfFit 2022.05.27 10:07:06 GMT 1653646026
LumiRange 124 - 124
Type 2
X0 0.169906
Y0 -0.182405
Z0 1.31677
sigmaZ0 6.95606
dxdz 0.000178067
dydz 0.000196906
BeamWidthX 0.0134698
BeamWidthY 0.0155212
dxdy -0.00972746
Cov(0,j) 9.09827e-08 -1.95249e-09 0 0 0 0 0 0 0 
Cov(1,j) -1.95249e-09 9.01514e-08 0 0 0 0 0 0 0 
Cov(2,j) 0 0 0.439808 0 0 0 0 0 0 
Cov(3,j) 0 0 0 0.219827 0 0 0 0 0 
Cov(4,j) 0 0 0 0 1.67402e-09 -4.38661e-11 0 0 0 
Cov(5,j) 0 0 0 0 -4.38661e-11 1.6553e-09 0 0 0 
Cov(6,j) 0 0 0 0 0 0 9.00003e-07 0 0 
Cov(7,j) 0 0 0 0 0 0 0 1.15685e-06 0 
Cov(8,j) 0 0 0 0 0 0 0 0 0.00968636 
EmittanceX 0
EmittanceY 0
BetaStar 0
