Runnumber 353060
BeginTimeOfFit 2022.06.05 06:03:11 GMT 1654408991
EndTimeOfFit 2022.06.05 06:03:35 GMT 1654409015
LumiRange 215 - 215
Type 2
X0 0.168417
Y0 -0.17979
Z0 0.426067
sigmaZ0 6.89547
dxdz 0.000206476
dydz 0.00016626
BeamWidthX 0.0130763
BeamWidthY 0.0152113
dxdy -0.113724
Cov(0,j) 4.05425e-08 -1.73243e-10 0 0 0 0 0 0 0 
Cov(1,j) -1.73243e-10 3.95125e-08 0 0 0 0 0 0 0 
Cov(2,j) 0 0 0.155885 0 0 0 0 0 0 
Cov(3,j) 0 0 0 0.0779309 0 0 0 0 0 
Cov(4,j) 0 0 0 0 7.73324e-10 7.5593e-13 0 0 0 
Cov(5,j) 0 0 0 0 7.5593e-13 7.42527e-10 0 0 0 
Cov(6,j) 0 0 0 0 0 0 3.01375e-07 0 0 
Cov(7,j) 0 0 0 0 0 0 0 4.0083e-07 0 
Cov(8,j) 0 0 0 0 0 0 0 0 0.00341269 
EmittanceX 0
EmittanceY 0
BetaStar 0
