Runnumber 352505
BeginTimeOfFit 2022.05.28 09:42:42 GMT 1653730962
EndTimeOfFit 2022.05.28 09:43:06 GMT 1653730986
LumiRange 58 - 58
Type 2
X0 0.169696
Y0 -0.18205
Z0 -0.392873
sigmaZ0 7.0731
dxdz 0.000132139
dydz 0.00023287
BeamWidthX 0.0171887
BeamWidthY 0.016172
dxdy 0.012062
Cov(0,j) 6.96191e-08 1.16841e-09 0 0 0 0 0 0 0 
Cov(1,j) 1.16841e-09 6.69355e-08 0 0 0 0 0 0 0 
Cov(2,j) 0 0 0.277909 0 0 0 0 0 0 
Cov(3,j) 0 0 0 0.138928 0 0 0 0 0 
Cov(4,j) 0 0 0 0 1.22566e-09 9.95958e-12 0 0 0 
Cov(5,j) 0 0 0 0 9.95958e-12 1.21512e-09 0 0 0 
Cov(6,j) 0 0 0 0 0 0 8.64021e-07 0 0 
Cov(7,j) 0 0 0 0 0 0 0 7.66327e-07 0 
Cov(8,j) 0 0 0 0 0 0 0 0 0.00582447 
EmittanceX 0
EmittanceY 0
BetaStar 0
