Runnumber 353015
BeginTimeOfFit 2022.06.04 04:36:56 GMT 1654317416
EndTimeOfFit 2022.06.04 04:37:19 GMT 1654317439
LumiRange 135 - 135
Type 2
X0 0.176668
Y0 -0.178396
Z0 0.0705552
sigmaZ0 6.51052
dxdz 0.000162902
dydz 0.000202021
BeamWidthX 0.0146596
BeamWidthY 0.0142523
dxdy 0.0456987
Cov(0,j) 2.76739e-08 -8.23311e-11 0 0 0 0 0 0 0 
Cov(1,j) -8.23311e-11 2.70046e-08 0 0 0 0 0 0 0 
Cov(2,j) 0 0 0.104397 0 0 0 0 0 0 
Cov(3,j) 0 0 0 0.0521948 0 0 0 0 0 
Cov(4,j) 0 0 0 0 6.18612e-10 -5.52059e-12 0 0 0 
Cov(5,j) 0 0 0 0 -5.52059e-12 5.93414e-10 0 0 0 
Cov(6,j) 0 0 0 0 0 0 2.84066e-07 0 0 
Cov(7,j) 0 0 0 0 0 0 0 2.67328e-07 0 
Cov(8,j) 0 0 0 0 0 0 0 0 0.00261458 
EmittanceX 0
EmittanceY 0
BetaStar 0
