Runnumber 352425
BeginTimeOfFit 2022.05.27 10:15:15 GMT 1653646515
EndTimeOfFit 2022.05.27 10:15:39 GMT 1653646539
LumiRange 146 - 146
Type 2
X0 0.16943
Y0 -0.181461
Z0 0.47424
sigmaZ0 6.86239
dxdz 0.000127884
dydz 0.000270369
BeamWidthX 0.0141268
BeamWidthY 0.0147914
dxdy 0.0904868
Cov(0,j) 9.06047e-08 -3.40047e-10 0 0 0 0 0 0 0 
Cov(1,j) -3.40047e-10 8.70647e-08 0 0 0 0 0 0 0 
Cov(2,j) 0 0 0.395677 0 0 0 0 0 0 
Cov(3,j) 0 0 0 0.197786 0 0 0 0 0 
Cov(4,j) 0 0 0 0 1.74549e-09 1.84047e-11 0 0 0 
Cov(5,j) 0 0 0 0 1.84047e-11 1.70918e-09 0 0 0 
Cov(6,j) 0 0 0 0 0 0 9.00683e-07 0 0 
Cov(7,j) 0 0 0 0 0 0 0 9.81379e-07 0 
Cov(8,j) 0 0 0 0 0 0 0 0 0.00881025 
EmittanceX 0
EmittanceY 0
BetaStar 0
