Runnumber 352568
BeginTimeOfFit 2022.05.29 09:14:05 GMT 1653815645
EndTimeOfFit 2022.05.29 09:14:28 GMT 1653815668
LumiRange 270 - 270
Type 2
X0 0.177064
Y0 -0.181771
Z0 0.2881
sigmaZ0 6.04901
dxdz 0.000113609
dydz 0.000198741
BeamWidthX 0.0155778
BeamWidthY 0.0150514
dxdy 0.112177
Cov(0,j) 7.01673e-08 1.37788e-10 0 0 0 0 0 0 0 
Cov(1,j) 1.37788e-10 6.94048e-08 0 0 0 0 0 0 0 
Cov(2,j) 0 0 0.19156 0 0 0 0 0 0 
Cov(3,j) 0 0 0 0.095765 0 0 0 0 0 
Cov(4,j) 0 0 0 0 1.84775e-09 1.22496e-11 0 0 0 
Cov(5,j) 0 0 0 0 1.22496e-11 1.83782e-09 0 0 0 
Cov(6,j) 0 0 0 0 0 0 6.76889e-07 0 0 
Cov(7,j) 0 0 0 0 0 0 0 6.29151e-07 0 
Cov(8,j) 0 0 0 0 0 0 0 0 0.00541209 
EmittanceX 0
EmittanceY 0
BetaStar 0
