Runnumber 353709
BeginTimeOfFit 2022.06.13 11:40:50 GMT 1655120450
EndTimeOfFit 2022.06.13 11:41:13 GMT 1655120473
LumiRange 12 - 12
Type 2
X0 0.172544
Y0 -0.179327
Z0 1.68571
sigmaZ0 7.25307
dxdz 0.000103402
dydz 0.00019314
BeamWidthX 0.0178103
BeamWidthY 0.0180055
dxdy -0.028448
Cov(0,j) 9.82605e-08 -5.88958e-12 0 0 0 0 0 0 0 
Cov(1,j) -5.88958e-12 9.76625e-08 0 0 0 0 0 0 0 
Cov(2,j) 0 0 0.337183 0 0 0 0 0 0 
Cov(3,j) 0 0 0 0.168555 0 0 0 0 0 
Cov(4,j) 0 0 0 0 1.77391e-09 3.44823e-11 0 0 0 
Cov(5,j) 0 0 0 0 3.44823e-11 1.76925e-09 0 0 0 
Cov(6,j) 0 0 0 0 0 0 1.06412e-06 0 0 
Cov(7,j) 0 0 0 0 0 0 0 1.08644e-06 0 
Cov(8,j) 0 0 0 0 0 0 0 0 0.00666418 
EmittanceX 0
EmittanceY 0
BetaStar 0
