Runnumber 352493
BeginTimeOfFit 2022.05.28 07:23:51 GMT 1653722631
EndTimeOfFit 2022.05.28 07:24:15 GMT 1653722655
LumiRange 171 - 171
Type 2
X0 0.170046
Y0 -0.18163
Z0 0.118848
sigmaZ0 6.8138
dxdz 0.000145343
dydz 0.000246358
BeamWidthX 0.0141751
BeamWidthY 0.0140165
dxdy -0.010039
Cov(0,j) 3.59751e-08 -2.73366e-10 0 0 0 0 0 0 0 
Cov(1,j) -2.73366e-10 3.54665e-08 0 0 0 0 0 0 0 
Cov(2,j) 0 0 0.139416 0 0 0 0 0 0 
Cov(3,j) 0 0 0 0.0697013 0 0 0 0 0 
Cov(4,j) 0 0 0 0 7.87898e-10 2.56448e-12 0 0 0 
Cov(5,j) 0 0 0 0 2.56448e-12 7.52978e-10 0 0 0 
Cov(6,j) 0 0 0 0 0 0 3.23668e-07 0 0 
Cov(7,j) 0 0 0 0 0 0 0 3.15296e-07 0 
Cov(8,j) 0 0 0 0 0 0 0 0 0.00322573 
EmittanceX 0
EmittanceY 0
BetaStar 0
