Runnumber 352567
BeginTimeOfFit 2022.05.29 06:48:46 GMT 1653806926
EndTimeOfFit 2022.05.29 06:49:09 GMT 1653806949
LumiRange 24 - 24
Type 2
X0 0.176809
Y0 -0.182127
Z0 0.125609
sigmaZ0 6.15234
dxdz 0.000212044
dydz 0.000245004
BeamWidthX 0.0134952
BeamWidthY 0.0145403
dxdy 0.130876
Cov(0,j) 3.9205e-08 8.10917e-10 0 0 0 0 0 0 0 
Cov(1,j) 8.10917e-10 3.83855e-08 0 0 0 0 0 0 0 
Cov(2,j) 0 0 0.13188 0 0 0 0 0 0 
Cov(3,j) 0 0 0 0.0659283 0 0 0 0 0 
Cov(4,j) 0 0 0 0 9.45065e-10 1.26071e-11 0 0 0 
Cov(5,j) 0 0 0 0 1.26071e-11 9.2175e-10 0 0 0 
Cov(6,j) 0 0 0 0 0 0 3.42729e-07 0 0 
Cov(7,j) 0 0 0 0 0 0 0 3.93737e-07 0 
Cov(8,j) 0 0 0 0 0 0 0 0 0.00362261 
EmittanceX 0
EmittanceY 0
BetaStar 0
