Runnumber 352929
BeginTimeOfFit 2022.06.03 11:13:09 GMT 1654254789
EndTimeOfFit 2022.06.03 11:13:32 GMT 1654254812
LumiRange 19 - 19
Type 2
X0 0.168156
Y0 -0.181212
Z0 0.304386
sigmaZ0 7.35813
dxdz 0.000127147
dydz 0.00014182
BeamWidthX 0.0146045
BeamWidthY 0.0179937
dxdy 0.0387357
Cov(0,j) 7.63103e-08 4.49877e-10 0 0 0 0 0 0 0 
Cov(1,j) 4.49877e-10 7.48606e-08 0 0 0 0 0 0 0 
Cov(2,j) 0 0 0.273418 0 0 0 0 0 0 
Cov(3,j) 0 0 0 0.136685 0 0 0 0 0 
Cov(4,j) 0 0 0 0 1.36845e-09 -5.32535e-12 0 0 0 
Cov(5,j) 0 0 0 0 -5.32535e-12 1.32893e-09 0 0 0 
Cov(6,j) 0 0 0 0 0 0 5.82046e-07 0 0 
Cov(7,j) 0 0 0 0 0 0 0 8.56554e-07 0 
Cov(8,j) 0 0 0 0 0 0 0 0 0.005327 
EmittanceX 0
EmittanceY 0
BetaStar 0
