Runnumber 352568
BeginTimeOfFit 2022.05.29 09:37:00 GMT 1653817020
EndTimeOfFit 2022.05.29 09:37:24 GMT 1653817044
LumiRange 329 - 329
Type 2
X0 0.176045
Y0 -0.181517
Z0 -0.346886
sigmaZ0 6.11048
dxdz 0.000139518
dydz 0.000224844
BeamWidthX 0.0149104
BeamWidthY 0.0154163
dxdy -0.0225235
Cov(0,j) 7.08028e-08 5.3745e-10 0 0 0 0 0 0 0 
Cov(1,j) 5.3745e-10 6.92929e-08 0 0 0 0 0 0 0 
Cov(2,j) 0 0 0.185749 0 0 0 0 0 0 
Cov(3,j) 0 0 0 0.092861 0 0 0 0 0 
Cov(4,j) 0 0 0 0 1.78167e-09 1.15583e-11 0 0 0 
Cov(5,j) 0 0 0 0 1.15583e-11 1.73282e-09 0 0 0 
Cov(6,j) 0 0 0 0 0 0 5.87156e-07 0 0 
Cov(7,j) 0 0 0 0 0 0 0 6.2642e-07 0 
Cov(8,j) 0 0 0 0 0 0 0 0 0.0052703 
EmittanceX 0
EmittanceY 0
BetaStar 0
