Runnumber 353060
BeginTimeOfFit 2022.06.05 06:49:49 GMT 1654411789
EndTimeOfFit 2022.06.05 06:50:12 GMT 1654411812
LumiRange 335 - 335
Type 2
X0 0.165247
Y0 -0.1792
Z0 0.208174
sigmaZ0 7.51304
dxdz 4.62365e-05
dydz 0.000315007
BeamWidthX 0.0160372
BeamWidthY 0.0151229
dxdy 0.0852476
Cov(0,j) 8.91713e-08 -5.74962e-11 0 0 0 0 0 0 0 
Cov(1,j) -5.74962e-11 8.46532e-08 0 0 0 0 0 0 0 
Cov(2,j) 0 0 0.371303 0 0 0 0 0 0 
Cov(3,j) 0 0 0 0.185609 0 0 0 0 0 
Cov(4,j) 0 0 0 0 1.61057e-09 2.80795e-11 0 0 0 
Cov(5,j) 0 0 0 0 2.80795e-11 1.54895e-09 0 0 0 
Cov(6,j) 0 0 0 0 0 0 8.96657e-07 0 0 
Cov(7,j) 0 0 0 0 0 0 0 7.96399e-07 0 
Cov(8,j) 0 0 0 0 0 0 0 0 0.00685977 
EmittanceX 0
EmittanceY 0
BetaStar 0
