Runnumber 353060
BeginTimeOfFit 2022.06.05 11:31:06 GMT 1654428666
EndTimeOfFit 2022.06.05 11:31:29 GMT 1654428689
LumiRange 1059 - 1059
Type 2
X0 0.166866
Y0 -0.180671
Z0 -0.848557
sigmaZ0 7.07733
dxdz 5.80464e-05
dydz 0.000214987
BeamWidthX 0.0168831
BeamWidthY 0.0175254
dxdy 0.186221
Cov(0,j) 2.36705e-07 -1.77678e-09 0 0 0 0 0 0 0 
Cov(1,j) -1.77678e-09 2.38012e-07 0 0 0 0 0 0 0 
Cov(2,j) 0 0 0.794826 0 0 0 0 0 0 
Cov(3,j) 0 0 0 0.397209 0 0 0 0 0 
Cov(4,j) 0 0 0 0 4.19433e-09 -1.02026e-11 0 0 0 
Cov(5,j) 0 0 0 0 -1.02026e-11 4.27085e-09 0 0 0 
Cov(6,j) 0 0 0 0 0 0 2.37613e-06 0 0 
Cov(7,j) 0 0 0 0 0 0 0 2.54157e-06 0 
Cov(8,j) 0 0 0 0 0 0 0 0 0.0153758 
EmittanceX 0
EmittanceY 0
BetaStar 0
