Runnumber 352493
BeginTimeOfFit 2022.05.28 07:06:46 GMT 1653721606
EndTimeOfFit 2022.05.28 07:07:09 GMT 1653721629
LumiRange 127 - 127
Type 2
X0 0.169714
Y0 -0.182082
Z0 -0.192216
sigmaZ0 6.09923
dxdz 0.000165985
dydz 0.000179821
BeamWidthX 0.0139469
BeamWidthY 0.0142615
dxdy -0.0600355
Cov(0,j) 3.46826e-08 -1.758e-11 0 0 0 0 0 0 0 
Cov(1,j) -1.758e-11 3.37795e-08 0 0 0 0 0 0 0 
Cov(2,j) 0 0 0.106894 0 0 0 0 0 0 
Cov(3,j) 0 0 0 0.0534429 0 0 0 0 0 
Cov(4,j) 0 0 0 0 8.44047e-10 -1.02202e-11 0 0 0 
Cov(5,j) 0 0 0 0 -1.02202e-11 8.06055e-10 0 0 0 
Cov(6,j) 0 0 0 0 0 0 3.00467e-07 0 0 
Cov(7,j) 0 0 0 0 0 0 0 3.12831e-07 0 
Cov(8,j) 0 0 0 0 0 0 0 0 0.00305334 
EmittanceX 0
EmittanceY 0
BetaStar 0
