Runnumber 352572
BeginTimeOfFit 2022.05.29 12:15:18 GMT 1653826518
EndTimeOfFit 2022.05.29 12:15:41 GMT 1653826541
LumiRange 63 - 63
Type 2
X0 0.178203
Y0 -0.182043
Z0 1.22128
sigmaZ0 6.07178
dxdz 5.13708e-05
dydz 0.000325387
BeamWidthX 0.0140678
BeamWidthY 0.0160677
dxdy 0.183105
Cov(0,j) 1.06085e-07 9.44218e-10 0 0 0 0 0 0 0 
Cov(1,j) 9.44218e-10 1.02168e-07 0 0 0 0 0 0 0 
Cov(2,j) 0 0 0.361389 0 0 0 0 0 0 
Cov(3,j) 0 0 0 0.180638 0 0 0 0 0 
Cov(4,j) 0 0 0 0 2.31661e-09 8.58854e-12 0 0 0 
Cov(5,j) 0 0 0 0 8.58854e-12 2.16875e-09 0 0 0 
Cov(6,j) 0 0 0 0 0 0 1.05041e-06 0 0 
Cov(7,j) 0 0 0 0 0 0 0 1.33418e-06 0 
Cov(8,j) 0 0 0 0 0 0 0 0 0.00978291 
EmittanceX 0
EmittanceY 0
BetaStar 0
