Runnumber 352493
BeginTimeOfFit 2022.05.28 07:25:25 GMT 1653722725
EndTimeOfFit 2022.05.28 07:25:48 GMT 1653722748
LumiRange 175 - 175
Type 2
X0 0.169963
Y0 -0.182864
Z0 0.238446
sigmaZ0 6.5804
dxdz 0.00021078
dydz 0.00017534
BeamWidthX 0.0148536
BeamWidthY 0.0134145
dxdy -0.0292594
Cov(0,j) 3.68905e-08 1.15841e-10 0 0 0 0 0 0 0 
Cov(1,j) 1.15841e-10 3.65977e-08 0 0 0 0 0 0 0 
Cov(2,j) 0 0 0.137024 0 0 0 0 0 0 
Cov(3,j) 0 0 0 0.0685044 0 0 0 0 0 
Cov(4,j) 0 0 0 0 8.41675e-10 -8.22866e-12 0 0 0 
Cov(5,j) 0 0 0 0 -8.22866e-12 8.10374e-10 0 0 0 
Cov(6,j) 0 0 0 0 0 0 3.72691e-07 0 0 
Cov(7,j) 0 0 0 0 0 0 0 3.05454e-07 0 
Cov(8,j) 0 0 0 0 0 0 0 0 0.0033716 
EmittanceX 0
EmittanceY 0
BetaStar 0
