Runnumber 352568
BeginTimeOfFit 2022.05.29 08:53:30 GMT 1653814410
EndTimeOfFit 2022.05.29 08:53:53 GMT 1653814433
LumiRange 217 - 217
Type 2
X0 0.177454
Y0 -0.181553
Z0 0.335004
sigmaZ0 6.00774
dxdz 0.00014968
dydz 0.000247446
BeamWidthX 0.014384
BeamWidthY 0.0151963
dxdy -0.0249262
Cov(0,j) 6.21567e-08 7.21249e-10 0 0 0 0 0 0 0 
Cov(1,j) 7.21249e-10 6.31327e-08 0 0 0 0 0 0 0 
Cov(2,j) 0 0 0.20623 0 0 0 0 0 0 
Cov(3,j) 0 0 0 0.103098 0 0 0 0 0 
Cov(4,j) 0 0 0 0 1.43761e-09 2.88828e-11 0 0 0 
Cov(5,j) 0 0 0 0 2.88828e-11 1.49092e-09 0 0 0 
Cov(6,j) 0 0 0 0 0 0 6.3684e-07 0 0 
Cov(7,j) 0 0 0 0 0 0 0 7.02715e-07 0 
Cov(8,j) 0 0 0 0 0 0 0 0 0.00608421 
EmittanceX 0
EmittanceY 0
BetaStar 0
