Runnumber 353060
BeginTimeOfFit 2022.06.05 12:55:01 GMT 1654433701
EndTimeOfFit 2022.06.05 12:55:24 GMT 1654433724
LumiRange 1275 - 1275
Type 2
X0 0.164136
Y0 -0.181346
Z0 0.71303
sigmaZ0 6.01796
dxdz 0.000175735
dydz 0.000319488
BeamWidthX 0.0160636
BeamWidthY 0.0177997
dxdy 0.095808
Cov(0,j) 2.05992e-07 -3.75601e-09 0 0 0 0 0 0 0 
Cov(1,j) -3.75601e-09 1.90409e-07 0 0 0 0 0 0 0 
Cov(2,j) 0 0 0.584 0 0 0 0 0 0 
Cov(3,j) 0 0 0 0.291866 0 0 0 0 0 
Cov(4,j) 0 0 0 0 3.66655e-09 -7.18942e-11 0 0 0 
Cov(5,j) 0 0 0 0 -7.18942e-11 3.53965e-09 0 0 0 
Cov(6,j) 0 0 0 0 0 0 2.22314e-06 0 0 
Cov(7,j) 0 0 0 0 0 0 0 2.65073e-06 0 
Cov(8,j) 0 0 0 0 0 0 0 0 0.0164947 
EmittanceX 0
EmittanceY 0
BetaStar 0
