Runnumber 353087
BeginTimeOfFit 2022.06.05 15:53:23 GMT 1654444403
EndTimeOfFit 2022.06.05 15:53:46 GMT 1654444426
LumiRange 166 - 166
Type 2
X0 0.171161
Y0 -0.180747
Z0 0.527337
sigmaZ0 6.88996
dxdz 0.000143044
dydz 0.000214464
BeamWidthX 0.0132252
BeamWidthY 0.0141507
dxdy 0.0180564
Cov(0,j) 3.64028e-08 -1.79836e-10 0 0 0 0 0 0 0 
Cov(1,j) -1.79836e-10 3.52976e-08 0 0 0 0 0 0 0 
Cov(2,j) 0 0 0.149744 0 0 0 0 0 0 
Cov(3,j) 0 0 0 0.0748639 0 0 0 0 0 
Cov(4,j) 0 0 0 0 7.06613e-10 2.0339e-12 0 0 0 
Cov(5,j) 0 0 0 0 2.0339e-12 6.72358e-10 0 0 0 
Cov(6,j) 0 0 0 0 0 0 2.9865e-07 0 0 
Cov(7,j) 0 0 0 0 0 0 0 3.3956e-07 0 
Cov(8,j) 0 0 0 0 0 0 0 0 0.00339683 
EmittanceX 0
EmittanceY 0
BetaStar 0
