Runnumber 353689
BeginTimeOfFit 2022.06.13 09:07:21 GMT 1655111241
EndTimeOfFit 2022.06.13 09:07:44 GMT 1655111264
LumiRange 182 - 182
Type 2
X0 0.171533
Y0 -0.18052
Z0 0.521742
sigmaZ0 6.8715
dxdz 0.000154147
dydz 0.000111988
BeamWidthX 0.0146753
BeamWidthY 0.0151425
dxdy 0.0477502
Cov(0,j) 6.31895e-08 -8.48021e-10 0 0 0 0 0 0 0 
Cov(1,j) -8.48021e-10 6.10564e-08 0 0 0 0 0 0 0 
Cov(2,j) 0 0 0.213638 0 0 0 0 0 0 
Cov(3,j) 0 0 0 0.106801 0 0 0 0 0 
Cov(4,j) 0 0 0 0 1.37425e-09 -2.8091e-11 0 0 0 
Cov(5,j) 0 0 0 0 -2.8091e-11 1.33553e-09 0 0 0 
Cov(6,j) 0 0 0 0 0 0 5.21286e-07 0 0 
Cov(7,j) 0 0 0 0 0 0 0 5.52097e-07 0 
Cov(8,j) 0 0 0 0 0 0 0 0 0.00478463 
EmittanceX 0
EmittanceY 0
BetaStar 0
