Runnumber 353706
BeginTimeOfFit 2022.06.13 10:57:29 GMT 1655117849
EndTimeOfFit 2022.06.13 10:57:53 GMT 1655117873
LumiRange 100 - 100
Type 2
X0 0.171646
Y0 -0.181063
Z0 0.188621
sigmaZ0 6.99424
dxdz 0.00013676
dydz 0.000211651
BeamWidthX 0.0148002
BeamWidthY 0.016724
dxdy 0.0121654
Cov(0,j) 6.66105e-08 -6.9374e-11 0 0 0 0 0 0 0 
Cov(1,j) -6.9374e-11 6.57053e-08 0 0 0 0 0 0 0 
Cov(2,j) 0 0 0.253445 0 0 0 0 0 0 
Cov(3,j) 0 0 0 0.126701 0 0 0 0 0 
Cov(4,j) 0 0 0 0 1.31421e-09 6.85429e-12 0 0 0 
Cov(5,j) 0 0 0 0 6.85429e-12 1.2521e-09 0 0 0 
Cov(6,j) 0 0 0 0 0 0 6.01495e-07 0 0 
Cov(7,j) 0 0 0 0 0 0 0 7.59593e-07 0 
Cov(8,j) 0 0 0 0 0 0 0 0 0.00544967 
EmittanceX 0
EmittanceY 0
BetaStar 0
