Runnumber 352505
BeginTimeOfFit 2022.05.28 09:53:58 GMT 1653731638
EndTimeOfFit 2022.05.28 09:54:22 GMT 1653731662
LumiRange 87 - 87
Type 2
X0 0.169866
Y0 -0.181993
Z0 0.725199
sigmaZ0 7.95049
dxdz 0.000103941
dydz 0.000180897
BeamWidthX 0.0158063
BeamWidthY 0.017274
dxdy 0.00836385
Cov(0,j) 6.85856e-08 -3.40481e-11 0 0 0 0 0 0 0 
Cov(1,j) -3.40481e-11 6.78777e-08 0 0 0 0 0 0 0 
Cov(2,j) 0 0 0.327475 0 0 0 0 0 0 
Cov(3,j) 0 0 0 0.163705 0 0 0 0 0 
Cov(4,j) 0 0 0 0 1.15405e-09 -2.14779e-11 0 0 0 
Cov(5,j) 0 0 0 0 -2.14779e-11 1.15495e-09 0 0 0 
Cov(6,j) 0 0 0 0 0 0 6.91699e-07 0 0 
Cov(7,j) 0 0 0 0 0 0 0 8.10406e-07 0 
Cov(8,j) 0 0 0 0 0 0 0 0 0.0054275 
EmittanceX 0
EmittanceY 0
BetaStar 0
