Runnumber 353709
BeginTimeOfFit 2022.06.13 12:33:40 GMT 1655123620
EndTimeOfFit 2022.06.13 12:34:03 GMT 1655123643
LumiRange 148 - 148
Type 2
X0 0.173555
Y0 -0.179608
Z0 1.43222
sigmaZ0 6.92338
dxdz 0.000103808
dydz 0.000159932
BeamWidthX 0.0172567
BeamWidthY 0.018467
dxdy -0.0175637
Cov(0,j) 1.13754e-07 1.9778e-10 0 0 0 0 0 0 0 
Cov(1,j) 1.9778e-10 1.0996e-07 0 0 0 0 0 0 0 
Cov(2,j) 0 0 0.349833 0 0 0 0 0 0 
Cov(3,j) 0 0 0 0.174875 0 0 0 0 0 
Cov(4,j) 0 0 0 0 1.99277e-09 1.64325e-12 0 0 0 
Cov(5,j) 0 0 0 0 1.64325e-12 1.95292e-09 0 0 0 
Cov(6,j) 0 0 0 0 0 0 1.13347e-06 0 0 
Cov(7,j) 0 0 0 0 0 0 0 1.29554e-06 0 
Cov(8,j) 0 0 0 0 0 0 0 0 0.00759149 
EmittanceX 0
EmittanceY 0
BetaStar 0
