Runnumber 352509
BeginTimeOfFit 2022.05.28 10:54:29 GMT 1653735269
EndTimeOfFit 2022.05.28 10:54:52 GMT 1653735292
LumiRange 46 - 46
Type 2
X0 0.169947
Y0 -0.181578
Z0 0.251404
sigmaZ0 6.89266
dxdz 0.000177716
dydz 0.000138963
BeamWidthX 0.0170093
BeamWidthY 0.0167777
dxdy 0.307229
Cov(0,j) 8.05454e-08 1.16405e-09 0 0 0 0 0 0 0 
Cov(1,j) 1.16405e-09 8.14335e-08 0 0 0 0 0 0 0 
Cov(2,j) 0 0 0.266877 0 0 0 0 0 0 
Cov(3,j) 0 0 0 0.133414 0 0 0 0 0 
Cov(4,j) 0 0 0 0 1.4548e-09 3.72507e-11 0 0 0 
Cov(5,j) 0 0 0 0 3.72507e-11 1.44831e-09 0 0 0 
Cov(6,j) 0 0 0 0 0 0 8.54028e-07 0 0 
Cov(7,j) 0 0 0 0 0 0 0 8.28402e-07 0 
Cov(8,j) 0 0 0 0 0 0 0 0 0.00484288 
EmittanceX 0
EmittanceY 0
BetaStar 0
