Runnumber 353060
BeginTimeOfFit 2022.06.05 05:37:33 GMT 1654407453
EndTimeOfFit 2022.06.05 05:37:56 GMT 1654407476
LumiRange 149 - 149
Type 2
X0 0.168456
Y0 -0.179848
Z0 -0.438848
sigmaZ0 7.12994
dxdz 0.000142561
dydz 0.000185006
BeamWidthX 0.0130605
BeamWidthY 0.0143638
dxdy 0.0482998
Cov(0,j) 3.5149e-08 5.87494e-12 0 0 0 0 0 0 0 
Cov(1,j) 5.87494e-12 3.42177e-08 0 0 0 0 0 0 0 
Cov(2,j) 0 0 0.162927 0 0 0 0 0 0 
Cov(3,j) 0 0 0 0.0814528 0 0 0 0 0 
Cov(4,j) 0 0 0 0 6.89831e-10 -1.14816e-11 0 0 0 
Cov(5,j) 0 0 0 0 -1.14816e-11 6.55927e-10 0 0 0 
Cov(6,j) 0 0 0 0 0 0 2.94651e-07 0 0 
Cov(7,j) 0 0 0 0 0 0 0 3.5721e-07 0 
Cov(8,j) 0 0 0 0 0 0 0 0 0.0034185 
EmittanceX 0
EmittanceY 0
BetaStar 0
