Runnumber 353706
BeginTimeOfFit 2022.06.13 11:01:46 GMT 1655118106
EndTimeOfFit 2022.06.13 11:02:09 GMT 1655118129
LumiRange 111 - 111
Type 2
X0 0.171595
Y0 -0.181544
Z0 1.01049
sigmaZ0 7.41412
dxdz 0.00014118
dydz 0.000121277
BeamWidthX 0.0159524
BeamWidthY 0.0166351
dxdy -0.0432273
Cov(0,j) 7.46887e-08 -7.49515e-10 0 0 0 0 0 0 0 
Cov(1,j) -7.49515e-10 7.23479e-08 0 0 0 0 0 0 0 
Cov(2,j) 0 0 0.253291 0 0 0 0 0 0 
Cov(3,j) 0 0 0 0.126625 0 0 0 0 0 
Cov(4,j) 0 0 0 0 1.36169e-09 1.14214e-11 0 0 0 
Cov(5,j) 0 0 0 0 1.14214e-11 1.35572e-09 0 0 0 
Cov(6,j) 0 0 0 0 0 0 6.20044e-07 0 0 
Cov(7,j) 0 0 0 0 0 0 0 6.7164e-07 0 
Cov(8,j) 0 0 0 0 0 0 0 0 0.00485791 
EmittanceX 0
EmittanceY 0
BetaStar 0
