Runnumber 352568
BeginTimeOfFit 2022.05.29 09:06:42 GMT 1653815202
EndTimeOfFit 2022.05.29 09:07:06 GMT 1653815226
LumiRange 251 - 251
Type 2
X0 0.177249
Y0 -0.182286
Z0 -0.0386583
sigmaZ0 6.40046
dxdz 6.22385e-05
dydz 0.000264486
BeamWidthX 0.0145067
BeamWidthY 0.0158164
dxdy -0.0277098
Cov(0,j) 6.67159e-08 1.70985e-09 0 0 0 0 0 0 0 
Cov(1,j) 1.70985e-09 6.57501e-08 0 0 0 0 0 0 0 
Cov(2,j) 0 0 0.220229 0 0 0 0 0 0 
Cov(3,j) 0 0 0 0.110097 0 0 0 0 0 
Cov(4,j) 0 0 0 0 1.60923e-09 3.09831e-11 0 0 0 
Cov(5,j) 0 0 0 0 3.09831e-11 1.61827e-09 0 0 0 
Cov(6,j) 0 0 0 0 0 0 6.06696e-07 0 0 
Cov(7,j) 0 0 0 0 0 0 0 7.14786e-07 0 
Cov(8,j) 0 0 0 0 0 0 0 0 0.00572567 
EmittanceX 0
EmittanceY 0
BetaStar 0
