Runnumber 353689
BeginTimeOfFit 2022.06.13 08:48:18 GMT 1655110098
EndTimeOfFit 2022.06.13 08:48:42 GMT 1655110122
LumiRange 133 - 133
Type 2
X0 0.171646
Y0 -0.181088
Z0 1.14489
sigmaZ0 6.40462
dxdz 5.61639e-05
dydz 0.000231101
BeamWidthX 0.0148736
BeamWidthY 0.0147847
dxdy 0.00244648
Cov(0,j) 4.24658e-08 -5.18439e-10 0 0 0 0 0 0 0 
Cov(1,j) -5.18439e-10 4.13912e-08 0 0 0 0 0 0 0 
Cov(2,j) 0 0 0.130214 0 0 0 0 0 0 
Cov(3,j) 0 0 0 0.0651001 0 0 0 0 0 
Cov(4,j) 0 0 0 0 1.01256e-09 -1.93159e-11 0 0 0 
Cov(5,j) 0 0 0 0 -1.93159e-11 9.71481e-10 0 0 0 
Cov(6,j) 0 0 0 0 0 0 3.74746e-07 0 0 
Cov(7,j) 0 0 0 0 0 0 0 3.6894e-07 0 
Cov(8,j) 0 0 0 0 0 0 0 0 0.00337364 
EmittanceX 0
EmittanceY 0
BetaStar 0
