Runnumber 353060
BeginTimeOfFit 2022.06.05 11:29:33 GMT 1654428573
EndTimeOfFit 2022.06.05 11:29:56 GMT 1654428596
LumiRange 1055 - 1055
Type 2
X0 0.166851
Y0 -0.181283
Z0 -0.625846
sigmaZ0 8.26756
dxdz -0.00011744
dydz 0.000170432
BeamWidthX 0.0178575
BeamWidthY 0.0171251
dxdy 0.11376
Cov(0,j) 1.59655e-07 -5.79869e-10 0 0 0 0 0 0 0 
Cov(1,j) -5.79869e-10 1.56152e-07 0 0 0 0 0 0 0 
Cov(2,j) 0 0 0.704482 0 0 0 0 0 0 
Cov(3,j) 0 0 0 0.352114 0 0 0 0 0 
Cov(4,j) 0 0 0 0 2.61657e-09 -3.42675e-11 0 0 0 
Cov(5,j) 0 0 0 0 -3.42675e-11 2.66755e-09 0 0 0 
Cov(6,j) 0 0 0 0 0 0 1.71081e-06 0 0 
Cov(7,j) 0 0 0 0 0 0 0 1.58334e-06 0 
Cov(8,j) 0 0 0 0 0 0 0 0 0.0104633 
EmittanceX 0
EmittanceY 0
BetaStar 0
