Runnumber 353702
BeginTimeOfFit 2022.06.13 09:34:43 GMT 1655112883
EndTimeOfFit 2022.06.13 09:35:07 GMT 1655112907
LumiRange 10 - 10
Type 2
X0 0.171228
Y0 -0.181809
Z0 1.46983
sigmaZ0 6.06286
dxdz 0.000124687
dydz 0.000144517
BeamWidthX 0.0162413
BeamWidthY 0.0163302
dxdy 0.0121963
Cov(0,j) 5.77693e-08 1.74378e-10 0 0 0 0 0 0 0 
Cov(1,j) 1.74378e-10 5.7305e-08 0 0 0 0 0 0 0 
Cov(2,j) 0 0 0.147025 0 0 0 0 0 0 
Cov(3,j) 0 0 0 0.0735043 0 0 0 0 0 
Cov(4,j) 0 0 0 0 1.27046e-09 9.86428e-12 0 0 0 
Cov(5,j) 0 0 0 0 9.86428e-12 1.24414e-09 0 0 0 
Cov(6,j) 0 0 0 0 0 0 5.59457e-07 0 0 
Cov(7,j) 0 0 0 0 0 0 0 5.61065e-07 0 
Cov(8,j) 0 0 0 0 0 0 0 0 0.00423354 
EmittanceX 0
EmittanceY 0
BetaStar 0
