Runnumber 353705
BeginTimeOfFit 2022.06.13 10:13:52 GMT 1655115232
EndTimeOfFit 2022.06.13 10:14:15 GMT 1655115255
LumiRange 17 - 17
Type 2
X0 0.171318
Y0 -0.181453
Z0 1.57371
sigmaZ0 7.38365
dxdz 0.000166129
dydz 0.000189086
BeamWidthX 0.0172804
BeamWidthY 0.0149896
dxdy 0.00047708
Cov(0,j) 6.28253e-08 -7.84595e-10 0 0 0 0 0 0 0 
Cov(1,j) -7.84595e-10 6.23869e-08 0 0 0 0 0 0 0 
Cov(2,j) 0 0 0.263348 0 0 0 0 0 0 
Cov(3,j) 0 0 0 0.131652 0 0 0 0 0 
Cov(4,j) 0 0 0 0 1.16824e-09 -1.4199e-11 0 0 0 
Cov(5,j) 0 0 0 0 -1.4199e-11 1.16073e-09 0 0 0 
Cov(6,j) 0 0 0 0 0 0 7.59753e-07 0 0 
Cov(7,j) 0 0 0 0 0 0 0 5.79764e-07 0 
Cov(8,j) 0 0 0 0 0 0 0 0 0.00509741 
EmittanceX 0
EmittanceY 0
BetaStar 0
