Runnumber 352505
BeginTimeOfFit 2022.05.28 09:29:53 GMT 1653730193
EndTimeOfFit 2022.05.28 09:30:16 GMT 1653730216
LumiRange 25 - 25
Type 2
X0 0.170038
Y0 -0.181632
Z0 0.578837
sigmaZ0 7.12987
dxdz 0.0001973
dydz 0.000120648
BeamWidthX 0.0150898
BeamWidthY 0.0152835
dxdy -0.0186028
Cov(0,j) 5.57168e-08 1.89832e-10 0 0 0 0 0 0 0 
Cov(1,j) 1.89832e-10 5.45844e-08 0 0 0 0 0 0 0 
Cov(2,j) 0 0 0.206631 0 0 0 0 0 0 
Cov(3,j) 0 0 0 0.103302 0 0 0 0 0 
Cov(4,j) 0 0 0 0 1.00097e-09 1.01951e-11 0 0 0 
Cov(5,j) 0 0 0 0 1.01951e-11 9.9015e-10 0 0 0 
Cov(6,j) 0 0 0 0 0 0 4.9462e-07 0 0 
Cov(7,j) 0 0 0 0 0 0 0 5.05879e-07 0 
Cov(8,j) 0 0 0 0 0 0 0 0 0.00434645 
EmittanceX 0
EmittanceY 0
BetaStar 0
