Runnumber 353015
BeginTimeOfFit 2022.06.04 04:46:39 GMT 1654317999
EndTimeOfFit 2022.06.04 04:47:02 GMT 1654318022
LumiRange 160 - 160
Type 2
X0 0.176495
Y0 -0.178019
Z0 0.232662
sigmaZ0 6.55964
dxdz 0.000128659
dydz 0.000188058
BeamWidthX 0.0140662
BeamWidthY 0.0148663
dxdy 0.111359
Cov(0,j) 2.91748e-08 -2.9464e-10 0 0 0 0 0 0 0 
Cov(1,j) -2.9464e-10 2.85962e-08 0 0 0 0 0 0 0 
Cov(2,j) 0 0 0.107838 0 0 0 0 0 0 
Cov(3,j) 0 0 0 0.0539147 0 0 0 0 0 
Cov(4,j) 0 0 0 0 6.39709e-10 -6.27815e-12 0 0 0 
Cov(5,j) 0 0 0 0 -6.27815e-12 6.41999e-10 0 0 0 
Cov(6,j) 0 0 0 0 0 0 2.65733e-07 0 0 
Cov(7,j) 0 0 0 0 0 0 0 2.93784e-07 0 
Cov(8,j) 0 0 0 0 0 0 0 0 0.00261662 
EmittanceX 0
EmittanceY 0
BetaStar 0
