Runnumber 352568
BeginTimeOfFit 2022.05.29 10:36:27 GMT 1653820587
EndTimeOfFit 2022.05.29 10:36:50 GMT 1653820610
LumiRange 482 - 482
Type 2
X0 0.177232
Y0 -0.181859
Z0 0.268365
sigmaZ0 6.26364
dxdz 0.00015589
dydz 0.000352196
BeamWidthX 0.0149637
BeamWidthY 0.0155125
dxdy 0.178682
Cov(0,j) 7.61074e-08 -1.22905e-10 0 0 0 0 0 0 0 
Cov(1,j) -1.22905e-10 7.32679e-08 0 0 0 0 0 0 0 
Cov(2,j) 0 0 0.228082 0 0 0 0 0 0 
Cov(3,j) 0 0 0 0.114021 0 0 0 0 0 
Cov(4,j) 0 0 0 0 1.72013e-09 2.62879e-11 0 0 0 
Cov(5,j) 0 0 0 0 2.62879e-11 1.74075e-09 0 0 0 
Cov(6,j) 0 0 0 0 0 0 6.96455e-07 0 0 
Cov(7,j) 0 0 0 0 0 0 0 7.40598e-07 0 
Cov(8,j) 0 0 0 0 0 0 0 0 0.00579703 
EmittanceX 0
EmittanceY 0
BetaStar 0
