Runnumber 353018
BeginTimeOfFit 2022.06.04 06:58:22 GMT 1654325902
EndTimeOfFit 2022.06.04 06:58:45 GMT 1654325925
LumiRange 89 - 89
Type 2
X0 0.176194
Y0 -0.180037
Z0 -0.0328897
sigmaZ0 6.99978
dxdz 0.000103505
dydz 0.000191441
BeamWidthX 0.0145283
BeamWidthY 0.0147058
dxdy 0.0141957
Cov(0,j) 2.79256e-08 -9.09132e-11 0 0 0 0 0 0 0 
Cov(1,j) -9.09132e-11 2.75179e-08 0 0 0 0 0 0 0 
Cov(2,j) 0 0 0.113152 0 0 0 0 0 0 
Cov(3,j) 0 0 0 0.0565718 0 0 0 0 0 
Cov(4,j) 0 0 0 0 6.32153e-10 3.16016e-12 0 0 0 
Cov(5,j) 0 0 0 0 3.16016e-12 6.30023e-10 0 0 0 
Cov(6,j) 0 0 0 0 0 0 2.61952e-07 0 0 
Cov(7,j) 0 0 0 0 0 0 0 2.67161e-07 0 
Cov(8,j) 0 0 0 0 0 0 0 0 0.00247027 
EmittanceX 0
EmittanceY 0
BetaStar 0
