Runnumber 353060
BeginTimeOfFit 2022.06.05 11:34:36 GMT 1654428876
EndTimeOfFit 2022.06.05 11:34:59 GMT 1654428899
LumiRange 1068 - 1068
Type 2
X0 0.166772
Y0 -0.180373
Z0 -0.350612
sigmaZ0 7.2341
dxdz 0.000198553
dydz 0.0001421
BeamWidthX 0.0193416
BeamWidthY 0.0165979
dxdy -0.0306291
Cov(0,j) 1.67391e-07 -3.59103e-09 0 0 0 0 0 0 0 
Cov(1,j) -3.59103e-09 1.67059e-07 0 0 0 0 0 0 0 
Cov(2,j) 0 0 0.475665 0 0 0 0 0 0 
Cov(3,j) 0 0 0 0.23776 0 0 0 0 0 
Cov(4,j) 0 0 0 0 2.99186e-09 -7.22608e-11 0 0 0 
Cov(5,j) 0 0 0 0 -7.22608e-11 2.89647e-09 0 0 0 
Cov(6,j) 0 0 0 0 0 0 1.76551e-06 0 0 
Cov(7,j) 0 0 0 0 0 0 0 1.32106e-06 0 
Cov(8,j) 0 0 0 0 0 0 0 0 0.00944973 
EmittanceX 0
EmittanceY 0
BetaStar 0
