Runnumber 353689
BeginTimeOfFit 2022.06.13 08:33:09 GMT 1655109189
EndTimeOfFit 2022.06.13 08:33:32 GMT 1655109212
LumiRange 94 - 94
Type 2
X0 0.172092
Y0 -0.181881
Z0 1.20001
sigmaZ0 5.96406
dxdz 0.000143227
dydz 0.000170668
BeamWidthX 0.0145278
BeamWidthY 0.0153748
dxdy 0.0334939
Cov(0,j) 4.62778e-08 -3.56161e-10 0 0 0 0 0 0 0 
Cov(1,j) -3.56161e-10 4.52913e-08 0 0 0 0 0 0 0 
Cov(2,j) 0 0 0.127944 0 0 0 0 0 0 
Cov(3,j) 0 0 0 0.0639654 0 0 0 0 0 
Cov(4,j) 0 0 0 0 1.20858e-09 -1.71694e-12 0 0 0 
Cov(5,j) 0 0 0 0 -1.71694e-12 1.17822e-09 0 0 0 
Cov(6,j) 0 0 0 0 0 0 4.05232e-07 0 0 
Cov(7,j) 0 0 0 0 0 0 0 4.50686e-07 0 
Cov(8,j) 0 0 0 0 0 0 0 0 0.00381102 
EmittanceX 0
EmittanceY 0
BetaStar 0
