Runnumber 353015
BeginTimeOfFit 2022.06.04 04:10:08 GMT 1654315808
EndTimeOfFit 2022.06.04 04:10:31 GMT 1654315831
LumiRange 66 - 66
Type 2
X0 0.177687
Y0 -0.17977
Z0 -0.00617976
sigmaZ0 6.20261
dxdz 7.93083e-05
dydz 0.000184909
BeamWidthX 0.0141911
BeamWidthY 0.014661
dxdy -0.0367663
Cov(0,j) 2.52488e-08 -4.73402e-11 0 0 0 0 0 0 0 
Cov(1,j) -4.73402e-11 2.49766e-08 0 0 0 0 0 0 0 
Cov(2,j) 0 0 0.0874345 0 0 0 0 0 0 
Cov(3,j) 0 0 0 0.0437143 0 0 0 0 0 
Cov(4,j) 0 0 0 0 6.39191e-10 7.14499e-12 0 0 0 
Cov(5,j) 0 0 0 0 7.14499e-12 6.39505e-10 0 0 0 
Cov(6,j) 0 0 0 0 0 0 2.46204e-07 0 0 
Cov(7,j) 0 0 0 0 0 0 0 2.59462e-07 0 
Cov(8,j) 0 0 0 0 0 0 0 0 0.00241255 
EmittanceX 0
EmittanceY 0
BetaStar 0
