Runnumber 353018
BeginTimeOfFit 2022.06.04 09:03:05 GMT 1654333385
EndTimeOfFit 2022.06.04 09:03:28 GMT 1654333408
LumiRange 410 - 410
Type 2
X0 0.174363
Y0 -0.251222
Z0 0.723456
sigmaZ0 7.19483
dxdz 0.000167153
dydz 0.000225433
BeamWidthX 0.0140912
BeamWidthY 0.0148277
dxdy 0.156643
Cov(0,j) 4.24465e-08 1.00314e-10 0 0 0 0 0 0 0 
Cov(1,j) 1.00314e-10 4.15237e-08 0 0 0 0 0 0 0 
Cov(2,j) 0 0 0.231077 0 0 0 0 0 0 
Cov(3,j) 0 0 0 0.11552 0 0 0 0 0 
Cov(4,j) 0 0 0 0 8.03133e-10 2.54943e-12 0 0 0 
Cov(5,j) 0 0 0 0 2.54943e-12 7.77603e-10 0 0 0 
Cov(6,j) 0 0 0 0 0 0 4.75688e-07 0 0 
Cov(7,j) 0 0 0 0 0 0 0 5.26441e-07 0 
Cov(8,j) 0 0 0 0 0 0 0 0 0.00456105 
EmittanceX 0
EmittanceY 0
BetaStar 0
