Runnumber 352505
BeginTimeOfFit 2022.05.28 09:37:39 GMT 1653730659
EndTimeOfFit 2022.05.28 09:38:03 GMT 1653730683
LumiRange 45 - 45
Type 2
X0 0.170305
Y0 -0.181706
Z0 -0.159931
sigmaZ0 7.1729
dxdz 0.000150688
dydz 0.0001519
BeamWidthX 0.0164306
BeamWidthY 0.0174886
dxdy 0.00630242
Cov(0,j) 6.91747e-08 5.45767e-10 0 0 0 0 0 0 0 
Cov(1,j) 5.45767e-10 6.67762e-08 0 0 0 0 0 0 0 
Cov(2,j) 0 0 0.234914 0 0 0 0 0 0 
Cov(3,j) 0 0 0 0.117438 0 0 0 0 0 
Cov(4,j) 0 0 0 0 1.24604e-09 6.25362e-12 0 0 0 
Cov(5,j) 0 0 0 0 6.25362e-12 1.21231e-09 0 0 0 
Cov(6,j) 0 0 0 0 0 0 6.58295e-07 0 0 
Cov(7,j) 0 0 0 0 0 0 0 7.32887e-07 0 
Cov(8,j) 0 0 0 0 0 0 0 0 0.00479886 
EmittanceX 0
EmittanceY 0
BetaStar 0
