Runnumber 353689
BeginTimeOfFit 2022.06.13 08:21:07 GMT 1655108467
EndTimeOfFit 2022.06.13 08:21:30 GMT 1655108490
LumiRange 63 - 63
Type 2
X0 0.172174
Y0 -0.181633
Z0 0.969954
sigmaZ0 5.69081
dxdz 0.000183642
dydz 0.000174082
BeamWidthX 0.0140592
BeamWidthY 0.0153825
dxdy -0.0194965
Cov(0,j) 3.70127e-08 -6.27634e-10 0 0 0 0 0 0 0 
Cov(1,j) -6.27634e-10 3.69785e-08 0 0 0 0 0 0 0 
Cov(2,j) 0 0 0.0941402 0 0 0 0 0 0 
Cov(3,j) 0 0 0 0.0470665 0 0 0 0 0 
Cov(4,j) 0 0 0 0 9.96255e-10 -2.14243e-11 0 0 0 
Cov(5,j) 0 0 0 0 -2.14243e-11 1.00737e-09 0 0 0 
Cov(6,j) 0 0 0 0 0 0 3.07114e-07 0 0 
Cov(7,j) 0 0 0 0 0 0 0 3.65709e-07 0 
Cov(8,j) 0 0 0 0 0 0 0 0 0.00310201 
EmittanceX 0
EmittanceY 0
BetaStar 0
