Runnumber 353015
BeginTimeOfFit 2022.06.04 05:30:56 GMT 1654320656
EndTimeOfFit 2022.06.04 05:31:20 GMT 1654320680
LumiRange 274 - 274
Type 2
X0 0.175486
Y0 -0.177572
Z0 0.447318
sigmaZ0 6.92414
dxdz 0.000165844
dydz 0.000250143
BeamWidthX 0.0154455
BeamWidthY 0.0154276
dxdy -0.018394
Cov(0,j) 3.67228e-08 3.36464e-10 0 0 0 0 0 0 0 
Cov(1,j) 3.36464e-10 3.58311e-08 0 0 0 0 0 0 0 
Cov(2,j) 0 0 0.150286 0 0 0 0 0 0 
Cov(3,j) 0 0 0 0.0751352 0 0 0 0 0 
Cov(4,j) 0 0 0 0 7.35209e-10 6.67438e-12 0 0 0 
Cov(5,j) 0 0 0 0 6.67438e-12 7.24698e-10 0 0 0 
Cov(6,j) 0 0 0 0 0 0 4.00861e-07 0 0 
Cov(7,j) 0 0 0 0 0 0 0 3.99614e-07 0 
Cov(8,j) 0 0 0 0 0 0 0 0 0.00334167 
EmittanceX 0
EmittanceY 0
BetaStar 0
