Runnumber 353015
BeginTimeOfFit 2022.06.04 05:24:20 GMT 1654320260
EndTimeOfFit 2022.06.04 05:24:43 GMT 1654320283
LumiRange 257 - 257
Type 2
X0 0.176241
Y0 -0.178721
Z0 -0.196028
sigmaZ0 7.08067
dxdz 6.77763e-05
dydz 0.000218463
BeamWidthX 0.0150686
BeamWidthY 0.0153338
dxdy 0.0242964
Cov(0,j) 3.53553e-08 -3.44742e-11 0 0 0 0 0 0 0 
Cov(1,j) -3.44742e-11 3.44582e-08 0 0 0 0 0 0 0 
Cov(2,j) 0 0 0.140037 0 0 0 0 0 0 
Cov(3,j) 0 0 0 0.0700123 0 0 0 0 0 
Cov(4,j) 0 0 0 0 7.21183e-10 -2.58129e-12 0 0 0 
Cov(5,j) 0 0 0 0 -2.58129e-12 6.77634e-10 0 0 0 
Cov(6,j) 0 0 0 0 0 0 3.37303e-07 0 0 
Cov(7,j) 0 0 0 0 0 0 0 3.4932e-07 0 
Cov(8,j) 0 0 0 0 0 0 0 0 0.00296897 
EmittanceX 0
EmittanceY 0
BetaStar 0
