Runnumber 352931
BeginTimeOfFit 2022.06.03 12:43:00 GMT 1654260180
EndTimeOfFit 2022.06.03 12:43:23 GMT 1654260203
LumiRange 193 - 193
Type 2
X0 0.168567
Y0 -0.181439
Z0 0.650397
sigmaZ0 7.81629
dxdz 0.000176416
dydz 0.000223139
BeamWidthX 0.0174331
BeamWidthY 0.0170382
dxdy 0.049823
Cov(0,j) 1.49719e-07 7.12593e-10 0 0 0 0 0 0 0 
Cov(1,j) 7.12593e-10 1.4385e-07 0 0 0 0 0 0 0 
Cov(2,j) 0 0 0.560384 0 0 0 0 0 0 
Cov(3,j) 0 0 0 0.280099 0 0 0 0 0 
Cov(4,j) 0 0 0 0 2.65407e-09 9.13028e-11 0 0 0 
Cov(5,j) 0 0 0 0 9.13028e-11 2.52593e-09 0 0 0 
Cov(6,j) 0 0 0 0 0 0 1.48081e-06 0 0 
Cov(7,j) 0 0 0 0 0 0 0 1.41729e-06 0 
Cov(8,j) 0 0 0 0 0 0 0 0 0.00961463 
EmittanceX 0
EmittanceY 0
BetaStar 0
