Runnumber 352425
BeginTimeOfFit 2022.05.27 10:10:12 GMT 1653646212
EndTimeOfFit 2022.05.27 10:10:36 GMT 1653646236
LumiRange 133 - 133
Type 2
X0 0.17045
Y0 -0.182003
Z0 -0.0615716
sigmaZ0 6.12577
dxdz 0.000170625
dydz 0.000169327
BeamWidthX 0.0140864
BeamWidthY 0.0148784
dxdy 0.171048
Cov(0,j) 9.05272e-08 1.41895e-09 0 0 0 0 0 0 0 
Cov(1,j) 1.41895e-09 8.82738e-08 0 0 0 0 0 0 0 
Cov(2,j) 0 0 0.335004 0 0 0 0 0 0 
Cov(3,j) 0 0 0 0.167459 0 0 0 0 0 
Cov(4,j) 0 0 0 0 1.93033e-09 2.24633e-11 0 0 0 
Cov(5,j) 0 0 0 0 2.24633e-11 1.89918e-09 0 0 0 
Cov(6,j) 0 0 0 0 0 0 9.59701e-07 0 0 
Cov(7,j) 0 0 0 0 0 0 0 1.04958e-06 0 
Cov(8,j) 0 0 0 0 0 0 0 0 0.00896755 
EmittanceX 0
EmittanceY 0
BetaStar 0
