Runnumber 352509
BeginTimeOfFit 2022.05.28 12:12:34 GMT 1653739954
EndTimeOfFit 2022.05.28 12:12:57 GMT 1653739977
LumiRange 247 - 247
Type 2
X0 0.170465
Y0 -0.181116
Z0 0.368387
sigmaZ0 7.5807
dxdz 0.000217977
dydz 0.000168545
BeamWidthX 0.0155569
BeamWidthY 0.0195091
dxdy 0.0100881
Cov(0,j) 1.00844e-07 -3.56666e-10 0 0 0 0 0 0 0 
Cov(1,j) -3.56666e-10 1.01694e-07 0 0 0 0 0 0 0 
Cov(2,j) 0 0 0.339999 0 0 0 0 0 0 
Cov(3,j) 0 0 0 0.169965 0 0 0 0 0 
Cov(4,j) 0 0 0 0 1.71417e-09 -1.57454e-13 0 0 0 
Cov(5,j) 0 0 0 0 -1.57454e-13 1.78612e-09 0 0 0 
Cov(6,j) 0 0 0 0 0 0 7.55742e-07 0 0 
Cov(7,j) 0 0 0 0 0 0 0 1.16836e-06 0 
Cov(8,j) 0 0 0 0 0 0 0 0 0.00619044 
EmittanceX 0
EmittanceY 0
BetaStar 0
