Runnumber 352568
BeginTimeOfFit 2022.05.29 10:43:50 GMT 1653821030
EndTimeOfFit 2022.05.29 10:44:13 GMT 1653821053
LumiRange 501 - 501
Type 2
X0 0.176155
Y0 -0.181847
Z0 0.0897178
sigmaZ0 6.67928
dxdz 0.000229341
dydz 0.000243195
BeamWidthX 0.0155471
BeamWidthY 0.0159594
dxdy 0.122151
Cov(0,j) 7.87786e-08 8.34075e-10 0 0 0 0 0 0 0 
Cov(1,j) 8.34075e-10 7.90545e-08 0 0 0 0 0 0 0 
Cov(2,j) 0 0 0.267116 0 0 0 0 0 0 
Cov(3,j) 0 0 0 0.133533 0 0 0 0 0 
Cov(4,j) 0 0 0 0 1.76496e-09 1.34158e-11 0 0 0 
Cov(5,j) 0 0 0 0 1.34158e-11 1.7697e-09 0 0 0 
Cov(6,j) 0 0 0 0 0 0 7.69669e-07 0 0 
Cov(7,j) 0 0 0 0 0 0 0 8.01296e-07 0 
Cov(8,j) 0 0 0 0 0 0 0 0 0.00614539 
EmittanceX 0
EmittanceY 0
BetaStar 0
