Runnumber 352568
BeginTimeOfFit 2022.05.29 08:55:50 GMT 1653814550
EndTimeOfFit 2022.05.29 08:56:13 GMT 1653814573
LumiRange 223 - 223
Type 2
X0 0.176281
Y0 -0.18223
Z0 -0.406205
sigmaZ0 6.25477
dxdz -3.86144e-05
dydz 0.000195349
BeamWidthX 0.0140236
BeamWidthY 0.0172527
dxdy -0.0465417
Cov(0,j) 7.12622e-08 1.38724e-09 0 0 0 0 0 0 0 
Cov(1,j) 1.38724e-09 6.91328e-08 0 0 0 0 0 0 0 
Cov(2,j) 0 0 0.194624 0 0 0 0 0 0 
Cov(3,j) 0 0 0 0.0972977 0 0 0 0 0 
Cov(4,j) 0 0 0 0 1.63496e-09 5.56726e-11 0 0 0 
Cov(5,j) 0 0 0 0 5.56726e-11 1.64154e-09 0 0 0 
Cov(6,j) 0 0 0 0 0 0 5.33395e-07 0 0 
Cov(7,j) 0 0 0 0 0 0 0 7.77928e-07 0 
Cov(8,j) 0 0 0 0 0 0 0 0 0.00528037 
EmittanceX 0
EmittanceY 0
BetaStar 0
