Runnumber 353018
BeginTimeOfFit 2022.06.04 09:07:21 GMT 1654333641
EndTimeOfFit 2022.06.04 09:07:44 GMT 1654333664
LumiRange 421 - 421
Type 2
X0 0.174541
Y0 -0.180677
Z0 0.26927
sigmaZ0 6.93452
dxdz 6.01384e-05
dydz 0.000202148
BeamWidthX 0.0165056
BeamWidthY 0.0163041
dxdy -0.0912806
Cov(0,j) 5.40871e-08 -1.95204e-10 0 0 0 0 0 0 0 
Cov(1,j) -1.95204e-10 5.27397e-08 0 0 0 0 0 0 0 
Cov(2,j) 0 0 0.186373 0 0 0 0 0 0 
Cov(3,j) 0 0 0 0.0931748 0 0 0 0 0 
Cov(4,j) 0 0 0 0 1.06375e-09 -6.52164e-12 0 0 0 
Cov(5,j) 0 0 0 0 -6.52164e-12 1.02834e-09 0 0 0 
Cov(6,j) 0 0 0 0 0 0 5.55839e-07 0 0 
Cov(7,j) 0 0 0 0 0 0 0 5.46293e-07 0 
Cov(8,j) 0 0 0 0 0 0 0 0 0.00402765 
EmittanceX 0
EmittanceY 0
BetaStar 0
