Runnumber 352567
BeginTimeOfFit 2022.05.29 06:39:50 GMT 1653806390
EndTimeOfFit 2022.05.29 06:40:13 GMT 1653806413
LumiRange 1 - 1
Type 2
X0 0.17649
Y0 -0.18167
Z0 0.423195
sigmaZ0 6.21083
dxdz 0.000187418
dydz 0.000165643
BeamWidthX 0.0134773
BeamWidthY 0.0137937
dxdy -0.00041658
Cov(0,j) 4.61423e-08 2.98271e-10 0 0 0 0 0 0 0 
Cov(1,j) 2.98271e-10 4.51418e-08 0 0 0 0 0 0 0 
Cov(2,j) 0 0 0.15186 0 0 0 0 0 0 
Cov(3,j) 0 0 0 0.0759214 0 0 0 0 0 
Cov(4,j) 0 0 0 0 1.14183e-09 9.69198e-12 0 0 0 
Cov(5,j) 0 0 0 0 9.69198e-12 1.13839e-09 0 0 0 
Cov(6,j) 0 0 0 0 0 0 3.89049e-07 0 0 
Cov(7,j) 0 0 0 0 0 0 0 4.07392e-07 0 
Cov(8,j) 0 0 0 0 0 0 0 0 0.00426304 
EmittanceX 0
EmittanceY 0
BetaStar 0
