Runnumber 353015
BeginTimeOfFit 2022.06.04 05:01:48 GMT 1654318908
EndTimeOfFit 2022.06.04 05:02:11 GMT 1654318931
LumiRange 199 - 199
Type 2
X0 0.176026
Y0 -0.178135
Z0 0.856026
sigmaZ0 6.93909
dxdz 8.46353e-05
dydz 0.000185465
BeamWidthX 0.0149124
BeamWidthY 0.0140503
dxdy -0.00602497
Cov(0,j) 2.99549e-08 -3.65935e-11 0 0 0 0 0 0 0 
Cov(1,j) -3.65935e-11 2.95764e-08 0 0 0 0 0 0 0 
Cov(2,j) 0 0 0.125715 0 0 0 0 0 0 
Cov(3,j) 0 0 0 0.0628523 0 0 0 0 0 
Cov(4,j) 0 0 0 0 6.11884e-10 -5.06459e-12 0 0 0 
Cov(5,j) 0 0 0 0 -5.06459e-12 6.00539e-10 0 0 0 
Cov(6,j) 0 0 0 0 0 0 3.08152e-07 0 0 
Cov(7,j) 0 0 0 0 0 0 0 2.74895e-07 0 
Cov(8,j) 0 0 0 0 0 0 0 0 0.00277912 
EmittanceX 0
EmittanceY 0
BetaStar 0
