Runnumber 353060
BeginTimeOfFit 2022.06.05 11:24:53 GMT 1654428293
EndTimeOfFit 2022.06.05 11:25:16 GMT 1654428316
LumiRange 1043 - 1043
Type 2
X0 0.165367
Y0 -0.181346
Z0 0.359105
sigmaZ0 7.07289
dxdz 0.000276787
dydz 0.000115854
BeamWidthX 0.0169382
BeamWidthY 0.0170113
dxdy 0.0246684
Cov(0,j) 1.53047e-07 8.20338e-10 0 0 0 0 0 0 0 
Cov(1,j) 8.20338e-10 1.50912e-07 0 0 0 0 0 0 0 
Cov(2,j) 0 0 0.521003 0 0 0 0 0 0 
Cov(3,j) 0 0 0 0.260411 0 0 0 0 0 
Cov(4,j) 0 0 0 0 2.45976e-09 -3.56811e-13 0 0 0 
Cov(5,j) 0 0 0 0 -3.56811e-13 2.48326e-09 0 0 0 
Cov(6,j) 0 0 0 0 0 0 1.57138e-06 0 0 
Cov(7,j) 0 0 0 0 0 0 0 1.59279e-06 0 
Cov(8,j) 0 0 0 0 0 0 0 0 0.0109934 
EmittanceX 0
EmittanceY 0
BetaStar 0
