Runnumber 353060
BeginTimeOfFit 2022.06.05 11:54:25 GMT 1654430065
EndTimeOfFit 2022.06.05 11:54:48 GMT 1654430088
LumiRange 1119 - 1119
Type 2
X0 0.165815
Y0 -0.180307
Z0 -0.255403
sigmaZ0 8.07452
dxdz 0.00021099
dydz 0.000260632
BeamWidthX 0.0175198
BeamWidthY 0.0169121
dxdy -0.0214506
Cov(0,j) 1.62253e-07 -2.6273e-10 0 0 0 0 0 0 0 
Cov(1,j) -2.6273e-10 1.57013e-07 0 0 0 0 0 0 0 
Cov(2,j) 0 0 0.732363 0 0 0 0 0 0 
Cov(3,j) 0 0 0 0.366044 0 0 0 0 0 
Cov(4,j) 0 0 0 0 2.75037e-09 -4.44033e-11 0 0 0 
Cov(5,j) 0 0 0 0 -4.44033e-11 2.72456e-09 0 0 0 
Cov(6,j) 0 0 0 0 0 0 1.81214e-06 0 0 
Cov(7,j) 0 0 0 0 0 0 0 1.70093e-06 0 
Cov(8,j) 0 0 0 0 0 0 0 0 0.0117676 
EmittanceX 0
EmittanceY 0
BetaStar 0
