Runnumber 353706
BeginTimeOfFit 2022.06.13 10:38:50 GMT 1655116730
EndTimeOfFit 2022.06.13 10:39:14 GMT 1655116754
LumiRange 52 - 52
Type 2
X0 0.17169
Y0 -0.180889
Z0 0.362231
sigmaZ0 7.17058
dxdz 0.000136573
dydz 0.000239621
BeamWidthX 0.0171031
BeamWidthY 0.0167575
dxdy 0.0668921
Cov(0,j) 7.29897e-08 3.66062e-12 0 0 0 0 0 0 0 
Cov(1,j) 3.66062e-12 7.34585e-08 0 0 0 0 0 0 0 
Cov(2,j) 0 0 0.245993 0 0 0 0 0 0 
Cov(3,j) 0 0 0 0.122977 0 0 0 0 0 
Cov(4,j) 0 0 0 0 1.38999e-09 -1.15217e-11 0 0 0 
Cov(5,j) 0 0 0 0 -1.15217e-11 1.3951e-09 0 0 0 
Cov(6,j) 0 0 0 0 0 0 7.3492e-07 0 0 
Cov(7,j) 0 0 0 0 0 0 0 7.06704e-07 0 
Cov(8,j) 0 0 0 0 0 0 0 0 0.00496212 
EmittanceX 0
EmittanceY 0
BetaStar 0
