Runnumber 352572
BeginTimeOfFit 2022.05.29 12:05:59 GMT 1653825959
EndTimeOfFit 2022.05.29 12:06:22 GMT 1653825982
LumiRange 39 - 39
Type 2
X0 0.176931
Y0 -0.181533
Z0 0.0553994
sigmaZ0 6.34811
dxdz 6.23046e-06
dydz 0.000189378
BeamWidthX 0.0154484
BeamWidthY 0.0165529
dxdy 0.057784
Cov(0,j) 9.30215e-08 4.77409e-10 0 0 0 0 0 0 0 
Cov(1,j) 4.77409e-10 9.41629e-08 0 0 0 0 0 0 0 
Cov(2,j) 0 0 0.275989 0 0 0 0 0 0 
Cov(3,j) 0 0 0 0.137967 0 0 0 0 0 
Cov(4,j) 0 0 0 0 2.07118e-09 -5.35054e-12 0 0 0 
Cov(5,j) 0 0 0 0 -5.35054e-12 2.08869e-09 0 0 0 
Cov(6,j) 0 0 0 0 0 0 8.73646e-07 0 0 
Cov(7,j) 0 0 0 0 0 0 0 9.84672e-07 0 
Cov(8,j) 0 0 0 0 0 0 0 0 0.00720728 
EmittanceX 0
EmittanceY 0
BetaStar 0
