Runnumber 352931
BeginTimeOfFit 2022.06.03 11:41:13 GMT 1654256473
EndTimeOfFit 2022.06.03 11:41:37 GMT 1654256497
LumiRange 34 - 34
Type 2
X0 0.170367
Y0 -0.181125
Z0 0.686089
sigmaZ0 7.33582
dxdz 0.000156512
dydz 0.00022467
BeamWidthX 0.0154344
BeamWidthY 0.0169419
dxdy -0.0520264
Cov(0,j) 7.82644e-08 -2.09406e-09 0 0 0 0 0 0 0 
Cov(1,j) -2.09406e-09 7.75304e-08 0 0 0 0 0 0 0 
Cov(2,j) 0 0 0.283204 0 0 0 0 0 0 
Cov(3,j) 0 0 0 0.141576 0 0 0 0 0 
Cov(4,j) 0 0 0 0 1.36636e-09 4.1363e-12 0 0 0 
Cov(5,j) 0 0 0 0 4.1363e-12 1.34709e-09 0 0 0 
Cov(6,j) 0 0 0 0 0 0 6.69132e-07 0 0 
Cov(7,j) 0 0 0 0 0 0 0 7.95152e-07 0 
Cov(8,j) 0 0 0 0 0 0 0 0 0.00550792 
EmittanceX 0
EmittanceY 0
BetaStar 0
