Runnumber 352931
BeginTimeOfFit 2022.06.03 12:52:42 GMT 1654260762
EndTimeOfFit 2022.06.03 12:53:06 GMT 1654260786
LumiRange 218 - 218
Type 2
X0 0.168339
Y0 -0.179653
Z0 1.03519
sigmaZ0 7.97388
dxdz 0.000196682
dydz 0.000242328
BeamWidthX 0.0159527
BeamWidthY 0.0178789
dxdy 0.187134
Cov(0,j) 1.02071e-07 1.50415e-10 0 0 0 0 0 0 0 
Cov(1,j) 1.50415e-10 9.95863e-08 0 0 0 0 0 0 0 
Cov(2,j) 0 0 0.450867 0 0 0 0 0 0 
Cov(3,j) 0 0 0 0.225372 0 0 0 0 0 
Cov(4,j) 0 0 0 0 1.72831e-09 5.30711e-12 0 0 0 
Cov(5,j) 0 0 0 0 5.30711e-12 1.66582e-09 0 0 0 
Cov(6,j) 0 0 0 0 0 0 9.53559e-07 0 0 
Cov(7,j) 0 0 0 0 0 0 0 1.18598e-06 0 
Cov(8,j) 0 0 0 0 0 0 0 0 0.00696305 
EmittanceX 0
EmittanceY 0
BetaStar 0
