Runnumber 353015
BeginTimeOfFit 2022.06.04 05:25:53 GMT 1654320353
EndTimeOfFit 2022.06.04 05:26:17 GMT 1654320377
LumiRange 261 - 261
Type 2
X0 0.1754
Y0 -0.179067
Z0 -0.187509
sigmaZ0 6.99246
dxdz 0.000146215
dydz 0.000226044
BeamWidthX 0.014321
BeamWidthY 0.0160942
dxdy -0.00402767
Cov(0,j) 3.4076e-08 -3.35879e-10 0 0 0 0 0 0 0 
Cov(1,j) -3.35879e-10 3.41397e-08 0 0 0 0 0 0 0 
Cov(2,j) 0 0 0.125365 0 0 0 0 0 0 
Cov(3,j) 0 0 0 0.0626772 0 0 0 0 0 
Cov(4,j) 0 0 0 0 6.65368e-10 -2.35748e-12 0 0 0 
Cov(5,j) 0 0 0 0 -2.35748e-12 6.99039e-10 0 0 0 
Cov(6,j) 0 0 0 0 0 0 2.80189e-07 0 0 
Cov(7,j) 0 0 0 0 0 0 0 3.51201e-07 0 
Cov(8,j) 0 0 0 0 0 0 0 0 0.00272483 
EmittanceX 0
EmittanceY 0
BetaStar 0
