Runnumber 352503
BeginTimeOfFit 2022.05.28 09:02:24 GMT 1653728544
EndTimeOfFit 2022.05.28 09:02:48 GMT 1653728568
LumiRange 4 - 4
Type 2
X0 0.171124
Y0 -0.181822
Z0 -0.429689
sigmaZ0 7.05313
dxdz 0.000175041
dydz 0.000155276
BeamWidthX 0.0154385
BeamWidthY 0.0148047
dxdy 0.0804029
Cov(0,j) 5.3501e-08 7.88365e-10 0 0 0 0 0 0 0 
Cov(1,j) 7.88365e-10 5.39692e-08 0 0 0 0 0 0 0 
Cov(2,j) 0 0 0.212576 0 0 0 0 0 0 
Cov(3,j) 0 0 0 0.106273 0 0 0 0 0 
Cov(4,j) 0 0 0 0 1.00206e-09 -1.38361e-11 0 0 0 
Cov(5,j) 0 0 0 0 -1.38361e-11 1.02552e-09 0 0 0 
Cov(6,j) 0 0 0 0 0 0 5.41265e-07 0 0 
Cov(7,j) 0 0 0 0 0 0 0 4.99085e-07 0 
Cov(8,j) 0 0 0 0 0 0 0 0 0.00448026 
EmittanceX 0
EmittanceY 0
BetaStar 0
