Runnumber 352568
BeginTimeOfFit 2022.05.29 11:45:36 GMT 1653824736
EndTimeOfFit 2022.05.29 11:46:00 GMT 1653824760
LumiRange 660 - 660
Type 2
X0 0.177274
Y0 -0.181276
Z0 -0.738765
sigmaZ0 6.58886
dxdz 0.000176824
dydz 4.37568e-06
BeamWidthX 0.0134427
BeamWidthY 0.0148839
dxdy -0.0189101
Cov(0,j) 7.78069e-08 3.10028e-10 0 0 0 0 0 0 0 
Cov(1,j) 3.10028e-10 7.2519e-08 0 0 0 0 0 0 0 
Cov(2,j) 0 0 0.328848 0 0 0 0 0 0 
Cov(3,j) 0 0 0 0.164386 0 0 0 0 0 
Cov(4,j) 0 0 0 0 1.70704e-09 4.03838e-12 0 0 0 
Cov(5,j) 0 0 0 0 4.03838e-12 1.59101e-09 0 0 0 
Cov(6,j) 0 0 0 0 0 0 7.34743e-07 0 0 
Cov(7,j) 0 0 0 0 0 0 0 8.86218e-07 0 
Cov(8,j) 0 0 0 0 0 0 0 0 0.00809503 
EmittanceX 0
EmittanceY 0
BetaStar 0
