Runnumber 352931
BeginTimeOfFit 2022.06.03 12:28:37 GMT 1654259317
EndTimeOfFit 2022.06.03 12:29:01 GMT 1654259341
LumiRange 156 - 156
Type 2
X0 0.168884
Y0 -0.181074
Z0 0.501656
sigmaZ0 6.72257
dxdz 0.000124228
dydz 0.000262056
BeamWidthX 0.0155595
BeamWidthY 0.0173501
dxdy 0.0474365
Cov(0,j) 9.11219e-08 7.36313e-10 0 0 0 0 0 0 0 
Cov(1,j) 7.36313e-10 8.8585e-08 0 0 0 0 0 0 0 
Cov(2,j) 0 0 0.289667 0 0 0 0 0 0 
Cov(3,j) 0 0 0 0.144805 0 0 0 0 0 
Cov(4,j) 0 0 0 0 1.61553e-09 3.07264e-12 0 0 0 
Cov(5,j) 0 0 0 0 3.07264e-12 1.58315e-09 0 0 0 
Cov(6,j) 0 0 0 0 0 0 8.23374e-07 0 0 
Cov(7,j) 0 0 0 0 0 0 0 1.01396e-06 0 
Cov(8,j) 0 0 0 0 0 0 0 0 0.00674843 
EmittanceX 0
EmittanceY 0
BetaStar 0
