Runnumber 352572
BeginTimeOfFit 2022.05.29 12:01:19 GMT 1653825679
EndTimeOfFit 2022.05.29 12:01:42 GMT 1653825702
LumiRange 27 - 27
Type 2
X0 0.176399
Y0 -0.181555
Z0 0.193398
sigmaZ0 6.61275
dxdz 0.000191305
dydz 0.000206453
BeamWidthX 0.0158183
BeamWidthY 0.0179685
dxdy 0.0494891
Cov(0,j) 1.00833e-07 7.51504e-10 0 0 0 0 0 0 0 
Cov(1,j) 7.51504e-10 9.90158e-08 0 0 0 0 0 0 0 
Cov(2,j) 0 0 0.269903 0 0 0 0 0 0 
Cov(3,j) 0 0 0 0.134917 0 0 0 0 0 
Cov(4,j) 0 0 0 0 2.2224e-09 1.05801e-11 0 0 0 
Cov(5,j) 0 0 0 0 1.05801e-11 2.21849e-09 0 0 0 
Cov(6,j) 0 0 0 0 0 0 8.14378e-07 0 0 
Cov(7,j) 0 0 0 0 0 0 0 1.03967e-06 0 
Cov(8,j) 0 0 0 0 0 0 0 0 0.00640677 
EmittanceX 0
EmittanceY 0
BetaStar 0
