Runnumber 352425
BeginTimeOfFit 2022.05.27 10:19:08 GMT 1653646748
EndTimeOfFit 2022.05.27 10:19:32 GMT 1653646772
LumiRange 156 - 156
Type 2
X0 0.168248
Y0 -0.181721
Z0 -0.430157
sigmaZ0 7.86066
dxdz 0.000135392
dydz 0.000268817
BeamWidthX 0.0147644
BeamWidthY 0.0174395
dxdy -0.204576
Cov(0,j) 1.07055e-07 -1.35794e-09 0 0 0 0 0 0 0 
Cov(1,j) -1.35794e-09 1.0469e-07 0 0 0 0 0 0 0 
Cov(2,j) 0 0 0.486448 0 0 0 0 0 0 
Cov(3,j) 0 0 0 0.243156 0 0 0 0 0 
Cov(4,j) 0 0 0 0 1.85608e-09 -9.33669e-11 0 0 0 
Cov(5,j) 0 0 0 0 -9.33669e-11 1.94128e-09 0 0 0 
Cov(6,j) 0 0 0 0 0 0 9.14713e-07 0 0 
Cov(7,j) 0 0 0 0 0 0 0 1.27864e-06 0 
Cov(8,j) 0 0 0 0 0 0 0 0 0.00777771 
EmittanceX 0
EmittanceY 0
BetaStar 0
