Runnumber 353087
BeginTimeOfFit 2022.06.05 14:55:06 GMT 1654440906
EndTimeOfFit 2022.06.05 14:55:30 GMT 1654440930
LumiRange 16 - 16
Type 2
X0 0.171639
Y0 -0.179476
Z0 -1.14028
sigmaZ0 6.27479
dxdz 0.000141791
dydz 0.000270988
BeamWidthX 0.0135263
BeamWidthY 0.0141491
dxdy -0.0882479
Cov(0,j) 4.65964e-08 5.81135e-11 0 0 0 0 0 0 0 
Cov(1,j) 5.81135e-11 4.50093e-08 0 0 0 0 0 0 0 
Cov(2,j) 0 0 0.191118 0 0 0 0 0 0 
Cov(3,j) 0 0 0 0.0955469 0 0 0 0 0 
Cov(4,j) 0 0 0 0 1.05225e-09 2.5793e-11 0 0 0 
Cov(5,j) 0 0 0 0 2.5793e-11 1.00991e-09 0 0 0 
Cov(6,j) 0 0 0 0 0 0 4.76831e-07 0 0 
Cov(7,j) 0 0 0 0 0 0 0 5.21621e-07 0 
Cov(8,j) 0 0 0 0 0 0 0 0 0.00512344 
EmittanceX 0
EmittanceY 0
BetaStar 0
