Runnumber 352931
BeginTimeOfFit 2022.06.03 12:20:04 GMT 1654258804
EndTimeOfFit 2022.06.03 12:20:28 GMT 1654258828
LumiRange 134 - 134
Type 2
X0 0.169265
Y0 -0.180921
Z0 -0.784414
sigmaZ0 7.21375
dxdz 0.000201474
dydz 0.00016066
BeamWidthX 0.0150659
BeamWidthY 0.016269
dxdy 0.0589526
Cov(0,j) 8.15274e-08 -7.35835e-10 0 0 0 0 0 0 0 
Cov(1,j) -7.35835e-10 7.82563e-08 0 0 0 0 0 0 0 
Cov(2,j) 0 0 0.287474 0 0 0 0 0 0 
Cov(3,j) 0 0 0 0.14371 0 0 0 0 0 
Cov(4,j) 0 0 0 0 1.36699e-09 -3.05277e-11 0 0 0 
Cov(5,j) 0 0 0 0 -3.05277e-11 1.32968e-09 0 0 0 
Cov(6,j) 0 0 0 0 0 0 6.71145e-07 0 0 
Cov(7,j) 0 0 0 0 0 0 0 7.73015e-07 0 
Cov(8,j) 0 0 0 0 0 0 0 0 0.00581815 
EmittanceX 0
EmittanceY 0
BetaStar 0
