Runnumber 352568
BeginTimeOfFit 2022.05.29 09:54:06 GMT 1653818046
EndTimeOfFit 2022.05.29 09:54:29 GMT 1653818069
LumiRange 373 - 373
Type 2
X0 0.177159
Y0 -0.181462
Z0 0.400591
sigmaZ0 6.82658
dxdz 0.000191641
dydz 0.000305026
BeamWidthX 0.0141907
BeamWidthY 0.0150612
dxdy -0.0102728
Cov(0,j) 6.54452e-08 4.10966e-10 0 0 0 0 0 0 0 
Cov(1,j) 4.10966e-10 6.46132e-08 0 0 0 0 0 0 0 
Cov(2,j) 0 0 0.243969 0 0 0 0 0 0 
Cov(3,j) 0 0 0 0.121964 0 0 0 0 0 
Cov(4,j) 0 0 0 0 1.49532e-09 1.87608e-11 0 0 0 
Cov(5,j) 0 0 0 0 1.87608e-11 1.50629e-09 0 0 0 
Cov(6,j) 0 0 0 0 0 0 5.66153e-07 0 0 
Cov(7,j) 0 0 0 0 0 0 0 6.34177e-07 0 
Cov(8,j) 0 0 0 0 0 0 0 0 0.00555801 
EmittanceX 0
EmittanceY 0
BetaStar 0
