Runnumber 352568
BeginTimeOfFit 2022.05.29 08:23:11 GMT 1653812591
EndTimeOfFit 2022.05.29 08:23:35 GMT 1653812615
LumiRange 139 - 139
Type 2
X0 0.176857
Y0 -0.182486
Z0 -1.47036
sigmaZ0 6.83611
dxdz 0.000151641
dydz 0.000295311
BeamWidthX 0.0142983
BeamWidthY 0.0142506
dxdy -0.0740403
Cov(0,j) 5.3898e-08 1.33653e-09 0 0 0 0 0 0 0 
Cov(1,j) 1.33653e-09 5.46803e-08 0 0 0 0 0 0 0 
Cov(2,j) 0 0 0.2372 0 0 0 0 0 0 
Cov(3,j) 0 0 0 0.11858 0 0 0 0 0 
Cov(4,j) 0 0 0 0 1.04014e-09 3.44842e-11 0 0 0 
Cov(5,j) 0 0 0 0 3.44842e-11 1.05374e-09 0 0 0 
Cov(6,j) 0 0 0 0 0 0 5.54465e-07 0 0 
Cov(7,j) 0 0 0 0 0 0 0 5.53005e-07 0 
Cov(8,j) 0 0 0 0 0 0 0 0 0.00534133 
EmittanceX 0
EmittanceY 0
BetaStar 0
