Runnumber 353060
BeginTimeOfFit 2022.06.05 12:39:52 GMT 1654432792
EndTimeOfFit 2022.06.05 12:40:15 GMT 1654432815
LumiRange 1236 - 1236
Type 2
X0 0.165738
Y0 -0.180199
Z0 1.18745
sigmaZ0 6.11717
dxdz 0.000137461
dydz 0.000192331
BeamWidthX 0.0170845
BeamWidthY 0.019164
dxdy -0.0970542
Cov(0,j) 2.12242e-07 -2.39313e-09 0 0 0 0 0 0 0 
Cov(1,j) -2.39313e-09 2.02509e-07 0 0 0 0 0 0 0 
Cov(2,j) 0 0 0.603411 0 0 0 0 0 0 
Cov(3,j) 0 0 0 0.301567 0 0 0 0 0 
Cov(4,j) 0 0 0 0 4.00888e-09 -3.04073e-11 0 0 0 
Cov(5,j) 0 0 0 0 -3.04073e-11 3.8013e-09 0 0 0 
Cov(6,j) 0 0 0 0 0 0 2.47837e-06 0 0 
Cov(7,j) 0 0 0 0 0 0 0 3.09462e-06 0 
Cov(8,j) 0 0 0 0 0 0 0 0 0.016494 
EmittanceX 0
EmittanceY 0
BetaStar 0
