Runnumber 353087
BeginTimeOfFit 2022.06.05 16:17:28 GMT 1654445848
EndTimeOfFit 2022.06.05 16:17:52 GMT 1654445872
LumiRange 228 - 228
Type 2
X0 0.173034
Y0 -0.181547
Z0 0.389066
sigmaZ0 7.36598
dxdz 0.000167639
dydz 0.000244978
BeamWidthX 0.0130708
BeamWidthY 0.0144587
dxdy 0.0246215
Cov(0,j) 4.00787e-08 -6.70413e-11 0 0 0 0 0 0 0 
Cov(1,j) -6.70413e-11 3.96631e-08 0 0 0 0 0 0 0 
Cov(2,j) 0 0 0.185801 0 0 0 0 0 0 
Cov(3,j) 0 0 0 0.0928892 0 0 0 0 0 
Cov(4,j) 0 0 0 0 7.50144e-10 -3.39222e-12 0 0 0 
Cov(5,j) 0 0 0 0 -3.39222e-12 7.51445e-10 0 0 0 
Cov(6,j) 0 0 0 0 0 0 3.16408e-07 0 0 
Cov(7,j) 0 0 0 0 0 0 0 3.8282e-07 0 
Cov(8,j) 0 0 0 0 0 0 0 0 0.00367653 
EmittanceX 0
EmittanceY 0
BetaStar 0
