Runnumber 352568
BeginTimeOfFit 2022.05.29 10:15:28 GMT 1653819328
EndTimeOfFit 2022.05.29 10:15:52 GMT 1653819352
LumiRange 428 - 428
Type 2
X0 0.176996
Y0 -0.182162
Z0 -0.0456675
sigmaZ0 5.92676
dxdz 0.000147277
dydz 0.000201515
BeamWidthX 0.0142084
BeamWidthY 0.0151948
dxdy -0.092703
Cov(0,j) 6.75642e-08 1.33351e-09 0 0 0 0 0 0 0 
Cov(1,j) 1.33351e-09 6.5734e-08 0 0 0 0 0 0 0 
Cov(2,j) 0 0 0.200708 0 0 0 0 0 0 
Cov(3,j) 0 0 0 0.100338 0 0 0 0 0 
Cov(4,j) 0 0 0 0 1.58839e-09 6.99296e-12 0 0 0 
Cov(5,j) 0 0 0 0 6.99296e-12 1.52446e-09 0 0 0 
Cov(6,j) 0 0 0 0 0 0 6.19105e-07 0 0 
Cov(7,j) 0 0 0 0 0 0 0 7.01213e-07 0 
Cov(8,j) 0 0 0 0 0 0 0 0 0.00597604 
EmittanceX 0
EmittanceY 0
BetaStar 0
