Runnumber 353689
BeginTimeOfFit 2022.06.13 08:38:36 GMT 1655109516
EndTimeOfFit 2022.06.13 08:38:59 GMT 1655109539
LumiRange 108 - 108
Type 2
X0 0.171833
Y0 -0.181536
Z0 0.759802
sigmaZ0 6.27447
dxdz 0.000115526
dydz 0.000269414
BeamWidthX 0.0148568
BeamWidthY 0.015811
dxdy -0.0541427
Cov(0,j) 4.43793e-08 -5.54879e-10 0 0 0 0 0 0 0 
Cov(1,j) -5.54879e-10 4.3871e-08 0 0 0 0 0 0 0 
Cov(2,j) 0 0 0.132549 0 0 0 0 0 0 
Cov(3,j) 0 0 0 0.0662681 0 0 0 0 0 
Cov(4,j) 0 0 0 0 1.10539e-09 -2.70497e-11 0 0 0 
Cov(5,j) 0 0 0 0 -2.70497e-11 1.11021e-09 0 0 0 
Cov(6,j) 0 0 0 0 0 0 3.9523e-07 0 0 
Cov(7,j) 0 0 0 0 0 0 0 4.47662e-07 0 
Cov(8,j) 0 0 0 0 0 0 0 0 0.00355627 
EmittanceX 0
EmittanceY 0
BetaStar 0
