Runnumber 352509
BeginTimeOfFit 2022.05.28 11:05:45 GMT 1653735945
EndTimeOfFit 2022.05.28 11:06:08 GMT 1653735968
LumiRange 75 - 75
Type 2
X0 0.170026
Y0 -0.18081
Z0 0.324962
sigmaZ0 7.27387
dxdz 4.07238e-05
dydz 0.000237232
BeamWidthX 0.0162734
BeamWidthY 0.0169212
dxdy 0.0497948
Cov(0,j) 7.96415e-08 6.32418e-10 0 0 0 0 0 0 0 
Cov(1,j) 6.32418e-10 8.0164e-08 0 0 0 0 0 0 0 
Cov(2,j) 0 0 0.274113 0 0 0 0 0 0 
Cov(3,j) 0 0 0 0.137032 0 0 0 0 0 
Cov(4,j) 0 0 0 0 1.36237e-09 4.60595e-12 0 0 0 
Cov(5,j) 0 0 0 0 4.60595e-12 1.40045e-09 0 0 0 
Cov(6,j) 0 0 0 0 0 0 7.27402e-07 0 0 
Cov(7,j) 0 0 0 0 0 0 0 7.80023e-07 0 
Cov(8,j) 0 0 0 0 0 0 0 0 0.00543801 
EmittanceX 0
EmittanceY 0
BetaStar 0
