Runnumber 352499
BeginTimeOfFit 2022.05.28 08:23:27 GMT 1653726207
EndTimeOfFit 2022.05.28 08:23:50 GMT 1653726230
LumiRange 5 - 5
Type 2
X0 0.169489
Y0 -0.182567
Z0 -0.331035
sigmaZ0 7.45496
dxdz 0.000120096
dydz 0.000176875
BeamWidthX 0.0154108
BeamWidthY 0.013853
dxdy 0.00292846
Cov(0,j) 4.49217e-08 1.06779e-09 0 0 0 0 0 0 0 
Cov(1,j) 1.06779e-09 4.55726e-08 0 0 0 0 0 0 0 
Cov(2,j) 0 0 0.22869 0 0 0 0 0 0 
Cov(3,j) 0 0 0 0.114329 0 0 0 0 0 
Cov(4,j) 0 0 0 0 8.47678e-10 1.68768e-11 0 0 0 
Cov(5,j) 0 0 0 0 1.68768e-11 8.58457e-10 0 0 0 
Cov(6,j) 0 0 0 0 0 0 5.18169e-07 0 0 
Cov(7,j) 0 0 0 0 0 0 0 4.26752e-07 0 
Cov(8,j) 0 0 0 0 0 0 0 0 0.0043971 
EmittanceX 0
EmittanceY 0
BetaStar 0
