Runnumber 352564
BeginTimeOfFit 2022.05.29 06:24:07 GMT 1653805447
EndTimeOfFit 2022.05.29 06:24:30 GMT 1653805470
LumiRange 37 - 37
Type 2
X0 0.175263
Y0 -0.181477
Z0 0.426639
sigmaZ0 6.11498
dxdz 0.000124169
dydz 0.000213126
BeamWidthX 0.0132533
BeamWidthY 0.0134412
dxdy 0.0529609
Cov(0,j) 3.1403e-08 5.08896e-10 0 0 0 0 0 0 0 
Cov(1,j) 5.08896e-10 3.09641e-08 0 0 0 0 0 0 0 
Cov(2,j) 0 0 0.118327 0 0 0 0 0 0 
Cov(3,j) 0 0 0 0.0591581 0 0 0 0 0 
Cov(4,j) 0 0 0 0 7.99953e-10 -4.97041e-12 0 0 0 
Cov(5,j) 0 0 0 0 -4.97041e-12 7.8323e-10 0 0 0 
Cov(6,j) 0 0 0 0 0 0 3.02309e-07 0 0 
Cov(7,j) 0 0 0 0 0 0 0 3.09385e-07 0 
Cov(8,j) 0 0 0 0 0 0 0 0 0.00342488 
EmittanceX 0
EmittanceY 0
BetaStar 0
