Runnumber 352493
BeginTimeOfFit 2022.05.28 07:07:32 GMT 1653721652
EndTimeOfFit 2022.05.28 07:07:56 GMT 1653721676
LumiRange 129 - 129
Type 2
X0 0.169861
Y0 -0.181734
Z0 0.311019
sigmaZ0 6.64815
dxdz 0.000174602
dydz 0.000243582
BeamWidthX 0.0142481
BeamWidthY 0.0134031
dxdy 0.0249427
Cov(0,j) 3.45601e-08 2.25408e-10 0 0 0 0 0 0 0 
Cov(1,j) 2.25408e-10 3.3598e-08 0 0 0 0 0 0 0 
Cov(2,j) 0 0 0.147811 0 0 0 0 0 0 
Cov(3,j) 0 0 0 0.0738986 0 0 0 0 0 
Cov(4,j) 0 0 0 0 8.08987e-10 1.17399e-11 0 0 0 
Cov(5,j) 0 0 0 0 1.17399e-11 7.77495e-10 0 0 0 
Cov(6,j) 0 0 0 0 0 0 3.63151e-07 0 0 
Cov(7,j) 0 0 0 0 0 0 0 3.23716e-07 0 
Cov(8,j) 0 0 0 0 0 0 0 0 0.00356766 
EmittanceX 0
EmittanceY 0
BetaStar 0
