Runnumber 352567
BeginTimeOfFit 2022.05.29 07:08:35 GMT 1653808115
EndTimeOfFit 2022.05.29 07:08:58 GMT 1653808138
LumiRange 75 - 75
Type 2
X0 0.177032
Y0 -0.181828
Z0 -0.273393
sigmaZ0 6.09851
dxdz 0.000104143
dydz 0.00029333
BeamWidthX 0.0135593
BeamWidthY 0.0148213
dxdy -0.0417338
Cov(0,j) 4.13891e-08 7.75803e-11 0 0 0 0 0 0 0 
Cov(1,j) 7.75803e-11 4.11844e-08 0 0 0 0 0 0 0 
Cov(2,j) 0 0 0.128242 0 0 0 0 0 0 
Cov(3,j) 0 0 0 0.0641154 0 0 0 0 0 
Cov(4,j) 0 0 0 0 9.31448e-10 1.37844e-11 0 0 0 
Cov(5,j) 0 0 0 0 1.37844e-11 9.26245e-10 0 0 0 
Cov(6,j) 0 0 0 0 0 0 3.40365e-07 0 0 
Cov(7,j) 0 0 0 0 0 0 0 4.03355e-07 0 
Cov(8,j) 0 0 0 0 0 0 0 0 0.00368041 
EmittanceX 0
EmittanceY 0
BetaStar 0
