Runnumber 353709
BeginTimeOfFit 2022.06.13 12:23:57 GMT 1655123037
EndTimeOfFit 2022.06.13 12:24:20 GMT 1655123060
LumiRange 123 - 123
Type 2
X0 0.173433
Y0 -0.179094
Z0 1.11946
sigmaZ0 6.95939
dxdz 0.000275427
dydz 0.000256778
BeamWidthX 0.0159941
BeamWidthY 0.0159211
dxdy 0.0243103
Cov(0,j) 8.86828e-08 1.73404e-10 0 0 0 0 0 0 0 
Cov(1,j) 1.73404e-10 8.82356e-08 0 0 0 0 0 0 0 
Cov(2,j) 0 0 0.298937 0 0 0 0 0 0 
Cov(3,j) 0 0 0 0.149439 0 0 0 0 0 
Cov(4,j) 0 0 0 0 1.70723e-09 1.69843e-12 0 0 0 
Cov(5,j) 0 0 0 0 1.69843e-12 1.65399e-09 0 0 0 
Cov(6,j) 0 0 0 0 0 0 8.35217e-07 0 0 
Cov(7,j) 0 0 0 0 0 0 0 8.30878e-07 0 
Cov(8,j) 0 0 0 0 0 0 0 0 0.00650024 
EmittanceX 0
EmittanceY 0
BetaStar 0
