Runnumber 352568
BeginTimeOfFit 2022.05.29 08:42:37 GMT 1653813757
EndTimeOfFit 2022.05.29 08:43:00 GMT 1653813780
LumiRange 189 - 189
Type 2
X0 0.176792
Y0 -0.181743
Z0 -0.817619
sigmaZ0 7.1017
dxdz 0.000170812
dydz 0.000182529
BeamWidthX 0.0157341
BeamWidthY 0.0158302
dxdy -0.00183485
Cov(0,j) 6.87763e-08 2.75535e-10 0 0 0 0 0 0 0 
Cov(1,j) 2.75535e-10 6.8584e-08 0 0 0 0 0 0 0 
Cov(2,j) 0 0 0.277083 0 0 0 0 0 0 
Cov(3,j) 0 0 0 0.138517 0 0 0 0 0 
Cov(4,j) 0 0 0 0 1.31088e-09 2.68137e-12 0 0 0 
Cov(5,j) 0 0 0 0 2.68137e-12 1.31993e-09 0 0 0 
Cov(6,j) 0 0 0 0 0 0 7.17897e-07 0 0 
Cov(7,j) 0 0 0 0 0 0 0 7.23545e-07 0 
Cov(8,j) 0 0 0 0 0 0 0 0 0.00578391 
EmittanceX 0
EmittanceY 0
BetaStar 0
