Runnumber 353087
BeginTimeOfFit 2022.06.05 16:19:25 GMT 1654445965
EndTimeOfFit 2022.06.05 16:19:48 GMT 1654445988
LumiRange 233 - 233
Type 2
X0 0.172838
Y0 -0.18182
Z0 -0.0303751
sigmaZ0 7.45883
dxdz 0.000114881
dydz 0.000144069
BeamWidthX 0.0139464
BeamWidthY 0.0148486
dxdy -0.0314893
Cov(0,j) 4.16178e-08 2.77562e-10 0 0 0 0 0 0 0 
Cov(1,j) 2.77562e-10 4.10965e-08 0 0 0 0 0 0 0 
Cov(2,j) 0 0 0.200831 0 0 0 0 0 0 
Cov(3,j) 0 0 0 0.100403 0 0 0 0 0 
Cov(4,j) 0 0 0 0 7.8231e-10 -3.25445e-12 0 0 0 
Cov(5,j) 0 0 0 0 -3.25445e-12 7.59761e-10 0 0 0 
Cov(6,j) 0 0 0 0 0 0 3.76921e-07 0 0 
Cov(7,j) 0 0 0 0 0 0 0 4.22267e-07 0 
Cov(8,j) 0 0 0 0 0 0 0 0 0.00382552 
EmittanceX 0
EmittanceY 0
BetaStar 0
