Runnumber 352568
BeginTimeOfFit 2022.05.29 07:37:44 GMT 1653809864
EndTimeOfFit 2022.05.29 07:38:07 GMT 1653809887
LumiRange 22 - 22
Type 2
X0 0.177304
Y0 -0.181394
Z0 -0.0348377
sigmaZ0 6.69058
dxdz 0.000136856
dydz 0.000252999
BeamWidthX 0.0130966
BeamWidthY 0.0139563
dxdy -0.0644544
Cov(0,j) 4.54404e-08 3.15008e-10 0 0 0 0 0 0 0 
Cov(1,j) 3.15008e-10 4.46852e-08 0 0 0 0 0 0 0 
Cov(2,j) 0 0 0.216233 0 0 0 0 0 0 
Cov(3,j) 0 0 0 0.1081 0 0 0 0 0 
Cov(4,j) 0 0 0 0 9.10968e-10 7.49855e-12 0 0 0 
Cov(5,j) 0 0 0 0 7.49855e-12 9.32233e-10 0 0 0 
Cov(6,j) 0 0 0 0 0 0 4.49706e-07 0 0 
Cov(7,j) 0 0 0 0 0 0 0 5.0424e-07 0 
Cov(8,j) 0 0 0 0 0 0 0 0 0.00515301 
EmittanceX 0
EmittanceY 0
BetaStar 0
