Runnumber 353060
BeginTimeOfFit 2022.06.05 12:50:21 GMT 1654433421
EndTimeOfFit 2022.06.05 12:50:45 GMT 1654433445
LumiRange 1263 - 1263
Type 2
X0 0.164806
Y0 -0.181606
Z0 0.29083
sigmaZ0 7.29988
dxdz 0.000258668
dydz 0.000135108
BeamWidthX 0.0158016
BeamWidthY 0.0178375
dxdy 0.0722673
Cov(0,j) 1.81391e-07 -4.90975e-12 0 0 0 0 0 0 0 
Cov(1,j) -4.90975e-12 1.79744e-07 0 0 0 0 0 0 0 
Cov(2,j) 0 0 0.761048 0 0 0 0 0 0 
Cov(3,j) 0 0 0 0.38034 0 0 0 0 0 
Cov(4,j) 0 0 0 0 3.35944e-09 8.0594e-11 0 0 0 
Cov(5,j) 0 0 0 0 8.0594e-11 3.40262e-09 0 0 0 
Cov(6,j) 0 0 0 0 0 0 1.90427e-06 0 0 
Cov(7,j) 0 0 0 0 0 0 0 2.38809e-06 0 
Cov(8,j) 0 0 0 0 0 0 0 0 0.0148561 
EmittanceX 0
EmittanceY 0
BetaStar 0
