Runnumber 353702
BeginTimeOfFit 2022.06.13 09:35:30 GMT 1655112930
EndTimeOfFit 2022.06.13 09:35:53 GMT 1655112953
LumiRange 12 - 12
Type 2
X0 0.171701
Y0 -0.180857
Z0 0.882482
sigmaZ0 7.11737
dxdz 0.000212566
dydz 0.000298081
BeamWidthX 0.015873
BeamWidthY 0.0157517
dxdy -0.0139157
Cov(0,j) 5.18098e-08 -6.35247e-10 0 0 0 0 0 0 0 
Cov(1,j) -6.35247e-10 5.16966e-08 0 0 0 0 0 0 0 
Cov(2,j) 0 0 0.175881 0 0 0 0 0 0 
Cov(3,j) 0 0 0 0.0879297 0 0 0 0 0 
Cov(4,j) 0 0 0 0 1.03464e-09 -2.49744e-11 0 0 0 
Cov(5,j) 0 0 0 0 -2.49744e-11 1.05374e-09 0 0 0 
Cov(6,j) 0 0 0 0 0 0 4.63124e-07 0 0 
Cov(7,j) 0 0 0 0 0 0 0 4.55803e-07 0 
Cov(8,j) 0 0 0 0 0 0 0 0 0.00366117 
EmittanceX 0
EmittanceY 0
BetaStar 0
