Runnumber 353087
BeginTimeOfFit 2022.06.05 16:09:19 GMT 1654445359
EndTimeOfFit 2022.06.05 16:09:42 GMT 1654445382
LumiRange 207 - 207
Type 2
X0 0.172457
Y0 -0.180661
Z0 0.273378
sigmaZ0 7.03193
dxdz 0.000165472
dydz 0.000244194
BeamWidthX 0.0135588
BeamWidthY 0.0140956
dxdy -0.0319818
Cov(0,j) 3.99402e-08 -1.53717e-10 0 0 0 0 0 0 0 
Cov(1,j) -1.53717e-10 3.83776e-08 0 0 0 0 0 0 0 
Cov(2,j) 0 0 0.207749 0 0 0 0 0 0 
Cov(3,j) 0 0 0 0.103861 0 0 0 0 0 
Cov(4,j) 0 0 0 0 7.67668e-10 -3.32685e-12 0 0 0 
Cov(5,j) 0 0 0 0 -3.32685e-12 7.45841e-10 0 0 0 
Cov(6,j) 0 0 0 0 0 0 4.18798e-07 0 0 
Cov(7,j) 0 0 0 0 0 0 0 4.48098e-07 0 
Cov(8,j) 0 0 0 0 0 0 0 0 0.00451661 
EmittanceX 0
EmittanceY 0
BetaStar 0
