Runnumber 352568
BeginTimeOfFit 2022.05.29 11:21:54 GMT 1653823314
EndTimeOfFit 2022.05.29 11:22:18 GMT 1653823338
LumiRange 599 - 599
Type 2
X0 0.176818
Y0 -0.181056
Z0 -0.421555
sigmaZ0 6.44306
dxdz 0.000110769
dydz 0.000200837
BeamWidthX 0.0153041
BeamWidthY 0.0147338
dxdy -0.0038071
Cov(0,j) 7.56363e-08 1.67787e-09 0 0 0 0 0 0 0 
Cov(1,j) 1.67787e-09 7.53671e-08 0 0 0 0 0 0 0 
Cov(2,j) 0 0 0.256229 0 0 0 0 0 0 
Cov(3,j) 0 0 0 0.12809 0 0 0 0 0 
Cov(4,j) 0 0 0 0 1.69099e-09 -2.17075e-11 0 0 0 
Cov(5,j) 0 0 0 0 -2.17075e-11 1.66011e-09 0 0 0 
Cov(6,j) 0 0 0 0 0 0 7.73541e-07 0 0 
Cov(7,j) 0 0 0 0 0 0 0 7.12108e-07 0 
Cov(8,j) 0 0 0 0 0 0 0 0 0.00655472 
EmittanceX 0
EmittanceY 0
BetaStar 0
