Runnumber 352493
BeginTimeOfFit 2022.05.28 06:35:17 GMT 1653719717
EndTimeOfFit 2022.05.28 06:35:41 GMT 1653719741
LumiRange 46 - 46
Type 2
X0 0.170434
Y0 -0.18173
Z0 -0.313313
sigmaZ0 5.68675
dxdz 0.000206653
dydz 0.000232131
BeamWidthX 0.0119636
BeamWidthY 0.0136949
dxdy -1.57336e-05
Cov(0,j) 2.78007e-08 1.91921e-10 0 0 0 0 0 0 0 
Cov(1,j) 1.91921e-10 2.71037e-08 0 0 0 0 0 0 0 
Cov(2,j) 0 0 0.0948329 0 0 0 0 0 0 
Cov(3,j) 0 0 0 0.0474128 0 0 0 0 0 
Cov(4,j) 0 0 0 0 7.43113e-10 6.41436e-12 0 0 0 
Cov(5,j) 0 0 0 0 6.41436e-12 7.56644e-10 0 0 0 
Cov(6,j) 0 0 0 0 0 0 2.31802e-07 0 0 
Cov(7,j) 0 0 0 0 0 0 0 2.96582e-07 0 
Cov(8,j) 0 0 0 0 0 0 0 0 0.00318084 
EmittanceX 0
EmittanceY 0
BetaStar 0
