Runnumber 352567
BeginTimeOfFit 2022.05.29 07:24:54 GMT 1653809094
EndTimeOfFit 2022.05.29 07:25:17 GMT 1653809117
LumiRange 117 - 117
Type 2
X0 0.177359
Y0 -0.181624
Z0 -0.0207554
sigmaZ0 6.5105
dxdz 0.000156905
dydz 0.00011405
BeamWidthX 0.0138374
BeamWidthY 0.0129661
dxdy -0.0511151
Cov(0,j) 4.05273e-08 2.75927e-10 0 0 0 0 0 0 0 
Cov(1,j) 2.75927e-10 4.1022e-08 0 0 0 0 0 0 0 
Cov(2,j) 0 0 0.173705 0 0 0 0 0 0 
Cov(3,j) 0 0 0 0.0868416 0 0 0 0 0 
Cov(4,j) 0 0 0 0 8.78989e-10 1.28982e-12 0 0 0 
Cov(5,j) 0 0 0 0 1.28982e-12 8.93024e-10 0 0 0 
Cov(6,j) 0 0 0 0 0 0 4.22944e-07 0 0 
Cov(7,j) 0 0 0 0 0 0 0 3.73901e-07 0 
Cov(8,j) 0 0 0 0 0 0 0 0 0.00439425 
EmittanceX 0
EmittanceY 0
BetaStar 0
