Runnumber 352425
BeginTimeOfFit 2022.05.27 10:52:33 GMT 1653648753
EndTimeOfFit 2022.05.27 10:52:56 GMT 1653648776
LumiRange 242 - 242
Type 2
X0 0.170315
Y0 -0.181861
Z0 0.190279
sigmaZ0 7.88764
dxdz 6.45747e-05
dydz 0.000205562
BeamWidthX 0.017549
BeamWidthY 0.0196172
dxdy 0.00355414
Cov(0,j) 1.50363e-07 -2.09848e-09 0 0 0 0 0 0 0 
Cov(1,j) -2.09848e-09 1.46768e-07 0 0 0 0 0 0 0 
Cov(2,j) 0 0 0.531646 0 0 0 0 0 0 
Cov(3,j) 0 0 0 0.265745 0 0 0 0 0 
Cov(4,j) 0 0 0 0 2.72037e-09 4.17073e-12 0 0 0 
Cov(5,j) 0 0 0 0 4.17073e-12 2.71079e-09 0 0 0 
Cov(6,j) 0 0 0 0 0 0 1.39754e-06 0 0 
Cov(7,j) 0 0 0 0 0 0 0 1.71057e-06 0 
Cov(8,j) 0 0 0 0 0 0 0 0 0.00894493 
EmittanceX 0
EmittanceY 0
BetaStar 0
