Runnumber 352931
BeginTimeOfFit 2022.06.03 13:00:05 GMT 1654261205
EndTimeOfFit 2022.06.03 13:00:29 GMT 1654261229
LumiRange 237 - 237
Type 2
X0 0.16965
Y0 -0.179195
Z0 0.764812
sigmaZ0 6.77279
dxdz 0.000122468
dydz 0.000193703
BeamWidthX 0.0163784
BeamWidthY 0.0175035
dxdy 0.0527908
Cov(0,j) 9.98947e-08 -1.20894e-09 0 0 0 0 0 0 0 
Cov(1,j) -1.20894e-09 9.76946e-08 0 0 0 0 0 0 0 
Cov(2,j) 0 0 0.305771 0 0 0 0 0 0 
Cov(3,j) 0 0 0 0.152854 0 0 0 0 0 
Cov(4,j) 0 0 0 0 1.76573e-09 -2.74848e-11 0 0 0 
Cov(5,j) 0 0 0 0 -2.74848e-11 1.6967e-09 0 0 0 
Cov(6,j) 0 0 0 0 0 0 9.38647e-07 0 0 
Cov(7,j) 0 0 0 0 0 0 0 1.06543e-06 0 
Cov(8,j) 0 0 0 0 0 0 0 0 0.00691815 
EmittanceX 0
EmittanceY 0
BetaStar 0
