Runnumber 352493
BeginTimeOfFit 2022.05.28 07:33:57 GMT 1653723237
EndTimeOfFit 2022.05.28 07:34:21 GMT 1653723261
LumiRange 197 - 197
Type 2
X0 0.170214
Y0 -0.181922
Z0 -0.0660139
sigmaZ0 6.82804
dxdz 4.9674e-05
dydz 0.000227443
BeamWidthX 0.0137581
BeamWidthY 0.0144471
dxdy 0.0668419
Cov(0,j) 3.63086e-08 -1.62984e-10 0 0 0 0 0 0 0 
Cov(1,j) -1.62984e-10 3.68642e-08 0 0 0 0 0 0 0 
Cov(2,j) 0 0 0.159111 0 0 0 0 0 0 
Cov(3,j) 0 0 0 0.0795433 0 0 0 0 0 
Cov(4,j) 0 0 0 0 7.60261e-10 -7.25461e-12 0 0 0 
Cov(5,j) 0 0 0 0 -7.25461e-12 7.55925e-10 0 0 0 
Cov(6,j) 0 0 0 0 0 0 3.46761e-07 0 0 
Cov(7,j) 0 0 0 0 0 0 0 3.83252e-07 0 
Cov(8,j) 0 0 0 0 0 0 0 0 0.00362509 
EmittanceX 0
EmittanceY 0
BetaStar 0
