Runnumber 352493
BeginTimeOfFit 2022.05.28 07:35:07 GMT 1653723307
EndTimeOfFit 2022.05.28 07:35:31 GMT 1653723331
LumiRange 200 - 200
Type 2
X0 0.169776
Y0 -0.182042
Z0 0.0780165
sigmaZ0 6.574
dxdz 0.000169188
dydz 0.000268724
BeamWidthX 0.0140477
BeamWidthY 0.0147572
dxdy 0.0893573
Cov(0,j) 3.79163e-08 -3.47155e-10 0 0 0 0 0 0 0 
Cov(1,j) -3.47155e-10 3.72164e-08 0 0 0 0 0 0 0 
Cov(2,j) 0 0 0.149534 0 0 0 0 0 0 
Cov(3,j) 0 0 0 0.0747586 0 0 0 0 0 
Cov(4,j) 0 0 0 0 8.03218e-10 -8.84107e-12 0 0 0 
Cov(5,j) 0 0 0 0 -8.84107e-12 8.16139e-10 0 0 0 
Cov(6,j) 0 0 0 0 0 0 3.69212e-07 0 0 
Cov(7,j) 0 0 0 0 0 0 0 4.01236e-07 0 
Cov(8,j) 0 0 0 0 0 0 0 0 0.00364391 
EmittanceX 0
EmittanceY 0
BetaStar 0
