Runnumber 353060
BeginTimeOfFit 2022.06.05 07:40:19 GMT 1654414819
EndTimeOfFit 2022.06.05 07:40:43 GMT 1654414843
LumiRange 465 - 465
Type 2
X0 0.164332
Y0 -0.179532
Z0 0.107524
sigmaZ0 6.91373
dxdz 0.000130655
dydz 0.000218991
BeamWidthX 0.0155399
BeamWidthY 0.0159868
dxdy -0.0678374
Cov(0,j) 6.55005e-08 -1.73144e-09 0 0 0 0 0 0 0 
Cov(1,j) -1.73144e-09 6.37748e-08 0 0 0 0 0 0 0 
Cov(2,j) 0 0 0.241391 0 0 0 0 0 0 
Cov(3,j) 0 0 0 0.120676 0 0 0 0 0 
Cov(4,j) 0 0 0 0 1.17513e-09 -3.15858e-11 0 0 0 
Cov(5,j) 0 0 0 0 -3.15858e-11 1.1515e-09 0 0 0 
Cov(6,j) 0 0 0 0 0 0 6.47146e-07 0 0 
Cov(7,j) 0 0 0 0 0 0 0 6.81332e-07 0 
Cov(8,j) 0 0 0 0 0 0 0 0 0.00528229 
EmittanceX 0
EmittanceY 0
BetaStar 0
