Runnumber 353060
BeginTimeOfFit 2022.06.05 07:26:43 GMT 1654414003
EndTimeOfFit 2022.06.05 07:27:07 GMT 1654414027
LumiRange 430 - 430
Type 2
X0 0.164343
Y0 -0.178803
Z0 0.257926
sigmaZ0 6.99188
dxdz 0.000206799
dydz 0.000150209
BeamWidthX 0.0151131
BeamWidthY 0.0160867
dxdy 0.0562681
Cov(0,j) 6.1264e-08 4.58166e-10 0 0 0 0 0 0 0 
Cov(1,j) 4.58166e-10 5.97044e-08 0 0 0 0 0 0 0 
Cov(2,j) 0 0 0.232773 0 0 0 0 0 0 
Cov(3,j) 0 0 0 0.116365 0 0 0 0 0 
Cov(4,j) 0 0 0 0 1.11845e-09 -1.01064e-11 0 0 0 
Cov(5,j) 0 0 0 0 -1.01064e-11 1.06169e-09 0 0 0 
Cov(6,j) 0 0 0 0 0 0 5.82029e-07 0 0 
Cov(7,j) 0 0 0 0 0 0 0 6.54729e-07 0 
Cov(8,j) 0 0 0 0 0 0 0 0 0.00503659 
EmittanceX 0
EmittanceY 0
BetaStar 0
