Runnumber 352909
BeginTimeOfFit 2022.06.03 08:55:39 GMT 1654246539
EndTimeOfFit 2022.06.03 08:56:02 GMT 1654246562
LumiRange 68 - 68
Type 2
X0 0.170083
Y0 -0.181624
Z0 0.465551
sigmaZ0 7.16789
dxdz 0.000116724
dydz 0.000183993
BeamWidthX 0.0134718
BeamWidthY 0.0153492
dxdy 0.0525272
Cov(0,j) 4.2131e-08 -6.82581e-10 0 0 0 0 0 0 0 
Cov(1,j) -6.82581e-10 4.27816e-08 0 0 0 0 0 0 0 
Cov(2,j) 0 0 0.213173 0 0 0 0 0 0 
Cov(3,j) 0 0 0 0.106572 0 0 0 0 0 
Cov(4,j) 0 0 0 0 8.13295e-10 -1.31605e-11 0 0 0 
Cov(5,j) 0 0 0 0 -1.31605e-11 8.23494e-10 0 0 0 
Cov(6,j) 0 0 0 0 0 0 4.07361e-07 0 0 
Cov(7,j) 0 0 0 0 0 0 0 5.17639e-07 0 
Cov(8,j) 0 0 0 0 0 0 0 0 0.00442619 
EmittanceX 0
EmittanceY 0
BetaStar 0
