Runnumber 353707
BeginTimeOfFit 2022.06.13 11:25:58 GMT 1655119558
EndTimeOfFit 2022.06.13 11:26:22 GMT 1655119582
LumiRange 26 - 26
Type 2
X0 0.173119
Y0 -0.180084
Z0 1.27292
sigmaZ0 6.99378
dxdz 0.000159635
dydz 0.000237725
BeamWidthX 0.0169161
BeamWidthY 0.0184859
dxdy 0.0858119
Cov(0,j) 9.15497e-08 -5.25892e-10 0 0 0 0 0 0 0 
Cov(1,j) -5.25892e-10 9.19524e-08 0 0 0 0 0 0 0 
Cov(2,j) 0 0 0.265806 0 0 0 0 0 0 
Cov(3,j) 0 0 0 0.132877 0 0 0 0 0 
Cov(4,j) 0 0 0 0 1.63328e-09 1.99035e-11 0 0 0 
Cov(5,j) 0 0 0 0 1.99035e-11 1.67584e-09 0 0 0 
Cov(6,j) 0 0 0 0 0 0 8.21563e-07 0 0 
Cov(7,j) 0 0 0 0 0 0 0 9.70778e-07 0 
Cov(8,j) 0 0 0 0 0 0 0 0 0.00559373 
EmittanceX 0
EmittanceY 0
BetaStar 0
