Runnumber 352931
BeginTimeOfFit 2022.06.03 12:30:10 GMT 1654259410
EndTimeOfFit 2022.06.03 12:30:34 GMT 1654259434
LumiRange 160 - 160
Type 2
X0 0.169309
Y0 -0.181669
Z0 -0.0749903
sigmaZ0 6.98337
dxdz 0.00014135
dydz 0.000194886
BeamWidthX 0.0150344
BeamWidthY 0.0170815
dxdy 0.0976655
Cov(0,j) 8.91765e-08 -9.57366e-10 0 0 0 0 0 0 0 
Cov(1,j) -9.57366e-10 8.9026e-08 0 0 0 0 0 0 0 
Cov(2,j) 0 0 0.312577 0 0 0 0 0 0 
Cov(3,j) 0 0 0 0.156258 0 0 0 0 0 
Cov(4,j) 0 0 0 0 1.52561e-09 -6.0765e-11 0 0 0 
Cov(5,j) 0 0 0 0 -6.0765e-11 1.54677e-09 0 0 0 
Cov(6,j) 0 0 0 0 0 0 7.75624e-07 0 0 
Cov(7,j) 0 0 0 0 0 0 0 9.86358e-07 0 
Cov(8,j) 0 0 0 0 0 0 0 0 0.00667952 
EmittanceX 0
EmittanceY 0
BetaStar 0
