Runnumber 353087
BeginTimeOfFit 2022.06.05 14:59:23 GMT 1654441163
EndTimeOfFit 2022.06.05 14:59:46 GMT 1654441186
LumiRange 27 - 27
Type 2
X0 0.171657
Y0 -0.179509
Z0 0.558725
sigmaZ0 6.5608
dxdz 0.0001187
dydz 0.00019933
BeamWidthX 0.0134189
BeamWidthY 0.0135586
dxdy 0.080267
Cov(0,j) 2.78509e-08 7.52021e-11 0 0 0 0 0 0 0 
Cov(1,j) 7.52021e-11 2.79538e-08 0 0 0 0 0 0 0 
Cov(2,j) 0 0 0.118574 0 0 0 0 0 0 
Cov(3,j) 0 0 0 0.059282 0 0 0 0 0 
Cov(4,j) 0 0 0 0 6.29929e-10 1.51324e-12 0 0 0 
Cov(5,j) 0 0 0 0 1.51324e-12 6.38612e-10 0 0 0 
Cov(6,j) 0 0 0 0 0 0 2.67198e-07 0 0 
Cov(7,j) 0 0 0 0 0 0 0 2.71575e-07 0 
Cov(8,j) 0 0 0 0 0 0 0 0 0.00291426 
EmittanceX 0
EmittanceY 0
BetaStar 0
