Runnumber 353689
BeginTimeOfFit 2022.06.13 09:01:54 GMT 1655110914
EndTimeOfFit 2022.06.13 09:02:18 GMT 1655110938
LumiRange 168 - 168
Type 2
X0 0.171773
Y0 -0.18087
Z0 0.729789
sigmaZ0 6.80619
dxdz 0.000169559
dydz 0.000245075
BeamWidthX 0.0152647
BeamWidthY 0.0157117
dxdy -0.039234
Cov(0,j) 4.63186e-08 -2.15759e-10 0 0 0 0 0 0 0 
Cov(1,j) -2.15759e-10 4.59565e-08 0 0 0 0 0 0 0 
Cov(2,j) 0 0 0.147053 0 0 0 0 0 0 
Cov(3,j) 0 0 0 0.0735193 0 0 0 0 0 
Cov(4,j) 0 0 0 0 1.01018e-09 -1.09094e-11 0 0 0 
Cov(5,j) 0 0 0 0 -1.09094e-11 1.03556e-09 0 0 0 
Cov(6,j) 0 0 0 0 0 0 3.924e-07 0 0 
Cov(7,j) 0 0 0 0 0 0 0 4.16987e-07 0 
Cov(8,j) 0 0 0 0 0 0 0 0 0.00335155 
EmittanceX 0
EmittanceY 0
BetaStar 0
