Runnumber 353087
BeginTimeOfFit 2022.06.05 15:33:11 GMT 1654443191
EndTimeOfFit 2022.06.05 15:33:34 GMT 1654443214
LumiRange 114 - 114
Type 2
X0 0.171804
Y0 -0.180353
Z0 0.637734
sigmaZ0 7.32307
dxdz 0.000166317
dydz 0.000169935
BeamWidthX 0.012731
BeamWidthY 0.0146831
dxdy 0.05259
Cov(0,j) 3.3685e-08 -6.11681e-10 0 0 0 0 0 0 0 
Cov(1,j) -6.11681e-10 3.29535e-08 0 0 0 0 0 0 0 
Cov(2,j) 0 0 0.159596 0 0 0 0 0 0 
Cov(3,j) 0 0 0 0.0797896 0 0 0 0 0 
Cov(4,j) 0 0 0 0 6.52171e-10 -2.87411e-11 0 0 0 
Cov(5,j) 0 0 0 0 -2.87411e-11 6.34349e-10 0 0 0 
Cov(6,j) 0 0 0 0 0 0 2.62617e-07 0 0 
Cov(7,j) 0 0 0 0 0 0 0 3.43876e-07 0 
Cov(8,j) 0 0 0 0 0 0 0 0 0.00320174 
EmittanceX 0
EmittanceY 0
BetaStar 0
