Runnumber 352565
BeginTimeOfFit 2022.05.29 06:28:31 GMT 1653805711
EndTimeOfFit 2022.05.29 06:28:54 GMT 1653805734
LumiRange 2 - 2
Type 2
X0 0.176367
Y0 -0.182491
Z0 0.136971
sigmaZ0 6.25875
dxdz 0.000244918
dydz 0.000248389
BeamWidthX 0.0136679
BeamWidthY 0.0130625
dxdy 0.0107426
Cov(0,j) 4.01567e-08 6.55494e-10 0 0 0 0 0 0 0 
Cov(1,j) 6.55494e-10 3.94193e-08 0 0 0 0 0 0 0 
Cov(2,j) 0 0 0.14348 0 0 0 0 0 0 
Cov(3,j) 0 0 0 0.07173 0 0 0 0 0 
Cov(4,j) 0 0 0 0 1.0332e-09 1.59605e-11 0 0 0 
Cov(5,j) 0 0 0 0 1.59605e-11 1.00771e-09 0 0 0 
Cov(6,j) 0 0 0 0 0 0 3.69175e-07 0 0 
Cov(7,j) 0 0 0 0 0 0 0 3.3734e-07 0 
Cov(8,j) 0 0 0 0 0 0 0 0 0.00394324 
EmittanceX 0
EmittanceY 0
BetaStar 0
