Runnumber 353018
BeginTimeOfFit 2022.06.04 09:04:38 GMT 1654333478
EndTimeOfFit 2022.06.04 09:05:01 GMT 1654333501
LumiRange 414 - 414
Type 2
X0 0.175103
Y0 -0.181303
Z0 -0.271055
sigmaZ0 6.96281
dxdz 0.000136764
dydz 0.000221555
BeamWidthX 0.0154937
BeamWidthY 0.0169903
dxdy 0.0387945
Cov(0,j) 5.0013e-08 2.36159e-10 0 0 0 0 0 0 0 
Cov(1,j) 2.36159e-10 5.07027e-08 0 0 0 0 0 0 0 
Cov(2,j) 0 0 0.165453 0 0 0 0 0 0 
Cov(3,j) 0 0 0 0.0827174 0 0 0 0 0 
Cov(4,j) 0 0 0 0 9.51038e-10 -4.72617e-12 0 0 0 
Cov(5,j) 0 0 0 0 -4.72617e-12 9.5116e-10 0 0 0 
Cov(6,j) 0 0 0 0 0 0 4.34061e-07 0 0 
Cov(7,j) 0 0 0 0 0 0 0 5.1896e-07 0 
Cov(8,j) 0 0 0 0 0 0 0 0 0.00358442 
EmittanceX 0
EmittanceY 0
BetaStar 0
