Runnumber 353060
BeginTimeOfFit 2022.06.05 11:01:34 GMT 1654426894
EndTimeOfFit 2022.06.05 11:01:58 GMT 1654426918
LumiRange 983 - 983
Type 2
X0 0.167096
Y0 -0.179661
Z0 0.118287
sigmaZ0 7.03191
dxdz 2.82649e-05
dydz 0.000240745
BeamWidthX 0.0178649
BeamWidthY 0.0159177
dxdy -0.150523
Cov(0,j) 1.25805e-07 1.47715e-09 0 0 0 0 0 0 0 
Cov(1,j) 1.47715e-09 1.24315e-07 0 0 0 0 0 0 0 
Cov(2,j) 0 0 0.415464 0 0 0 0 0 0 
Cov(3,j) 0 0 0 0.207669 0 0 0 0 0 
Cov(4,j) 0 0 0 0 2.22168e-09 -1.37299e-13 0 0 0 
Cov(5,j) 0 0 0 0 -1.37299e-13 2.19382e-09 0 0 0 
Cov(6,j) 0 0 0 0 0 0 1.40163e-06 0 0 
Cov(7,j) 0 0 0 0 0 0 0 1.13076e-06 0 
Cov(8,j) 0 0 0 0 0 0 0 0 0.00840323 
EmittanceX 0
EmittanceY 0
BetaStar 0
