Runnumber 353060
BeginTimeOfFit 2022.06.05 11:15:10 GMT 1654427710
EndTimeOfFit 2022.06.05 11:15:34 GMT 1654427734
LumiRange 1018 - 1018
Type 2
X0 0.167839
Y0 -0.18014
Z0 -0.485883
sigmaZ0 7.51085
dxdz 0.000173163
dydz 0.000144209
BeamWidthX 0.0172988
BeamWidthY 0.0158554
dxdy -0.0674983
Cov(0,j) 1.3475e-07 -2.86636e-10 0 0 0 0 0 0 0 
Cov(1,j) -2.86636e-10 1.30891e-07 0 0 0 0 0 0 0 
Cov(2,j) 0 0 0.532093 0 0 0 0 0 0 
Cov(3,j) 0 0 0 0.26596 0 0 0 0 0 
Cov(4,j) 0 0 0 0 2.40472e-09 5.30703e-11 0 0 0 
Cov(5,j) 0 0 0 0 5.30703e-11 2.4271e-09 0 0 0 
Cov(6,j) 0 0 0 0 0 0 1.47749e-06 0 0 
Cov(7,j) 0 0 0 0 0 0 0 1.24862e-06 0 
Cov(8,j) 0 0 0 0 0 0 0 0 0.0097996 
EmittanceX 0
EmittanceY 0
BetaStar 0
