Runnumber 353060
BeginTimeOfFit 2022.06.05 11:08:11 GMT 1654427291
EndTimeOfFit 2022.06.05 11:08:34 GMT 1654427314
LumiRange 1000 - 1000
Type 2
X0 0.167196
Y0 -0.179129
Z0 -0.723191
sigmaZ0 8.13846
dxdz 0.000320807
dydz 0.00020839
BeamWidthX 0.016523
BeamWidthY 0.0160757
dxdy 0.117203
Cov(0,j) 1.30503e-07 3.75023e-10 0 0 0 0 0 0 0 
Cov(1,j) 3.75023e-10 1.25581e-07 0 0 0 0 0 0 0 
Cov(2,j) 0 0 0.704439 0 0 0 0 0 0 
Cov(3,j) 0 0 0 0.352078 0 0 0 0 0 
Cov(4,j) 0 0 0 0 2.25481e-09 -2.51956e-11 0 0 0 
Cov(5,j) 0 0 0 0 -2.51956e-11 2.22508e-09 0 0 0 
Cov(6,j) 0 0 0 0 0 0 1.53665e-06 0 0 
Cov(7,j) 0 0 0 0 0 0 0 1.44194e-06 0 
Cov(8,j) 0 0 0 0 0 0 0 0 0.0108431 
EmittanceX 0
EmittanceY 0
BetaStar 0
