Runnumber 352572
BeginTimeOfFit 2022.05.29 11:57:26 GMT 1653825446
EndTimeOfFit 2022.05.29 11:57:49 GMT 1653825469
LumiRange 17 - 17
Type 2
X0 0.177151
Y0 -0.181312
Z0 -0.426623
sigmaZ0 6.64295
dxdz 3.09806e-05
dydz 0.000273323
BeamWidthX 0.0147968
BeamWidthY 0.0155887
dxdy 0.102417
Cov(0,j) 8.29309e-08 1.82442e-09 0 0 0 0 0 0 0 
Cov(1,j) 1.82442e-09 8.36355e-08 0 0 0 0 0 0 0 
Cov(2,j) 0 0 0.317436 0 0 0 0 0 0 
Cov(3,j) 0 0 0 0.158683 0 0 0 0 0 
Cov(4,j) 0 0 0 0 1.71479e-09 3.12956e-11 0 0 0 
Cov(5,j) 0 0 0 0 3.12956e-11 1.64948e-09 0 0 0 
Cov(6,j) 0 0 0 0 0 0 8.33787e-07 0 0 
Cov(7,j) 0 0 0 0 0 0 0 9.28543e-07 0 
Cov(8,j) 0 0 0 0 0 0 0 0 0.00745441 
EmittanceX 0
EmittanceY 0
BetaStar 0
