Runnumber 353060
BeginTimeOfFit 2022.06.05 10:59:38 GMT 1654426778
EndTimeOfFit 2022.06.05 11:00:01 GMT 1654426801
LumiRange 978 - 978
Type 2
X0 0.167308
Y0 -0.180354
Z0 -0.799305
sigmaZ0 6.66774
dxdz 0.000139345
dydz 0.000225803
BeamWidthX 0.0197704
BeamWidthY 0.0179854
dxdy -0.0563187
Cov(0,j) 1.56641e-07 2.4986e-09 0 0 0 0 0 0 0 
Cov(1,j) 2.4986e-09 1.56439e-07 0 0 0 0 0 0 0 
Cov(2,j) 0 0 0.407818 0 0 0 0 0 0 
Cov(3,j) 0 0 0 0.20385 0 0 0 0 0 
Cov(4,j) 0 0 0 0 2.77406e-09 5.39135e-11 0 0 0 
Cov(5,j) 0 0 0 0 5.39135e-11 2.77894e-09 0 0 0 
Cov(6,j) 0 0 0 0 0 0 1.85052e-06 0 0 
Cov(7,j) 0 0 0 0 0 0 0 1.54323e-06 0 
Cov(8,j) 0 0 0 0 0 0 0 0 0.00943115 
EmittanceX 0
EmittanceY 0
BetaStar 0
