Runnumber 352425
BeginTimeOfFit 2022.05.27 10:14:29 GMT 1653646469
EndTimeOfFit 2022.05.27 10:14:52 GMT 1653646492
LumiRange 144 - 144
Type 2
X0 0.168824
Y0 -0.18206
Z0 -0.0613518
sigmaZ0 6.97279
dxdz 0.000155684
dydz 0.000246052
BeamWidthX 0.0150823
BeamWidthY 0.0159943
dxdy -0.148226
Cov(0,j) 9.82973e-08 -5.51045e-10 0 0 0 0 0 0 0 
Cov(1,j) -5.51045e-10 9.50931e-08 0 0 0 0 0 0 0 
Cov(2,j) 0 0 0.405105 0 0 0 0 0 0 
Cov(3,j) 0 0 0 0.202499 0 0 0 0 0 
Cov(4,j) 0 0 0 0 1.91994e-09 -2.0076e-11 0 0 0 
Cov(5,j) 0 0 0 0 -2.0076e-11 1.74983e-09 0 0 0 
Cov(6,j) 0 0 0 0 0 0 1.00461e-06 0 0 
Cov(7,j) 0 0 0 0 0 0 0 1.12678e-06 0 
Cov(8,j) 0 0 0 0 0 0 0 0 0.00840247 
EmittanceX 0
EmittanceY 0
BetaStar 0
