Runnumber 352425
BeginTimeOfFit 2022.05.27 11:29:04 GMT 1653650944
EndTimeOfFit 2022.05.27 11:29:28 GMT 1653650968
LumiRange 336 - 336
Type 2
X0 0.169755
Y0 -0.184072
Z0 -0.474812
sigmaZ0 7.74942
dxdz 0.000489252
dydz 0.000395768
BeamWidthX 0.0165076
BeamWidthY 0.0166863
dxdy -0.0029044
Cov(0,j) 6.97274e-07 -2.16373e-08 0 0 0 0 0 0 0 
Cov(1,j) -2.16373e-08 7.46492e-07 0 0 0 0 0 0 0 
Cov(2,j) 0 0 2.99937 0 0 0 0 0 0 
Cov(3,j) 0 0 0 1.49514 0 0 0 0 0 
Cov(4,j) 0 0 0 0 1.21363e-08 5.93875e-10 0 0 0 
Cov(5,j) 0 0 0 0 5.93875e-10 1.3279e-08 0 0 0 
Cov(6,j) 0 0 0 0 0 0 7.01994e-06 0 0 
Cov(7,j) 0 0 0 0 0 0 0 7.31575e-06 0 
Cov(8,j) 0 0 0 0 0 0 0 0 0.0511546 
EmittanceX 0
EmittanceY 0
BetaStar 0
