Runnumber 352493
BeginTimeOfFit 2022.05.28 06:40:44 GMT 1653720044
EndTimeOfFit 2022.05.28 06:41:07 GMT 1653720067
LumiRange 60 - 60
Type 2
X0 0.170578
Y0 -0.182709
Z0 0.0134866
sigmaZ0 6.35276
dxdz 0.00014075
dydz 0.000255251
BeamWidthX 0.0142089
BeamWidthY 0.0135891
dxdy -0.019809
Cov(0,j) 3.07658e-08 1.07257e-10 0 0 0 0 0 0 0 
Cov(1,j) 1.07257e-10 3.03056e-08 0 0 0 0 0 0 0 
Cov(2,j) 0 0 0.103743 0 0 0 0 0 0 
Cov(3,j) 0 0 0 0.051867 0 0 0 0 0 
Cov(4,j) 0 0 0 0 8.09621e-10 -4.12172e-12 0 0 0 
Cov(5,j) 0 0 0 0 -4.12172e-12 8.12019e-10 0 0 0 
Cov(6,j) 0 0 0 0 0 0 2.79622e-07 0 0 
Cov(7,j) 0 0 0 0 0 0 0 2.54999e-07 0 
Cov(8,j) 0 0 0 0 0 0 0 0 0.00275485 
EmittanceX 0
EmittanceY 0
BetaStar 0
