Runnumber 353015
BeginTimeOfFit 2022.06.04 04:56:45 GMT 1654318605
EndTimeOfFit 2022.06.04 04:57:08 GMT 1654318628
LumiRange 186 - 186
Type 2
X0 0.175843
Y0 -0.178088
Z0 0.362932
sigmaZ0 6.83933
dxdz 9.28891e-05
dydz 0.000190666
BeamWidthX 0.0151973
BeamWidthY 0.0145214
dxdy 0.00404322
Cov(0,j) 3.11617e-08 -2.29547e-10 0 0 0 0 0 0 0 
Cov(1,j) -2.29547e-10 3.04206e-08 0 0 0 0 0 0 0 
Cov(2,j) 0 0 0.119934 0 0 0 0 0 0 
Cov(3,j) 0 0 0 0.0599622 0 0 0 0 0 
Cov(4,j) 0 0 0 0 6.72018e-10 -4.76445e-12 0 0 0 
Cov(5,j) 0 0 0 0 -4.76445e-12 6.43221e-10 0 0 0 
Cov(6,j) 0 0 0 0 0 0 3.17732e-07 0 0 
Cov(7,j) 0 0 0 0 0 0 0 2.89607e-07 0 
Cov(8,j) 0 0 0 0 0 0 0 0 0.00274366 
EmittanceX 0
EmittanceY 0
BetaStar 0
