Runnumber 353087
BeginTimeOfFit 2022.06.05 15:49:53 GMT 1654444193
EndTimeOfFit 2022.06.05 15:50:17 GMT 1654444217
LumiRange 157 - 157
Type 2
X0 0.172656
Y0 -0.179857
Z0 0.363072
sigmaZ0 6.98781
dxdz 0.000128041
dydz 0.000227716
BeamWidthX 0.0136811
BeamWidthY 0.0134545
dxdy 0.0699995
Cov(0,j) 3.50076e-08 2.62976e-11 0 0 0 0 0 0 0 
Cov(1,j) 2.62976e-11 3.47378e-08 0 0 0 0 0 0 0 
Cov(2,j) 0 0 0.162755 0 0 0 0 0 0 
Cov(3,j) 0 0 0 0.0813689 0 0 0 0 0 
Cov(4,j) 0 0 0 0 6.81533e-10 -2.22365e-15 0 0 0 
Cov(5,j) 0 0 0 0 -2.22365e-15 6.91546e-10 0 0 0 
Cov(6,j) 0 0 0 0 0 0 3.36225e-07 0 0 
Cov(7,j) 0 0 0 0 0 0 0 3.25098e-07 0 
Cov(8,j) 0 0 0 0 0 0 0 0 0.0035614 
EmittanceX 0
EmittanceY 0
BetaStar 0
