Runnumber 352493
BeginTimeOfFit 2022.05.28 07:44:50 GMT 1653723890
EndTimeOfFit 2022.05.28 07:45:13 GMT 1653723913
LumiRange 225 - 225
Type 2
X0 0.169382
Y0 -0.182069
Z0 0.660362
sigmaZ0 6.66118
dxdz 0.000128945
dydz 0.000235557
BeamWidthX 0.0139742
BeamWidthY 0.0163686
dxdy 0.0254196
Cov(0,j) 4.30184e-08 -6.02503e-11 0 0 0 0 0 0 0 
Cov(1,j) -6.02503e-11 4.19457e-08 0 0 0 0 0 0 0 
Cov(2,j) 0 0 0.15143 0 0 0 0 0 0 
Cov(3,j) 0 0 0 0.0757066 0 0 0 0 0 
Cov(4,j) 0 0 0 0 9.28027e-10 -1.61465e-11 0 0 0 
Cov(5,j) 0 0 0 0 -1.61465e-11 9.05651e-10 0 0 0 
Cov(6,j) 0 0 0 0 0 0 3.57161e-07 0 0 
Cov(7,j) 0 0 0 0 0 0 0 4.8171e-07 0 
Cov(8,j) 0 0 0 0 0 0 0 0 0.00362098 
EmittanceX 0
EmittanceY 0
BetaStar 0
