Runnumber 353018
BeginTimeOfFit 2022.06.04 09:10:28 GMT 1654333828
EndTimeOfFit 2022.06.04 09:10:51 GMT 1654333851
LumiRange 429 - 429
Type 2
X0 0.174707
Y0 -0.180039
Z0 0.291757
sigmaZ0 6.97173
dxdz 0.000145335
dydz 0.000167765
BeamWidthX 0.0144552
BeamWidthY 0.0162904
dxdy 0.087477
Cov(0,j) 4.81521e-08 -5.55906e-10 0 0 0 0 0 0 0 
Cov(1,j) -5.55906e-10 4.75207e-08 0 0 0 0 0 0 0 
Cov(2,j) 0 0 0.189112 0 0 0 0 0 0 
Cov(3,j) 0 0 0 0.094544 0 0 0 0 0 
Cov(4,j) 0 0 0 0 9.1615e-10 -2.96445e-11 0 0 0 
Cov(5,j) 0 0 0 0 -2.96445e-11 8.77002e-10 0 0 0 
Cov(6,j) 0 0 0 0 0 0 4.36232e-07 0 0 
Cov(7,j) 0 0 0 0 0 0 0 5.44098e-07 0 
Cov(8,j) 0 0 0 0 0 0 0 0 0.00407635 
EmittanceX 0
EmittanceY 0
BetaStar 0
