Runnumber 352509
BeginTimeOfFit 2022.05.28 11:41:06 GMT 1653738066
EndTimeOfFit 2022.05.28 11:41:29 GMT 1653738089
LumiRange 166 - 166
Type 2
X0 0.171182
Y0 -0.181057
Z0 0.140001
sigmaZ0 7.03787
dxdz 1.72042e-05
dydz 0.000187725
BeamWidthX 0.0170432
BeamWidthY 0.0178599
dxdy -0.0870012
Cov(0,j) 9.25333e-08 1.77679e-09 0 0 0 0 0 0 0 
Cov(1,j) 1.77679e-09 9.16715e-08 0 0 0 0 0 0 0 
Cov(2,j) 0 0 0.286281 0 0 0 0 0 0 
Cov(3,j) 0 0 0 0.143112 0 0 0 0 0 
Cov(4,j) 0 0 0 0 1.63427e-09 -1.12331e-11 0 0 0 
Cov(5,j) 0 0 0 0 -1.12331e-11 1.58022e-09 0 0 0 
Cov(6,j) 0 0 0 0 0 0 8.85087e-07 0 0 
Cov(7,j) 0 0 0 0 0 0 0 9.65886e-07 0 
Cov(8,j) 0 0 0 0 0 0 0 0 0.00596361 
EmittanceX 0
EmittanceY 0
BetaStar 0
