Runnumber 352509
BeginTimeOfFit 2022.05.28 12:02:05 GMT 1653739325
EndTimeOfFit 2022.05.28 12:02:28 GMT 1653739348
LumiRange 220 - 220
Type 2
X0 0.170115
Y0 -0.181073
Z0 -1.8937
sigmaZ0 7.41074
dxdz 0.000117402
dydz 0.000141559
BeamWidthX 0.0164981
BeamWidthY 0.0184578
dxdy 0.0561131
Cov(0,j) 9.54748e-08 3.99572e-10 0 0 0 0 0 0 0 
Cov(1,j) 3.99572e-10 9.70954e-08 0 0 0 0 0 0 0 
Cov(2,j) 0 0 0.343201 0 0 0 0 0 0 
Cov(3,j) 0 0 0 0.171564 0 0 0 0 0 
Cov(4,j) 0 0 0 0 1.69264e-09 -9.46321e-12 0 0 0 
Cov(5,j) 0 0 0 0 -9.46321e-12 1.71263e-09 0 0 0 
Cov(6,j) 0 0 0 0 0 0 8.96411e-07 0 0 
Cov(7,j) 0 0 0 0 0 0 0 1.10722e-06 0 
Cov(8,j) 0 0 0 0 0 0 0 0 0.00648748 
EmittanceX 0
EmittanceY 0
BetaStar 0
