Runnumber 352568
BeginTimeOfFit 2022.05.29 10:39:57 GMT 1653820797
EndTimeOfFit 2022.05.29 10:40:20 GMT 1653820820
LumiRange 491 - 491
Type 2
X0 0.176602
Y0 -0.181455
Z0 0.600318
sigmaZ0 6.09513
dxdz 0.000151866
dydz 0.000160371
BeamWidthX 0.0157385
BeamWidthY 0.0182454
dxdy 0.0690508
Cov(0,j) 9.60992e-08 8.56151e-10 0 0 0 0 0 0 0 
Cov(1,j) 8.56151e-10 9.43739e-08 0 0 0 0 0 0 0 
Cov(2,j) 0 0 0.232172 0 0 0 0 0 0 
Cov(3,j) 0 0 0 0.116064 0 0 0 0 0 
Cov(4,j) 0 0 0 0 2.25247e-09 3.39508e-11 0 0 0 
Cov(5,j) 0 0 0 0 3.39508e-11 2.15886e-09 0 0 0 
Cov(6,j) 0 0 0 0 0 0 8.25793e-07 0 0 
Cov(7,j) 0 0 0 0 0 0 0 1.08937e-06 0 
Cov(8,j) 0 0 0 0 0 0 0 0 0.0065283 
EmittanceX 0
EmittanceY 0
BetaStar 0
