Runnumber 353060
BeginTimeOfFit 2022.06.05 12:37:09 GMT 1654432629
EndTimeOfFit 2022.06.05 12:37:32 GMT 1654432652
LumiRange 1229 - 1229
Type 2
X0 0.165611
Y0 -0.180693
Z0 -0.84558
sigmaZ0 6.66954
dxdz 0.000317667
dydz 0.000135214
BeamWidthX 0.0183909
BeamWidthY 0.0175866
dxdy 0.0236138
Cov(0,j) 2.02685e-07 -1.37603e-10 0 0 0 0 0 0 0 
Cov(1,j) -1.37603e-10 1.91842e-07 0 0 0 0 0 0 0 
Cov(2,j) 0 0 0.517143 0 0 0 0 0 0 
Cov(3,j) 0 0 0 0.258478 0 0 0 0 0 
Cov(4,j) 0 0 0 0 3.64752e-09 9.14059e-11 0 0 0 
Cov(5,j) 0 0 0 0 9.14059e-11 3.71327e-09 0 0 0 
Cov(6,j) 0 0 0 0 0 0 2.05029e-06 0 0 
Cov(7,j) 0 0 0 0 0 0 0 1.88941e-06 0 
Cov(8,j) 0 0 0 0 0 0 0 0 0.0120333 
EmittanceX 0
EmittanceY 0
BetaStar 0
