Runnumber 353060
BeginTimeOfFit 2022.06.05 10:22:20 GMT 1654424540
EndTimeOfFit 2022.06.05 10:22:43 GMT 1654424563
LumiRange 882 - 882
Type 2
X0 0.169128
Y0 -0.180107
Z0 0.0627557
sigmaZ0 7.17265
dxdz 0.000120106
dydz 0.000242224
BeamWidthX 0.015852
BeamWidthY 0.0169967
dxdy 0.0393891
Cov(0,j) 1.09755e-07 4.67021e-10 0 0 0 0 0 0 0 
Cov(1,j) 4.67021e-10 1.07565e-07 0 0 0 0 0 0 0 
Cov(2,j) 0 0 0.401869 0 0 0 0 0 0 
Cov(3,j) 0 0 0 0.200874 0 0 0 0 0 
Cov(4,j) 0 0 0 0 1.85616e-09 -9.32257e-12 0 0 0 
Cov(5,j) 0 0 0 0 -9.32257e-12 1.81248e-09 0 0 0 
Cov(6,j) 0 0 0 0 0 0 1.04633e-06 0 0 
Cov(7,j) 0 0 0 0 0 0 0 1.1889e-06 0 
Cov(8,j) 0 0 0 0 0 0 0 0 0.00821681 
EmittanceX 0
EmittanceY 0
BetaStar 0
