Runnumber 352909
BeginTimeOfFit 2022.06.03 08:41:40 GMT 1654245700
EndTimeOfFit 2022.06.03 08:42:03 GMT 1654245723
LumiRange 32 - 32
Type 2
X0 0.168911
Y0 -0.179874
Z0 1.25351
sigmaZ0 6.72095
dxdz 0.000109981
dydz 0.000226341
BeamWidthX 0.0135165
BeamWidthY 0.0146087
dxdy 0.0169677
Cov(0,j) 3.88642e-08 -1.42487e-10 0 0 0 0 0 0 0 
Cov(1,j) -1.42487e-10 3.85074e-08 0 0 0 0 0 0 0 
Cov(2,j) 0 0 0.151066 0 0 0 0 0 0 
Cov(3,j) 0 0 0 0.0755245 0 0 0 0 0 
Cov(4,j) 0 0 0 0 7.77133e-10 6.63266e-12 0 0 0 
Cov(5,j) 0 0 0 0 6.63266e-12 7.58963e-10 0 0 0 
Cov(6,j) 0 0 0 0 0 0 3.29568e-07 0 0 
Cov(7,j) 0 0 0 0 0 0 0 3.80976e-07 0 
Cov(8,j) 0 0 0 0 0 0 0 0 0.00358971 
EmittanceX 0
EmittanceY 0
BetaStar 0
