Runnumber 352493
BeginTimeOfFit 2022.05.28 07:30:28 GMT 1653723028
EndTimeOfFit 2022.05.28 07:30:51 GMT 1653723051
LumiRange 188 - 188
Type 2
X0 0.1694
Y0 -0.182345
Z0 -0.182298
sigmaZ0 6.51851
dxdz 0.000118352
dydz 0.000218042
BeamWidthX 0.014241
BeamWidthY 0.0141102
dxdy 0.00802459
Cov(0,j) 3.64666e-08 3.04769e-11 0 0 0 0 0 0 0 
Cov(1,j) 3.04769e-11 3.56814e-08 0 0 0 0 0 0 0 
Cov(2,j) 0 0 0.150137 0 0 0 0 0 0 
Cov(3,j) 0 0 0 0.0750592 0 0 0 0 0 
Cov(4,j) 0 0 0 0 7.80852e-10 -3.10788e-12 0 0 0 
Cov(5,j) 0 0 0 0 -3.10788e-12 7.70964e-10 0 0 0 
Cov(6,j) 0 0 0 0 0 0 3.84856e-07 0 0 
Cov(7,j) 0 0 0 0 0 0 0 3.79094e-07 0 
Cov(8,j) 0 0 0 0 0 0 0 0 0.00378942 
EmittanceX 0
EmittanceY 0
BetaStar 0
