Runnumber 353015
BeginTimeOfFit 2022.06.04 03:49:32 GMT 1654314572
EndTimeOfFit 2022.06.04 03:49:55 GMT 1654314595
LumiRange 13 - 13
Type 2
X0 0.178296
Y0 -0.180548
Z0 -0.065209
sigmaZ0 6.26193
dxdz 0.000128737
dydz 0.000263187
BeamWidthX 0.0139331
BeamWidthY 0.0141543
dxdy 0.00308292
Cov(0,j) 2.21777e-08 -1.70847e-10 0 0 0 0 0 0 0 
Cov(1,j) -1.70847e-10 2.1912e-08 0 0 0 0 0 0 0 
Cov(2,j) 0 0 0.0777991 0 0 0 0 0 0 
Cov(3,j) 0 0 0 0.0388976 0 0 0 0 0 
Cov(4,j) 0 0 0 0 6.06883e-10 -6.34612e-12 0 0 0 
Cov(5,j) 0 0 0 0 -6.34612e-12 5.91951e-10 0 0 0 
Cov(6,j) 0 0 0 0 0 0 2.07839e-07 0 0 
Cov(7,j) 0 0 0 0 0 0 0 2.12886e-07 0 
Cov(8,j) 0 0 0 0 0 0 0 0 0.0021361 
EmittanceX 0
EmittanceY 0
BetaStar 0
