Runnumber 352900
BeginTimeOfFit 2022.06.03 07:08:25 GMT 1654240105
EndTimeOfFit 2022.06.03 07:08:48 GMT 1654240128
LumiRange 20 - 20
Type 2
X0 0.17029
Y0 -0.181919
Z0 0.383943
sigmaZ0 6.15089
dxdz 0.000158069
dydz 0.000161948
BeamWidthX 0.0126056
BeamWidthY 0.0131382
dxdy -0.0118275
Cov(0,j) 2.50737e-08 -2.16029e-10 0 0 0 0 0 0 0 
Cov(1,j) -2.16029e-10 2.45731e-08 0 0 0 0 0 0 0 
Cov(2,j) 0 0 0.0929538 0 0 0 0 0 0 
Cov(3,j) 0 0 0 0.0464736 0 0 0 0 0 
Cov(4,j) 0 0 0 0 7.03075e-10 -6.36719e-12 0 0 0 
Cov(5,j) 0 0 0 0 -6.36719e-12 6.95754e-10 0 0 0 
Cov(6,j) 0 0 0 0 0 0 2.1319e-07 0 0 
Cov(7,j) 0 0 0 0 0 0 0 2.29458e-07 0 
Cov(8,j) 0 0 0 0 0 0 0 0 0.00266506 
EmittanceX 0
EmittanceY 0
BetaStar 0
