Runnumber 353060
BeginTimeOfFit 2022.06.05 10:06:01 GMT 1654423561
EndTimeOfFit 2022.06.05 10:06:24 GMT 1654423584
LumiRange 840 - 840
Type 2
X0 0.168844
Y0 -0.179707
Z0 0.957142
sigmaZ0 7.71206
dxdz 0.000134254
dydz 0.000176431
BeamWidthX 0.0169898
BeamWidthY 0.017205
dxdy -0.187401
Cov(0,j) 1.10588e-07 -8.01027e-10 0 0 0 0 0 0 0 
Cov(1,j) -8.01027e-10 1.09724e-07 0 0 0 0 0 0 0 
Cov(2,j) 0 0 0.427817 0 0 0 0 0 0 
Cov(3,j) 0 0 0 0.213856 0 0 0 0 0 
Cov(4,j) 0 0 0 0 1.87861e-09 -4.40257e-11 0 0 0 
Cov(5,j) 0 0 0 0 -4.40257e-11 1.88747e-09 0 0 0 
Cov(6,j) 0 0 0 0 0 0 1.09134e-06 0 0 
Cov(7,j) 0 0 0 0 0 0 0 1.12555e-06 0 
Cov(8,j) 0 0 0 0 0 0 0 0 0.00702087 
EmittanceX 0
EmittanceY 0
BetaStar 0
