Runnumber 353706
BeginTimeOfFit 2022.06.13 10:50:30 GMT 1655117430
EndTimeOfFit 2022.06.13 10:50:53 GMT 1655117453
LumiRange 82 - 82
Type 2
X0 0.171355
Y0 -0.181555
Z0 1.39546
sigmaZ0 6.87102
dxdz 0.000190238
dydz 0.000189876
BeamWidthX 0.0171113
BeamWidthY 0.0164248
dxdy 0.104334
Cov(0,j) 7.71504e-08 2.09799e-10 0 0 0 0 0 0 0 
Cov(1,j) 2.09799e-10 7.67651e-08 0 0 0 0 0 0 0 
Cov(2,j) 0 0 0.247155 0 0 0 0 0 0 
Cov(3,j) 0 0 0 0.123557 0 0 0 0 0 
Cov(4,j) 0 0 0 0 1.48411e-09 -7.30149e-12 0 0 0 
Cov(5,j) 0 0 0 0 -7.30149e-12 1.47708e-09 0 0 0 
Cov(6,j) 0 0 0 0 0 0 8.04288e-07 0 0 
Cov(7,j) 0 0 0 0 0 0 0 7.45266e-07 0 
Cov(8,j) 0 0 0 0 0 0 0 0 0.00536883 
EmittanceX 0
EmittanceY 0
BetaStar 0
