Runnumber 353060
BeginTimeOfFit 2022.06.05 05:44:56 GMT 1654407896
EndTimeOfFit 2022.06.05 05:45:19 GMT 1654407919
LumiRange 168 - 168
Type 2
X0 0.167952
Y0 -0.179842
Z0 0.461406
sigmaZ0 7.0454
dxdz 0.000141979
dydz 0.000144621
BeamWidthX 0.0140133
BeamWidthY 0.014498
dxdy -0.106863
Cov(0,j) 3.85827e-08 -2.60032e-10 0 0 0 0 0 0 0 
Cov(1,j) -2.60032e-10 3.8624e-08 0 0 0 0 0 0 0 
Cov(2,j) 0 0 0.173547 0 0 0 0 0 0 
Cov(3,j) 0 0 0 0.0867637 0 0 0 0 0 
Cov(4,j) 0 0 0 0 7.34329e-10 -1.31134e-11 0 0 0 
Cov(5,j) 0 0 0 0 -1.31134e-11 7.39721e-10 0 0 0 
Cov(6,j) 0 0 0 0 0 0 3.71563e-07 0 0 
Cov(7,j) 0 0 0 0 0 0 0 3.93518e-07 0 
Cov(8,j) 0 0 0 0 0 0 0 0 0.00368027 
EmittanceX 0
EmittanceY 0
BetaStar 0
