Runnumber 352568
BeginTimeOfFit 2022.05.29 10:52:23 GMT 1653821543
EndTimeOfFit 2022.05.29 10:52:46 GMT 1653821566
LumiRange 523 - 523
Type 2
X0 0.17589
Y0 -0.182078
Z0 -0.135149
sigmaZ0 6.76384
dxdz 0.000224257
dydz 0.000139501
BeamWidthX 0.0137109
BeamWidthY 0.0155237
dxdy 0.00703956
Cov(0,j) 1.30828e-07 7.05707e-10 0 0 0 0 0 0 0 
Cov(1,j) 7.05707e-10 1.2526e-07 0 0 0 0 0 0 0 
Cov(2,j) 0 0 0.497187 0 0 0 0 0 0 
Cov(3,j) 0 0 0 0.248493 0 0 0 0 0 
Cov(4,j) 0 0 0 0 2.90038e-09 -8.46749e-11 0 0 0 
Cov(5,j) 0 0 0 0 -8.46749e-11 2.83048e-09 0 0 0 
Cov(6,j) 0 0 0 0 0 0 1.1285e-06 0 0 
Cov(7,j) 0 0 0 0 0 0 0 1.37916e-06 0 
Cov(8,j) 0 0 0 0 0 0 0 0 0.011521 
EmittanceX 0
EmittanceY 0
BetaStar 0
