Runnumber 352509
BeginTimeOfFit 2022.05.28 10:41:16 GMT 1653734476
EndTimeOfFit 2022.05.28 10:41:39 GMT 1653734499
LumiRange 12 - 12
Type 2
X0 0.170437
Y0 -0.181693
Z0 0.251347
sigmaZ0 7.35797
dxdz 4.79178e-05
dydz 0.000116125
BeamWidthX 0.0173207
BeamWidthY 0.0164871
dxdy 0.00124656
Cov(0,j) 7.45185e-08 4.03422e-10 0 0 0 0 0 0 0 
Cov(1,j) 4.03422e-10 7.50924e-08 0 0 0 0 0 0 0 
Cov(2,j) 0 0 0.262789 0 0 0 0 0 0 
Cov(3,j) 0 0 0 0.131372 0 0 0 0 0 
Cov(4,j) 0 0 0 0 1.27697e-09 1.56331e-11 0 0 0 
Cov(5,j) 0 0 0 0 1.56331e-11 1.27567e-09 0 0 0 
Cov(6,j) 0 0 0 0 0 0 7.64103e-07 0 0 
Cov(7,j) 0 0 0 0 0 0 0 6.92758e-07 0 
Cov(8,j) 0 0 0 0 0 0 0 0 0.00510765 
EmittanceX 0
EmittanceY 0
BetaStar 0
