Runnumber 353060
BeginTimeOfFit 2022.06.05 11:43:32 GMT 1654429412
EndTimeOfFit 2022.06.05 11:43:55 GMT 1654429435
LumiRange 1091 - 1091
Type 2
X0 0.16631
Y0 -0.17874
Z0 -0.717602
sigmaZ0 7.77626
dxdz 0.000168986
dydz 0.000222578
BeamWidthX 0.0161292
BeamWidthY 0.0170873
dxdy 0.0373852
Cov(0,j) 1.4842e-07 5.31783e-10 0 0 0 0 0 0 0 
Cov(1,j) 5.31783e-10 1.40877e-07 0 0 0 0 0 0 0 
Cov(2,j) 0 0 0.570354 0 0 0 0 0 0 
Cov(3,j) 0 0 0 0.285079 0 0 0 0 0 
Cov(4,j) 0 0 0 0 2.60881e-09 6.9585e-11 0 0 0 
Cov(5,j) 0 0 0 0 6.9585e-11 2.49748e-09 0 0 0 
Cov(6,j) 0 0 0 0 0 0 1.29768e-06 0 0 
Cov(7,j) 0 0 0 0 0 0 0 1.44117e-06 0 
Cov(8,j) 0 0 0 0 0 0 0 0 0.00985147 
EmittanceX 0
EmittanceY 0
BetaStar 0
