Runnumber 353709
BeginTimeOfFit 2022.06.13 11:50:56 GMT 1655121056
EndTimeOfFit 2022.06.13 11:51:19 GMT 1655121079
LumiRange 38 - 38
Type 2
X0 0.173246
Y0 -0.180228
Z0 0.284736
sigmaZ0 6.81386
dxdz 0.000119615
dydz 0.000131524
BeamWidthX 0.0149836
BeamWidthY 0.0182365
dxdy -0.0709118
Cov(0,j) 8.61694e-08 -2.06029e-09 0 0 0 0 0 0 0 
Cov(1,j) -2.06029e-09 8.66139e-08 0 0 0 0 0 0 0 
Cov(2,j) 0 0 0.281357 0 0 0 0 0 0 
Cov(3,j) 0 0 0 0.140652 0 0 0 0 0 
Cov(4,j) 0 0 0 0 1.64268e-09 -1.54333e-11 0 0 0 
Cov(5,j) 0 0 0 0 -1.54333e-11 1.60338e-09 0 0 0 
Cov(6,j) 0 0 0 0 0 0 7.22337e-07 0 0 
Cov(7,j) 0 0 0 0 0 0 0 1.05324e-06 0 
Cov(8,j) 0 0 0 0 0 0 0 0 0.00629694 
EmittanceX 0
EmittanceY 0
BetaStar 0
