Runnumber 353018
BeginTimeOfFit 2022.06.04 08:25:25 GMT 1654331125
EndTimeOfFit 2022.06.04 08:25:47 GMT 1654331147
LumiRange 313 - 313
Type 2
X0 0.175293
Y0 -0.180212
Z0 0.418948
sigmaZ0 7.60836
dxdz 0.000177376
dydz 0.0001693
BeamWidthX 0.0150237
BeamWidthY 0.0150577
dxdy 0.0747623
Cov(0,j) 4.18252e-08 -2.26278e-10 0 0 0 0 0 0 0 
Cov(1,j) -2.26278e-10 4.08414e-08 0 0 0 0 0 0 0 
Cov(2,j) 0 0 0.190405 0 0 0 0 0 0 
Cov(3,j) 0 0 0 0.0951914 0 0 0 0 0 
Cov(4,j) 0 0 0 0 7.5866e-10 -7.99668e-12 0 0 0 
Cov(5,j) 0 0 0 0 -7.99668e-12 7.6844e-10 0 0 0 
Cov(6,j) 0 0 0 0 0 0 3.94652e-07 0 0 
Cov(7,j) 0 0 0 0 0 0 0 3.97546e-07 0 
Cov(8,j) 0 0 0 0 0 0 0 0 0.00345769 
EmittanceX 0
EmittanceY 0
BetaStar 0
