Runnumber 352567
BeginTimeOfFit 2022.05.29 06:44:53 GMT 1653806693
EndTimeOfFit 2022.05.29 06:45:16 GMT 1653806716
LumiRange 14 - 14
Type 2
X0 0.176536
Y0 -0.181594
Z0 -0.155246
sigmaZ0 6.73857
dxdz 0.000128813
dydz 0.000194133
BeamWidthX 0.0136633
BeamWidthY 0.0131513
dxdy 0.018101
Cov(0,j) 3.48907e-08 3.20404e-10 0 0 0 0 0 0 0 
Cov(1,j) 3.20404e-10 3.4618e-08 0 0 0 0 0 0 0 
Cov(2,j) 0 0 0.145067 0 0 0 0 0 0 
Cov(3,j) 0 0 0 0.0725264 0 0 0 0 0 
Cov(4,j) 0 0 0 0 8.33742e-10 -3.45219e-12 0 0 0 
Cov(5,j) 0 0 0 0 -3.45219e-12 8.29481e-10 0 0 0 
Cov(6,j) 0 0 0 0 0 0 3.22763e-07 0 0 
Cov(7,j) 0 0 0 0 0 0 0 2.99992e-07 0 
Cov(8,j) 0 0 0 0 0 0 0 0 0.00346148 
EmittanceX 0
EmittanceY 0
BetaStar 0
