Runnumber 352493
BeginTimeOfFit 2022.05.28 07:43:17 GMT 1653723797
EndTimeOfFit 2022.05.28 07:43:40 GMT 1653723820
LumiRange 221 - 221
Type 2
X0 0.16947
Y0 -0.181542
Z0 -0.274995
sigmaZ0 6.29466
dxdz 0.00013815
dydz 0.000238088
BeamWidthX 0.015572
BeamWidthY 0.0155105
dxdy 0.0387786
Cov(0,j) 4.15631e-08 -4.13619e-10 0 0 0 0 0 0 0 
Cov(1,j) -4.13619e-10 4.14254e-08 0 0 0 0 0 0 0 
Cov(2,j) 0 0 0.121165 0 0 0 0 0 0 
Cov(3,j) 0 0 0 0.0605773 0 0 0 0 0 
Cov(4,j) 0 0 0 0 8.78578e-10 -5.56065e-12 0 0 0 
Cov(5,j) 0 0 0 0 -5.56065e-12 9.01794e-10 0 0 0 
Cov(6,j) 0 0 0 0 0 0 3.93521e-07 0 0 
Cov(7,j) 0 0 0 0 0 0 0 3.9138e-07 0 
Cov(8,j) 0 0 0 0 0 0 0 0 0.00323304 
EmittanceX 0
EmittanceY 0
BetaStar 0
