Runnumber 352417
BeginTimeOfFit 2022.05.27 08:43:42 GMT 1653641022
EndTimeOfFit 2022.05.27 08:44:06 GMT 1653641046
LumiRange 121 - 121
Type 2
X0 0.169167
Y0 -0.18222
Z0 0.292307
sigmaZ0 7.1426
dxdz 0.000180325
dydz 8.42647e-05
BeamWidthX 0.0132272
BeamWidthY 0.0141548
dxdy 0.0447358
Cov(0,j) 6.89491e-08 1.82351e-10 0 0 0 0 0 0 0 
Cov(1,j) 1.82351e-10 6.66229e-08 0 0 0 0 0 0 0 
Cov(2,j) 0 0 0.386436 0 0 0 0 0 0 
Cov(3,j) 0 0 0 0.19317 0 0 0 0 0 
Cov(4,j) 0 0 0 0 1.53188e-09 1.67848e-12 0 0 0 
Cov(5,j) 0 0 0 0 1.67848e-12 1.40107e-09 0 0 0 
Cov(6,j) 0 0 0 0 0 0 7.11459e-07 0 0 
Cov(7,j) 0 0 0 0 0 0 0 8.07624e-07 0 
Cov(8,j) 0 0 0 0 0 0 0 0 0.00809158 
EmittanceX 0
EmittanceY 0
BetaStar 0
