Runnumber 352425
BeginTimeOfFit 2022.05.27 10:00:53 GMT 1653645653
EndTimeOfFit 2022.05.27 10:01:16 GMT 1653645676
LumiRange 109 - 109
Type 2
X0 0.170232
Y0 -0.181777
Z0 -0.0818365
sigmaZ0 6.28505
dxdz 0.000165828
dydz 0.000240902
BeamWidthX 0.0139025
BeamWidthY 0.0193773
dxdy 0.121764
Cov(0,j) 1.15186e-07 -1.48353e-10 0 0 0 0 0 0 0 
Cov(1,j) -1.48353e-10 1.13497e-07 0 0 0 0 0 0 0 
Cov(2,j) 0 0 0.334722 0 0 0 0 0 0 
Cov(3,j) 0 0 0 0.1673 0 0 0 0 0 
Cov(4,j) 0 0 0 0 2.33024e-09 -3.28611e-11 0 0 0 
Cov(5,j) 0 0 0 0 -3.28611e-11 2.23826e-09 0 0 0 
Cov(6,j) 0 0 0 0 0 0 8.82595e-07 0 0 
Cov(7,j) 0 0 0 0 0 0 0 1.65027e-06 0 
Cov(8,j) 0 0 0 0 0 0 0 0 0.0086609 
EmittanceX 0
EmittanceY 0
BetaStar 0
