Runnumber 352929
BeginTimeOfFit 2022.06.03 11:17:49 GMT 1654255069
EndTimeOfFit 2022.06.03 11:18:12 GMT 1654255092
LumiRange 31 - 31
Type 2
X0 0.168768
Y0 -0.181433
Z0 0.161721
sigmaZ0 7.49509
dxdz 0.000187722
dydz 0.000251373
BeamWidthX 0.0157418
BeamWidthY 0.0157577
dxdy 0.0372743
Cov(0,j) 7.1258e-08 -9.85423e-10 0 0 0 0 0 0 0 
Cov(1,j) -9.85423e-10 7.06413e-08 0 0 0 0 0 0 0 
Cov(2,j) 0 0 0.312055 0 0 0 0 0 0 
Cov(3,j) 0 0 0 0.156001 0 0 0 0 0 
Cov(4,j) 0 0 0 0 1.18756e-09 -1.84905e-11 0 0 0 
Cov(5,j) 0 0 0 0 -1.84905e-11 1.15988e-09 0 0 0 
Cov(6,j) 0 0 0 0 0 0 7.30131e-07 0 0 
Cov(7,j) 0 0 0 0 0 0 0 7.29516e-07 0 
Cov(8,j) 0 0 0 0 0 0 0 0 0.00588077 
EmittanceX 0
EmittanceY 0
BetaStar 0
