Runnumber 353087
BeginTimeOfFit 2022.06.05 15:12:12 GMT 1654441932
EndTimeOfFit 2022.06.05 15:12:35 GMT 1654441955
LumiRange 60 - 60
Type 2
X0 0.172175
Y0 -0.180041
Z0 0.116836
sigmaZ0 6.91146
dxdz 0.000114223
dydz 0.000187358
BeamWidthX 0.0131516
BeamWidthY 0.0138299
dxdy 0.0541023
Cov(0,j) 3.02865e-08 8.13983e-11 0 0 0 0 0 0 0 
Cov(1,j) 8.13983e-11 2.97635e-08 0 0 0 0 0 0 0 
Cov(2,j) 0 0 0.131587 0 0 0 0 0 0 
Cov(3,j) 0 0 0 0.0657874 0 0 0 0 0 
Cov(4,j) 0 0 0 0 6.35187e-10 -1.53452e-12 0 0 0 
Cov(5,j) 0 0 0 0 -1.53452e-12 6.25792e-10 0 0 0 
Cov(6,j) 0 0 0 0 0 0 2.58466e-07 0 0 
Cov(7,j) 0 0 0 0 0 0 0 2.84656e-07 0 
Cov(8,j) 0 0 0 0 0 0 0 0 0.00296039 
EmittanceX 0
EmittanceY 0
BetaStar 0
