Runnumber 352568
BeginTimeOfFit 2022.05.29 08:56:13 GMT 1653814573
EndTimeOfFit 2022.05.29 08:56:36 GMT 1653814596
LumiRange 224 - 224
Type 2
X0 0.17651
Y0 -0.181804
Z0 0.597064
sigmaZ0 6.19668
dxdz 8.79803e-05
dydz 0.000204751
BeamWidthX 0.0151194
BeamWidthY 0.0146483
dxdy 0.0997781
Cov(0,j) 6.31374e-08 9.05146e-10 0 0 0 0 0 0 0 
Cov(1,j) 9.05146e-10 6.34156e-08 0 0 0 0 0 0 0 
Cov(2,j) 0 0 0.196903 0 0 0 0 0 0 
Cov(3,j) 0 0 0 0.0984378 0 0 0 0 0 
Cov(4,j) 0 0 0 0 1.46862e-09 2.77407e-11 0 0 0 
Cov(5,j) 0 0 0 0 2.77407e-11 1.48517e-09 0 0 0 
Cov(6,j) 0 0 0 0 0 0 6.26206e-07 0 0 
Cov(7,j) 0 0 0 0 0 0 0 5.85247e-07 0 
Cov(8,j) 0 0 0 0 0 0 0 0 0.00536707 
EmittanceX 0
EmittanceY 0
BetaStar 0
