Runnumber 352425
BeginTimeOfFit 2022.05.27 10:52:10 GMT 1653648730
EndTimeOfFit 2022.05.27 10:52:33 GMT 1653648753
LumiRange 241 - 241
Type 2
X0 0.170273
Y0 -0.182105
Z0 0.492169
sigmaZ0 6.97119
dxdz 9.84783e-06
dydz 0.000264825
BeamWidthX 0.0162765
BeamWidthY 0.0179844
dxdy -0.0732231
Cov(0,j) 1.26378e-07 1.83641e-10 0 0 0 0 0 0 0 
Cov(1,j) 1.83641e-10 1.19278e-07 0 0 0 0 0 0 0 
Cov(2,j) 0 0 0.379615 0 0 0 0 0 0 
Cov(3,j) 0 0 0 0.189759 0 0 0 0 0 
Cov(4,j) 0 0 0 0 2.48373e-09 5.33745e-12 0 0 0 
Cov(5,j) 0 0 0 0 5.33745e-12 2.18663e-09 0 0 0 
Cov(6,j) 0 0 0 0 0 0 1.10262e-06 0 0 
Cov(7,j) 0 0 0 0 0 0 0 1.32252e-06 0 
Cov(8,j) 0 0 0 0 0 0 0 0 0.00812208 
EmittanceX 0
EmittanceY 0
BetaStar 0
