Runnumber 352568
BeginTimeOfFit 2022.05.29 08:13:52 GMT 1653812032
EndTimeOfFit 2022.05.29 08:14:15 GMT 1653812055
LumiRange 115 - 115
Type 2
X0 0.176114
Y0 -0.181588
Z0 -0.145629
sigmaZ0 7.25796
dxdz 0.000169779
dydz 0.000206835
BeamWidthX 0.0147026
BeamWidthY 0.0144415
dxdy -0.0171024
Cov(0,j) 5.81262e-08 7.79977e-10 0 0 0 0 0 0 0 
Cov(1,j) 7.79977e-10 5.57182e-08 0 0 0 0 0 0 0 
Cov(2,j) 0 0 0.286263 0 0 0 0 0 0 
Cov(3,j) 0 0 0 0.143111 0 0 0 0 0 
Cov(4,j) 0 0 0 0 1.05285e-09 1.95316e-11 0 0 0 
Cov(5,j) 0 0 0 0 1.95316e-11 1.04415e-09 0 0 0 
Cov(6,j) 0 0 0 0 0 0 6.30976e-07 0 0 
Cov(7,j) 0 0 0 0 0 0 0 6.06671e-07 0 
Cov(8,j) 0 0 0 0 0 0 0 0 0.00580486 
EmittanceX 0
EmittanceY 0
BetaStar 0
