Runnumber 353060
BeginTimeOfFit 2022.06.05 11:18:40 GMT 1654427920
EndTimeOfFit 2022.06.05 11:19:03 GMT 1654427943
LumiRange 1027 - 1027
Type 2
X0 0.167547
Y0 -0.180301
Z0 0.119334
sigmaZ0 6.80688
dxdz 0.000110497
dydz 0.000375284
BeamWidthX 0.0169853
BeamWidthY 0.0186147
dxdy 0.00836133
Cov(0,j) 1.51282e-07 -1.73313e-09 0 0 0 0 0 0 0 
Cov(1,j) -1.73313e-09 1.48667e-07 0 0 0 0 0 0 0 
Cov(2,j) 0 0 0.389303 0 0 0 0 0 0 
Cov(3,j) 0 0 0 0.194598 0 0 0 0 0 
Cov(4,j) 0 0 0 0 2.71433e-09 2.32288e-11 0 0 0 
Cov(5,j) 0 0 0 0 2.32288e-11 2.74036e-09 0 0 0 
Cov(6,j) 0 0 0 0 0 0 1.27802e-06 0 0 
Cov(7,j) 0 0 0 0 0 0 0 1.5176e-06 0 
Cov(8,j) 0 0 0 0 0 0 0 0 0.00879147 
EmittanceX 0
EmittanceY 0
BetaStar 0
