Runnumber 352568
BeginTimeOfFit 2022.05.29 10:57:49 GMT 1653821869
EndTimeOfFit 2022.05.29 10:58:13 GMT 1653821893
LumiRange 537 - 537
Type 2
X0 0.176095
Y0 -0.180959
Z0 0.0464838
sigmaZ0 6.22352
dxdz 0.000260086
dydz 0.000146149
BeamWidthX 0.0132471
BeamWidthY 0.0157525
dxdy 0.128778
Cov(0,j) 7.0994e-08 1.24938e-09 0 0 0 0 0 0 0 
Cov(1,j) 1.24938e-09 6.99456e-08 0 0 0 0 0 0 0 
Cov(2,j) 0 0 0.254793 0 0 0 0 0 0 
Cov(3,j) 0 0 0 0.12739 0 0 0 0 0 
Cov(4,j) 0 0 0 0 1.58835e-09 -8.34956e-12 0 0 0 
Cov(5,j) 0 0 0 0 -8.34956e-12 1.57016e-09 0 0 0 
Cov(6,j) 0 0 0 0 0 0 6.3239e-07 0 0 
Cov(7,j) 0 0 0 0 0 0 0 8.6404e-07 0 
Cov(8,j) 0 0 0 0 0 0 0 0 0.00681683 
EmittanceX 0
EmittanceY 0
BetaStar 0
