Runnumber 353709
BeginTimeOfFit 2022.06.13 12:14:38 GMT 1655122478
EndTimeOfFit 2022.06.13 12:15:01 GMT 1655122501
LumiRange 99 - 99
Type 2
X0 0.172244
Y0 -0.17962
Z0 1.26552
sigmaZ0 7.08216
dxdz 0.000106182
dydz 0.000177419
BeamWidthX 0.0169571
BeamWidthY 0.0166346
dxdy 0.0384513
Cov(0,j) 9.68663e-08 2.08699e-10 0 0 0 0 0 0 0 
Cov(1,j) 2.08699e-10 9.33082e-08 0 0 0 0 0 0 0 
Cov(2,j) 0 0 0.355677 0 0 0 0 0 0 
Cov(3,j) 0 0 0 0.177797 0 0 0 0 0 
Cov(4,j) 0 0 0 0 1.77555e-09 3.03866e-11 0 0 0 
Cov(5,j) 0 0 0 0 3.03866e-11 1.74314e-09 0 0 0 
Cov(6,j) 0 0 0 0 0 0 1.06629e-06 0 0 
Cov(7,j) 0 0 0 0 0 0 0 1.03517e-06 0 
Cov(8,j) 0 0 0 0 0 0 0 0 0.00742584 
EmittanceX 0
EmittanceY 0
BetaStar 0
