Runnumber 353060
BeginTimeOfFit 2022.06.05 09:31:03 GMT 1654421463
EndTimeOfFit 2022.06.05 09:31:26 GMT 1654421486
LumiRange 750 - 750
Type 2
X0 0.166648
Y0 -0.180596
Z0 -0.00509583
sigmaZ0 7.01234
dxdz 0.000151371
dydz 0.000195377
BeamWidthX 0.0150985
BeamWidthY 0.0177202
dxdy 0.144351
Cov(0,j) 9.32558e-08 1.18149e-09 0 0 0 0 0 0 0 
Cov(1,j) 1.18149e-09 9.16116e-08 0 0 0 0 0 0 0 
Cov(2,j) 0 0 0.309229 0 0 0 0 0 0 
Cov(3,j) 0 0 0 0.154576 0 0 0 0 0 
Cov(4,j) 0 0 0 0 1.54996e-09 2.78969e-11 0 0 0 
Cov(5,j) 0 0 0 0 2.78969e-11 1.54495e-09 0 0 0 
Cov(6,j) 0 0 0 0 0 0 7.60501e-07 0 0 
Cov(7,j) 0 0 0 0 0 0 0 1.03753e-06 0 
Cov(8,j) 0 0 0 0 0 0 0 0 0.00635998 
EmittanceX 0
EmittanceY 0
BetaStar 0
