Runnumber 353706
BeginTimeOfFit 2022.06.13 10:53:36 GMT 1655117616
EndTimeOfFit 2022.06.13 10:54:00 GMT 1655117640
LumiRange 90 - 90
Type 2
X0 0.171315
Y0 -0.181151
Z0 0.946149
sigmaZ0 7.39639
dxdz 0.000126009
dydz 0.00016678
BeamWidthX 0.0168501
BeamWidthY 0.0169924
dxdy 0.00545845
Cov(0,j) 7.54399e-08 -1.38893e-09 0 0 0 0 0 0 0 
Cov(1,j) -1.38893e-09 7.45675e-08 0 0 0 0 0 0 0 
Cov(2,j) 0 0 0.279087 0 0 0 0 0 0 
Cov(3,j) 0 0 0 0.139519 0 0 0 0 0 
Cov(4,j) 0 0 0 0 1.40438e-09 -2.30755e-11 0 0 0 
Cov(5,j) 0 0 0 0 -2.30755e-11 1.3803e-09 0 0 0 
Cov(6,j) 0 0 0 0 0 0 7.69285e-07 0 0 
Cov(7,j) 0 0 0 0 0 0 0 7.72512e-07 0 
Cov(8,j) 0 0 0 0 0 0 0 0 0.00538593 
EmittanceX 0
EmittanceY 0
BetaStar 0
