Runnumber 353015
BeginTimeOfFit 2022.06.04 05:16:34 GMT 1654319794
EndTimeOfFit 2022.06.04 05:16:57 GMT 1654319817
LumiRange 237 - 237
Type 2
X0 0.175882
Y0 -0.178589
Z0 -0.366954
sigmaZ0 6.96143
dxdz 0.000109963
dydz 0.000209925
BeamWidthX 0.0143275
BeamWidthY 0.0156855
dxdy -0.00743464
Cov(0,j) 3.35774e-08 -2.57409e-10 0 0 0 0 0 0 0 
Cov(1,j) -2.57409e-10 3.28841e-08 0 0 0 0 0 0 0 
Cov(2,j) 0 0 0.130267 0 0 0 0 0 0 
Cov(3,j) 0 0 0 0.0651278 0 0 0 0 0 
Cov(4,j) 0 0 0 0 6.85625e-10 -3.03762e-12 0 0 0 
Cov(5,j) 0 0 0 0 -3.03762e-12 6.50566e-10 0 0 0 
Cov(6,j) 0 0 0 0 0 0 2.94252e-07 0 0 
Cov(7,j) 0 0 0 0 0 0 0 3.50618e-07 0 
Cov(8,j) 0 0 0 0 0 0 0 0 0.00286401 
EmittanceX 0
EmittanceY 0
BetaStar 0
