Runnumber 352568
BeginTimeOfFit 2022.05.29 08:37:11 GMT 1653813431
EndTimeOfFit 2022.05.29 08:37:34 GMT 1653813454
LumiRange 175 - 175
Type 2
X0 0.176863
Y0 -0.181988
Z0 0.259908
sigmaZ0 6.95709
dxdz 0.000107622
dydz 0.000198557
BeamWidthX 0.0134457
BeamWidthY 0.0146784
dxdy 0.0348021
Cov(0,j) 5.90996e-08 1.19187e-09 0 0 0 0 0 0 0 
Cov(1,j) 1.19187e-09 5.98673e-08 0 0 0 0 0 0 0 
Cov(2,j) 0 0 0.279746 0 0 0 0 0 0 
Cov(3,j) 0 0 0 0.139848 0 0 0 0 0 
Cov(4,j) 0 0 0 0 1.05253e-09 -4.96368e-12 0 0 0 
Cov(5,j) 0 0 0 0 -4.96368e-12 1.05875e-09 0 0 0 
Cov(6,j) 0 0 0 0 0 0 5.66301e-07 0 0 
Cov(7,j) 0 0 0 0 0 0 0 6.80589e-07 0 
Cov(8,j) 0 0 0 0 0 0 0 0 0.00622375 
EmittanceX 0
EmittanceY 0
BetaStar 0
