Runnumber 352568
BeginTimeOfFit 2022.05.29 09:24:58 GMT 1653816298
EndTimeOfFit 2022.05.29 09:25:21 GMT 1653816321
LumiRange 298 - 298
Type 2
X0 0.176714
Y0 -0.181401
Z0 0.203221
sigmaZ0 6.62086
dxdz 0.000156618
dydz 0.000256298
BeamWidthX 0.0155589
BeamWidthY 0.0136754
dxdy 0.0815614
Cov(0,j) 6.60517e-08 1.61609e-10 0 0 0 0 0 0 0 
Cov(1,j) 1.61609e-10 6.5067e-08 0 0 0 0 0 0 0 
Cov(2,j) 0 0 0.240835 0 0 0 0 0 0 
Cov(3,j) 0 0 0 0.120398 0 0 0 0 0 
Cov(4,j) 0 0 0 0 1.59605e-09 -3.20013e-12 0 0 0 
Cov(5,j) 0 0 0 0 -3.20013e-12 1.59927e-09 0 0 0 
Cov(6,j) 0 0 0 0 0 0 7.09068e-07 0 0 
Cov(7,j) 0 0 0 0 0 0 0 5.53356e-07 0 
Cov(8,j) 0 0 0 0 0 0 0 0 0.00578086 
EmittanceX 0
EmittanceY 0
BetaStar 0
