Runnumber 353060
BeginTimeOfFit 2022.06.05 12:12:17 GMT 1654431137
EndTimeOfFit 2022.06.05 12:12:40 GMT 1654431160
LumiRange 1165 - 1165
Type 2
X0 0.166365
Y0 -0.18188
Z0 0.62017
sigmaZ0 7.34904
dxdz 0.000132148
dydz 0.000170114
BeamWidthX 0.0191344
BeamWidthY 0.0167066
dxdy -0.0909102
Cov(0,j) 1.90481e-07 1.09182e-10 0 0 0 0 0 0 0 
Cov(1,j) 1.09182e-10 1.7843e-07 0 0 0 0 0 0 0 
Cov(2,j) 0 0 0.534632 0 0 0 0 0 0 
Cov(3,j) 0 0 0 0.267225 0 0 0 0 0 
Cov(4,j) 0 0 0 0 3.46117e-09 -1.21973e-11 0 0 0 
Cov(5,j) 0 0 0 0 -1.21973e-11 3.25291e-09 0 0 0 
Cov(6,j) 0 0 0 0 0 0 1.87819e-06 0 0 
Cov(7,j) 0 0 0 0 0 0 0 1.44988e-06 0 
Cov(8,j) 0 0 0 0 0 0 0 0 0.010139 
EmittanceX 0
EmittanceY 0
BetaStar 0
